34.883 39.947 0.135
33.818 39.412 1.984
18.279 26.724 0.116
9.977 50.448 0.883
26.765 33.665 1.391
28.433 47.051 0.825
3.536 51.957 1.595
27.673 30.366 0.748
27.227 40.837 1.324
35.022 41.841 1.107
19.741 22.582 0.316
9.304 13.433 0.583
33.291 46.600 1.434
30.880 32.943 1.680
38.600 52.849 1.325
8.588 47.647 0.355
48.439 50.441 1.150
43.594 51.519 0.374
9.601 28.944 0.913
19.115 33.737 1.636
13.283 22.487 0.898
28.860 43.510 0.409
39.984 47.850 1.770
21.944 50.435 1.645
1.599 43.613 1.329
34.350 37.183 0.485
1.720 46.039 0.893
2.841 45.202 0.923
36.343 41.597 0.143
23.041 30.424 1.733
32.771 39.650 0.193
25.071 43.346 0.356
5.397 31.866 0.954
4.466 49.348 1.711
24.737 48.051 0.717
18.697 41.088 0.201
31.716 39.603 1.619
47.304 51.752 0.644
14.145 25.587 0.455
22.326 31.295 0.833
27.528 50.001 0.487
21.741 49.194 0.094
19.526 27.434 0.629
38.227 49.544 1.876
37.330 45.267 1.987
45.100 47.441 1.231
41.478 46.417 0.446
36.773 46.801 1.424
49.335 52.803 0.005
29.069 39.865 0.917
17.911 39.409 1.209
21.123 24.436 0.027
30.053 33.045 0.483
2.080 12.537 0.771
1.660 16.453 1.761
38.116 39.529 1.133
11.718 47.042 1.683
5.191 39.583 1.411
2.629 47.916 0.175
46.271 49.895 0.681
37.225 40.722 1.538
34.956 43.270 1.063
11.696 17.207 1.635
26.872 48.860 1.515
42.276 48.421 0.547
31.692 45.135 0.715
48.532 52.697 1.446
49.051 50.450 1.333
29.427 38.410 1.642
36.613 44.142 1.015
0.531 29.907 1.116
24.805 35.380 1.826
13.706 29.374 1.459
16.228 52.678 1.090
45.056 47.403 0.436
14.905 21.063 1.723
44.513 52.063 0.464
27.483 51.676 0.481
22.144 24.120 1.501
21.609 32.410 1.418
33.457 36.857 0.360
22.039 50.629 0.378
49.927 51.776 1.617
29.134 39.874 1.858
42.869 45.770 0.219
13.164 27.601 1.343
49.876 52.212 1.013
27.828 42.835 1.395
14.615 52.899 1.767
3.667 14.534 1.712
24.126 42.870 0.319
32.952 49.477 1.283
43.953 51.958 1.282
48.282 50.194 1.852
2.022 45.870 1.728
34.046 45.379 1.503
28.071 44.295 0.509
48.973 52.380 0.479
48.100 50.931 0.788
35.791 50.181 1.609
44.053 45.164 0.060
6.603 11.680 0.208
48.671 52.094 0.761
26.308 31.142 0.283
35.897 45.516 1.722
27.358 47.357 0.531
19.218 46.192 0.488
33.856 48.575 0.283
15.322 30.418 1.106
7.416 15.436 1.404
49.777 52.650 1.690
7.808 36.125 0.471
6.017 22.009 1.092
44.269 51.110 1.643
30.485 33.042 0.656
34.931 41.896 1.614
36.047 43.215 1.486
48.138 49.531 1.303
24.508 33.574 0.238
26.812 40.743 1.641
8.086 25.026 1.346
1.933 5.295 0.229
30.505 35.345 1.109
39.439 41.700 1.043
2.168 13.927 1.398
43.182 52.314 1.980
1.833 40.829 0.203
10.840 49.151 0.108
40.652 45.549 0.995
16.358 47.769 1.297
14.687 35.847 1.295
27.732 36.254 0.670
20.064 26.647 1.038
19.079 33.595 0.307
2.345 16.493 1.637
7.097 41.144 0.074
39.547 52.686 1.323
40.565 43.407 1.663
47.714 50.681 1.602
3.658 38.553 0.026
30.560 52.511 1.718
15.842 47.497 1.787
1.363 4.195 1.274
29.151 31.320 0.030
17.541 20.512 1.636
44.087 45.018 0.415
17.241 27.183 0.909
44.365 48.049 0.095
14.212 43.031 1.231
44.584 49.705 1.640
23.252 36.007 1.215
9.862 43.063 0.397
35.231 39.215 0.747
48.708 51.486 0.617
18.873 34.974 0.392
6.343 13.936 0.589
27.830 42.120 1.472
1.382 18.220 1.142
17.023 31.738 1.852
10.564 51.440 0.434
3.200 19.785 0.722
20.457 46.152 0.275
22.356 48.633 1.580
37.756 43.298 0.472
22.245 42.719 0.302
37.407 42.665 1.208
13.160 47.778 1.050
36.496 37.149 0.380
15.415 38.099 0.872
17.850 41.008 0.548
19.057 33.418 0.657
46.960 50.946 1.734
41.336 46.648 1.666
35.267 42.806 1.228
11.707 35.437 1.577
8.473 23.548 0.853
13.863 17.841 1.993
46.384 52.378 1.206
0.664 25.287 1.019
27.338 47.267 0.410
2.306 21.873 1.961
41.652 46.398 1.156
1.611 22.320 0.783
40.831 46.245 1.501
34.465 51.387 0.861
19.269 47.247 1.342
19.149 32.879 0.078
38.343 43.592 0.858
7.201 47.935 0.652
6.175 39.618 0.841
11.301 39.414 0.530
25.588 49.107 0.898
34.213 42.506 0.973
24.439 39.481 1.334
27.978 32.575 0.317
42.801 46.229 1.282
35.688 43.315 1.140
26.516 49.621 0.618
40.521 50.453 1.372
22.889 24.834 1.694
49.574 51.805 1.539
47.777 52.217 0.057
4.573 17.507 0.592
0.464 17.617 0.503
19.073 49.915 1.879
49.763 51.734 1.140
23.424 39.362 0.984
7.680 51.779 1.013
36.138 41.279 0.724
2.609 51.415 1.341
4.030 23.667 1.693
17.829 52.933 1.984
45.578 52.392 1.745
30.049 38.809 0.466
22.907 28.945 0.843
22.637 32.542 0.102
39.517 41.702 1.140
15.464 38.519 1.682
44.066 51.083 0.140
4.172 27.631 1.103
46.864 52.706 1.647
42.409 51.773 0.397
6.188 7.986 1.154
37.344 49.210 1.226
47.490 51.401 1.590
18.039 41.225 1.205
21.236 26.224 0.245
33.871 51.120 1.679
15.804 47.973 0.403
2.896 35.711 0.060
1.654 31.012 0.036
13.727 43.926 1.822
23.405 37.029 1.059
45.465 52.529 1.876
8.402 15.629 0.413
14.943 43.445 1.740
5.507 34.619 0.850
44.961 51.540 0.747
36.941 45.497 0.946
27.734 46.077 1.894
20.824 45.612 0.953
40.783 51.326 0.959
33.432 46.109 1.699
13.871 23.741 0.551
9.592 37.049 0.215
2.051 36.970 1.998
8.264 11.264 0.360
47.259 51.452 0.662
29.427 40.811 1.599
15.694 36.009 1.729
