1.014 4.559 1.248
1.916 6.848 0.735
4.814 7.782 1.614
3.667 8.629 1.596
0.869 4.894 1.260
1.522 7.957 0.273
0.397 5.695 0.856
1.814 4.284 1.096
1.868 7.673 0.221
0.808 7.385 0.568
5.371 8.475 1.579
3.691 8.343 0.722
1.371 4.452 1.727
1.497 8.903 1.085
0.323 4.953 0.163
2.561 4.368 0.189
5.349 6.282 0.466
0.751 3.125 1.863
0.283 3.293 0.117
5.488 7.460 0.797
5.677 8.232 1.674
5.053 7.458 1.387
1.555 5.472 0.009
5.729 7.123 0.797
3.513 7.428 0.510
5.672 8.730 0.871
0.043 6.181 1.882
4.717 6.316 1.153
1.334 2.129 0.766
2.508 6.848 0.164
