0.088 15.091 1.127
56.612 65.085 1.170
24.520 64.729 1.792
52.262 70.124 0.348
49.735 57.522 1.027
1.049 27.388 0.183
10.312 72.284 0.332
31.198 31.631 0.238
0.624 39.457 0.756
39.983 60.503 1.204
11.636 40.027 1.326
24.649 54.076 0.114
54.832 65.048 1.605
21.137 59.303 1.752
66.913 71.049 1.851
9.964 25.505 0.924
60.357 70.307 0.419
59.056 72.996 1.994
42.805 51.419 0.785
20.810 23.689 1.680
26.311 57.989 0.185
3.935 67.393 0.018
19.312 51.101 0.546
48.383 66.725 1.675
33.946 63.097 0.411
32.792 71.002 0.916
52.111 64.711 0.217
26.966 55.574 1.470
40.068 45.672 0.723
15.757 61.884 0.850
36.197 64.348 1.980
24.189 56.389 0.338
34.433 61.459 0.127
35.336 71.116 0.295
9.910 54.181 1.810
21.213 25.651 0.853
67.663 69.638 1.366
61.408 68.842 1.643
13.395 62.169 0.356
33.269 53.444 0.311
51.241 57.909 0.811
39.812 65.230 1.364
50.534 54.131 0.951
25.747 29.016 1.669
36.191 52.641 1.326
7.327 67.986 1.899
38.468 55.123 0.692
26.249 42.220 1.694
31.927 72.310 0.544
20.846 51.072 1.478
13.719 63.726 1.523
27.836 68.149 1.002
1.923 43.471 1.989
3.536 17.873 1.063
59.013 68.640 1.254
13.850 22.621 1.684
7.695 29.225 1.486
65.875 68.651 0.572
9.818 62.794 1.466
49.560 67.378 1.200
17.691 18.069 0.289
4.270 63.109 1.612
14.740 47.073 0.231
0.998 33.848 0.228
52.655 64.338 1.372
5.172 19.566 0.873
48.735 59.659 0.581
16.270 47.023 1.156
44.008 58.783 0.320
67.413 72.685 1.392
13.296 24.497 0.672
69.662 72.995 0.915
6.825 14.204 1.250
30.641 34.465 1.863
62.623 65.430 0.580
53.835 58.361 0.821
43.965 57.740 1.208
32.645 58.696 1.196
59.836 68.682 1.658
50.464 59.625 1.132
12.899 46.919 1.476
63.356 65.572 0.486
42.331 60.841 1.397
24.591 29.392 0.989
51.852 65.437 1.224
48.379 53.419 1.609
40.323 70.263 1.735
43.029 45.717 1.455
46.744 56.353 1.953
39.844 46.116 0.612
7.599 63.528 1.738
52.102 59.142 0.310
5.554 48.841 0.153
57.400 64.994 1.090
28.628 49.605 0.597
35.084 47.539 0.305
51.660 69.410 0.628
67.135 71.868 1.747
21.004 29.267 1.888
4.602 41.229 1.570
42.675 46.640 1.912
61.295 65.952 1.308
7.336 23.028 1.010
20.320 50.181 1.840
46.396 59.616 0.229
26.539 63.605 0.994
35.648 61.591 0.765
37.251 52.112 1.213
0.412 8.989 1.416
43.615 58.935 1.726
52.314 60.793 0.994
54.975 62.123 1.106
66.900 69.016 1.262
26.197 61.052 0.263
66.620 67.988 1.224
23.089 55.033 0.112
9.214 64.575 1.694
41.782 68.652 1.443
1.028 52.051 0.253
43.200 45.572 0.435
11.824 33.507 1.248
22.358 56.082 0.735
56.167 65.794 1.614
42.777 70.155 1.596
10.137 36.187 1.260
17.759 65.040 0.273
4.631 44.196 0.856
21.160 33.702 1.096
21.794 63.213 0.221
9.430 59.651 0.568
62.666 70.757 1.579
43.066 68.813 0.722
15.994 30.405 1.727
17.468 72.174 1.085
3.766 40.169 0.163
29.876 41.177 0.189
62.408 64.357 0.466
8.757 15.617 1.863
3.296 26.823 0.117
64.029 68.364 0.797
66.232 70.627 1.674
58.947 65.371 1.387
18.141 46.979 0.009
66.836 68.927 0.797
40.989 63.046 0.510
66.170 72.346 0.871
0.502 44.863 1.882
55.031 58.579 1.153
15.563 16.571 0.766
29.254 58.179 0.164
59.857 70.541 0.130
46.345 68.014 1.383
37.110 43.409 1.371
48.265 67.826 1.456
2.175 48.441 1.737
49.460 62.530 0.171
66.353 68.266 0.118
10.162 49.867 1.964
20.457 40.935 1.845
48.618 52.789 0.437
16.838 67.614 1.043
7.449 37.413 1.805
5.608 18.480 1.564
68.208 72.580 1.552
14.745 15.873 0.913
52.544 60.959 0.228
21.780 25.664 1.985
17.646 31.641 0.379
10.746 66.006 1.241
65.736 71.486 0.391
45.189 70.593 1.314
31.882 59.810 1.843
10.553 46.667 1.273
29.543 53.901 1.886
40.500 49.596 1.073
27.787 30.117 0.701
55.668 57.251 0.393
27.259 31.601 1.181
13.837 52.069 0.312
31.803 60.897 1.209
30.891 48.414 1.369
58.500 62.342 1.184
66.462 70.089 1.752
69.122 72.634 0.371
40.211 61.110 0.884
49.596 56.350 0.099
18.214 67.350 0.815
49.714 70.731 1.457
27.550 68.707 0.795
21.602 51.262 0.776
24.749 61.087 1.467
51.547 55.808 1.479
14.012 54.324 0.545
63.779 68.907 0.736
7.656 22.372 1.815
36.257 53.105 1.310
48.135 50.280 0.181
5.304 29.378 0.056
21.506 30.049 1.395
27.639 58.335 0.136
50.746 66.312 0.397
43.100 59.963 1.310
6.881 11.199 1.091
68.220 72.884 0.928
50.951 66.282 1.062
48.496 58.474 0.744
3.497 16.627 1.620
4.258 58.318 0.621
14.873 43.377 0.644
0.641 37.822 0.880
42.416 55.591 1.517
24.486 70.299 1.685
43.632 47.090 1.995
39.400 53.454 1.727
21.448 23.378 0.568
42.880 44.208 0.782
2.173 63.067 0.911
65.574 71.194 0.804
42.811 69.441 1.617
40.782 44.424 1.190
55.522 66.224 0.924
41.260 67.371 1.138
47.093 48.038 0.687
18.712 31.836 0.683
53.971 70.621 0.743
8.180 49.485 1.451
62.576 68.329 0.366
63.140 72.711 1.560
13.815 61.376 1.803
66.738 72.499 1.698
44.010 62.037 0.371
18.549 58.552 0.501
55.168 67.996 0.342
33.666 65.422 0.163
59.874 64.083 0.249
40.132 65.404 0.946
13.431 72.711 1.456
1.075 51.221 1.295
12.190 29.015 0.144
47.364 62.378 1.678
25.986 38.114 1.559
44.676 50.840 0.463
67.973 68.638 0.563
53.845 55.034 0.304
0.647 47.482 0.697
24.027 44.909 0.829
6.347 53.283 1.090
23.659 67.057 1.315
37.483 40.479 1.140
32.604 50.143 0.520
60.434 62.420 0.973
39.607 65.917 1.419
60.496 65.362 1.701
60.506 70.164 1.290
58.005 71.275 1.531
63.583 69.371 1.825
30.812 45.886 0.215
57.614 60.937 0.855
0.060 56.781 1.315
4.461 31.004 0.180
47.872 53.110 1.615
10.000 31.870 0.097
1.299 48.424 1.957
3.756 48.560 1.828
30.220 40.630 0.042
27.436 63.347 1.308
1.598 12.906 1.652
44.399 72.546 1.101
32.440 44.937 0.430
54.751 63.877 0.685
42.561 72.529 0.205
52.907 62.242 0.302
49.814 68.243 1.997
44.916 71.553 1.242
48.171 62.504 0.580
20.327 58.165 1.096
17.251 45.269 1.093
66.644 71.822 1.340
43.636 67.270 0.892
52.188 58.019 1.978
44.063 61.917 1.820
64.288 69.068 1.011
31.480 70.631 1.779
12.805 25.427 0.504
51.134 65.508 1.882
2.895 6.553 1.283
38.945 54.748 1.089
4.296 14.811 1.992
42.064 47.493 0.101
46.217 55.134 0.665
45.751 57.870 0.821
15.514 26.213 1.357
34.828 65.670 1.015
30.455 44.904 0.009
26.313 64.983 0.257
51.331 65.907 1.782
45.542 65.969 1.029
51.602 62.593 1.914
25.428 68.486 0.224
57.486 59.982 0.910
60.861 62.799 1.523
29.167 33.882 1.872
11.540 19.099 0.423
41.378 61.019 0.237
40.607 64.675 1.381
64.095 67.693 1.339
56.620 72.961 0.756
54.076 57.643 0.409
27.178 53.952 0.362
13.694 26.532 1.920
26.721 32.847 0.608
13.871 59.491 0.092
53.273 55.067 1.762
31.404 64.914 0.853
32.294 63.046 0.990
16.695 22.932 1.119
64.542 72.046 1.788
4.174 48.036 0.982
52.305 58.723 1.512
63.694 66.819 1.584
38.699 56.659 0.102
55.326 57.125 1.408
51.222 71.227 1.107
61.288 65.972 1.594
27.646 30.944 0.964
45.638 66.668 0.002
52.933 56.410 0.439
4.027 7.579 1.341
24.211 63.434 1.396
30.538 58.240 1.963
20.671 66.545 0.954
5.550 15.384 0.202
10.011 30.726 1.836
26.167 29.903 1.628
56.994 71.415 0.480
17.956 29.832 0.539
16.056 66.085 1.692
62.138 69.416 1.690
2.863 16.034 0.347
24.913 34.545 0.899
62.613 68.853 1.246
63.818 70.808 1.045
69.953 72.853 1.939
58.814 64.309 0.293
19.906 71.615 0.342
51.927 53.967 1.433
45.153 66.075 1.625
57.272 68.649 0.249
26.255 69.157 1.300
62.277 70.586 0.064
