0.138 22.864 1.127
88.961 101.105 1.170
38.532 100.125 1.792
82.127 108.694 0.348
78.155 89.463 1.027
1.648 42.347 0.183
16.204 111.893 0.332
49.026 49.562 0.238
0.980 60.891 0.756
62.830 93.764 1.204
18.286 61.710 1.326
38.733 83.909 0.114
86.165 100.887 1.605
33.215 91.672 1.752
105.149 110.236 1.851
15.657 39.271 0.924
94.846 109.092 0.419
92.802 112.994 1.994
67.265 80.016 0.785
32.701 36.248 1.680
41.345 89.930 0.185
6.184 104.327 0.018
30.348 79.165 0.546
76.030 103.347 1.675
53.343 97.817 0.411
51.531 109.921 0.916
81.888 100.612 0.217
42.376 85.958 1.470
62.965 71.161 0.723
24.761 95.774 0.850
56.882 99.549 1.980
38.012 87.418 0.338
54.109 95.357 0.127
55.529 110.117 0.295
15.573 83.635 1.810
33.335 39.735 0.853
106.327 108.507 1.366
96.498 106.790 1.643
21.049 96.256 0.356
52.279 83.032 0.311
80.522 90.186 0.811
62.562 101.019 1.364
79.411 84.376 0.951
40.459 44.616 1.669
56.872 81.556 1.326
11.515 105.171 1.899
60.450 85.605 0.692
41.248 65.141 1.694
50.171 111.939 0.544
32.758 78.917 1.478
21.559 98.563 1.523
43.742 105.503 1.002
3.021 66.844 1.989
5.556 27.264 1.063
92.735 106.491 1.254
21.764 34.492 1.684
12.092 44.803 1.486
103.518 107.086 0.572
15.429 97.106 1.466
77.880 104.426 1.200
27.800 28.226 0.289
6.711 97.573 1.612
23.164 72.965 0.231
1.568 52.339 0.228
82.744 99.813 1.372
8.127 30.003 0.873
76.584 92.814 0.581
25.567 72.672 1.156
69.155 91.418 0.320
105.935 112.573 1.392
20.894 37.873 0.672
109.470 112.995 0.915
10.726 21.512 1.250
48.150 53.064 1.863
98.408 102.173 0.580
84.597 90.989 0.821
69.088 89.582 1.208
51.299 90.899 1.196
94.027 106.503 1.658
79.300 92.649 1.132
20.270 72.404 1.476
99.560 102.493 0.486
66.520 94.273 1.397
38.643 45.530 0.989
81.482 101.500 1.224
76.023 82.906 1.609
63.364 108.764 1.735
67.617 70.971 1.455
73.455 87.250 1.953
62.612 71.881 0.612
11.941 98.223 1.738
81.875 92.259 0.310
8.728 75.619 0.153
90.200 101.022 1.090
44.988 76.971 0.597
55.133 74.033 0.305
81.180 107.594 0.628
105.498 111.418 1.747
33.006 44.832 1.888
7.231 63.462 1.570
67.060 72.154 1.912
96.320 102.580 1.308
11.528 35.352 1.010
31.932 77.440 1.840
72.908 92.771 0.229
41.704 98.473 0.994
56.019 95.470 0.765
58.537 80.793 1.213
0.648 13.226 1.416
68.537 91.269 1.726
82.207 94.528 0.994
86.390 96.603 1.106
105.129 107.558 1.262
41.167 94.627 0.263
104.689 106.110 1.224
36.283 85.362 0.112
14.479 99.862 1.694
65.657 106.297 1.443
1.615 80.539 0.253
67.886 71.268 0.435
18.581 51.599 1.248
35.135 86.853 0.735
88.263 102.052 1.614
67.221 108.608 1.596
15.929 55.745 1.260
27.907 100.717 0.273
7.278 68.259 0.856
33.251 52.089 1.096
34.248 97.925 0.221
14.818 92.317 0.568
98.475 109.683 1.579
67.674 106.606 0.722
25.134 46.625 1.727
27.450 111.719 1.085
5.918 62.179 0.163
46.948 64.183 0.189
98.069 100.655 0.466
13.760 23.425 1.863
5.180 41.529 0.117
100.617 106.428 0.797
104.078 109.624 1.674
92.631 101.567 1.387
28.508 72.920 0.009
105.028 107.555 0.797
64.411 97.808 0.510
103.981 112.106 0.871
0.789 69.039 1.882
86.477 91.244 1.153
24.456 25.597 0.766
45.971 90.262 0.164
94.061 109.446 0.130
72.828 105.347 1.383
58.315 67.298 1.371
75.846 105.065 1.456
3.417 74.663 1.737
77.722 97.272 0.171
104.270 106.755 0.118
15.969 76.873 1.964
32.147 63.030 1.845
76.399 82.475 0.437
26.460 104.645 1.043
11.706 57.458 1.805
8.812 28.006 1.564
107.183 112.447 1.552
23.170 24.417 0.913
82.570 95.021 0.228
34.225 39.172 1.985
27.729 49.134 0.379
16.886 102.125 1.241
103.299 110.949 0.391
71.011 109.305 1.314
50.100 92.495 1.843
16.584 72.044 1.273
46.424 83.280 1.886
63.643 77.042 1.073
43.665 46.879 0.701
87.478 89.637 0.393
42.836 48.910 1.181
21.744 80.654 0.312
49.976 94.291 1.209
48.543 74.928 1.369
91.929 97.083 1.184
104.441 108.859 1.752
108.620 112.582 0.371
63.189 94.767 0.884
77.937 88.021 0.099
28.622 104.253 0.815
78.122 109.526 1.457
43.292 106.375 0.795
33.946 79.386 0.776
38.891 94.502 1.467
81.002 86.733 1.479
22.019 84.100 0.545
100.224 107.193 0.736
12.032 33.982 1.815
56.976 82.279 1.310
75.641 78.780 0.181
8.336 45.536 0.056
33.795 46.291 1.395
43.433 90.486 0.136
79.743 102.946 0.397
67.728 92.953 1.310
10.813 16.920 1.091
107.204 112.854 0.928
80.065 102.798 1.062
76.208 90.961 0.744
5.495 25.069 1.620
6.691 90.222 0.621
23.372 67.143 0.644
1.007 58.317 0.880
66.654 86.151 1.517
38.478 108.799 1.685
68.564 72.828 1.995
61.914 82.731 1.727
33.705 36.375 0.568
67.382 68.999 0.782
3.414 97.561 0.911
103.044 110.504 0.804
67.275 107.505 1.617
64.086 69.047 1.190
87.249 102.837 0.924
64.838 104.351 1.138
74.003 75.081 0.687
29.404 49.331 0.683
84.812 109.429 0.743
12.854 76.377 1.451
98.334 106.359 0.366
99.221 112.575 1.560
21.710 94.872 1.803
104.874 112.295 1.698
69.158 96.348 0.371
29.149 90.679 0.501
86.692 105.571 0.342
52.904 101.405 0.163
94.088 100.075 0.249
63.065 101.343 0.946
21.106 112.550 1.456
1.689 79.076 1.295
19.155 45.064 0.144
74.429 96.644 1.678
40.835 58.811 1.559
70.206 79.330 0.463
106.814 107.506 0.563
84.614 86.237 0.304
1.017 73.369 0.697
37.757 69.580 0.829
9.974 82.345 1.090
37.179 103.780 1.315
58.903 62.902 1.140
51.235 77.894 0.520
94.967 97.432 0.973
62.239 102.069 1.419
95.065 101.522 1.701
95.081 108.790 1.290
91.150 110.397 1.531
99.915 107.618 1.825
48.419 71.420 0.215
90.536 95.061 0.855
0.094 87.730 1.315
7.009 47.996 0.180
75.228 82.414 1.615
15.714 49.452 0.097
2.041 74.591 1.957
5.902 74.837 1.828
47.489 63.413 0.042
43.114 98.042 1.308
2.511 19.230 1.652
69.769 112.304 1.101
50.977 69.927 0.430
86.037 99.352 0.685
66.882 112.285 0.205
83.140 96.932 0.302
78.279 105.654 1.997
70.582 110.781 1.242
75.698 97.105 0.580
31.942 90.000 1.096
27.108 69.976 1.093
104.726 111.372 1.340
68.571 104.239 0.892
82.009 89.924 1.978
69.242 95.860 1.820
101.023 107.401 1.011
49.469 109.319 1.779
20.122 39.379 0.504
80.354 101.466 1.882
4.549 9.531 1.283
61.199 84.922 1.089
6.751 22.062 1.992
66.100 74.287 0.101
72.626 85.837 0.665
71.894 89.937 0.821
24.379 40.261 1.357
54.730 101.705 1.015
47.858 69.979 0.009
41.349 100.672 0.257
80.663 102.102 1.782
71.565 102.251 1.029
81.089 96.977 1.914
39.959 106.058 0.224
90.334 93.608 0.910
95.639 97.781 1.523
45.834 52.130 1.872
18.135 29.599 0.423
65.022 94.776 0.237
63.811 100.166 1.381
100.721 105.326 1.339
88.975 112.942 0.756
84.977 90.096 0.409
42.708 83.698 0.362
21.519 40.478 1.920
41.990 51.104 0.608
21.797 92.151 0.092
83.714 85.525 1.762
49.348 100.537 0.853
50.748 97.647 0.990
26.235 35.297 1.119
101.423 111.600 1.788
6.560 74.195 0.982
82.194 91.198 1.512
100.090 103.935 1.584
60.813 88.112 0.102
86.941 88.942 1.408
80.492 110.306 1.107
96.310 102.515 1.594
43.443 48.014 0.964
71.716 103.446 0.002
83.181 88.167 0.439
6.328 11.112 1.341
38.045 98.152 1.396
47.989 90.022 1.963
32.483 103.003 0.954
8.722 23.830 0.202
15.731 47.030 1.836
41.120 46.024 1.628
89.562 110.656 0.480
28.216 46.279 0.539
25.231 102.227 1.692
97.646 107.661 1.690
4.498 24.719 0.347
39.150 53.549 0.899
98.391 106.938 1.246
100.285 109.857 1.045
109.926 112.850 1.939
92.423 100.310 0.293
31.281 110.864 0.342
81.599 83.958 1.433
70.954 102.326 1.625
89.999 106.604 0.249
41.258 107.043 1.300
97.864 109.586 0.064
49.375 63.932 0.015
46.032 107.603 0.313
55.186 98.925 0.486
99.717 100.557 0.427
84.829 100.711 0.456
88.703 97.899 1.704
59.282 106.241 1.984
71.156 105.252 0.455
40.815 44.048 0.734
61.743 68.583 0.796
35.742 52.744 1.798
103.420 111.594 0.250
98.334 102.285 0.891
69.823 97.188 1.120
46.602 103.983 0.033
15.358 44.246 0.535
74.983 111.481 1.123
66.795 87.236 1.576
90.022 94.420 1.479
56.818 57.250 0.040
82.315 110.062 0.668
50.849 55.446 1.536
69.407 99.171 0.048
106.599 111.415 1.001
29.253 83.987 1.645
65.694 105.713 0.527
50.607 73.515 1.496
1.595 71.744 0.953
44.427 47.067 0.767
31.771 103.706 1.194
47.539 73.759 1.863
58.644 111.600 0.020
95.172 107.908 0.875
36.625 75.306 1.205
61.558 81.063 0.078
25.634 100.991 1.875
106.052 110.616 1.218
8.409 40.907 0.814
54.844 105.738 0.160
33.470 107.768 1.563
64.727 78.522 0.432
61.679 75.824 1.749
33.154 102.543 1.454
25.419 64.761 0.381
97.938 99.487 1.149
109.476 111.703 0.118
28.263 38.403 0.340
25.463 109.521 0.990
5.422 41.852 0.159
30.771 71.634 1.031
45.350 86.750 1.849
32.137 65.185 0.952
104.646 111.802 1.097
87.387 103.225 1.603
95.709 111.987 0.636
29.471 90.040 1.887
14.039 61.653 1.550
19.350 23.299 0.053
50.027 60.088 1.725
1.591 92.861 0.426
87.692 104.890 1.559
32.862 106.832 1.563
92.634 103.035 0.485
2.531 6.090 0.151
39.183 70.278 1.431
19.847 37.298 0.596
81.939 84.001 0.269
57.818 102.474 0.718
17.470 31.624 1.800
3.216 93.094 0.363
27.414 57.849 1.141
59.393 106.243 1.330
102.578 105.366 1.891
16.856 94.019 1.116
98.465 111.163 0.145
90.465 103.182 0.777
73.915 85.561 0.902
104.441 111.206 1.964
65.429 72.179 0.545
21.774 66.849 1.201
39.086 74.689 0.460
76.097 101.488 1.896
108.083 110.839 0.475
25.940 69.034 1.796
35.910 80.374 1.075
37.018 50.455 0.696
31.919 106.776 0.439
81.364 102.506 1.614
75.537 104.392 0.540
7.087 98.277 1.444
37.572 74.147 0.089
2.286 71.404 1.676
59.463 90.430 1.208
85.510 105.052 1.280
83.594 89.701 1.736
46.586 49.548 1.573
48.220 81.060 0.084
29.619 50.138 0.137
108.026 111.477 1.013
7.812 108.355 0.735
94.608 99.569 0.675
31.848 112.409 0.102
18.971 39.777 0.138
33.100 85.556 1.574
9.205 23.825 0.526
23.929 40.731 1.125
69.551 89.381 0.214
83.473 85.797 0.668
31.076 102.793 1.389
62.434 68.137 1.737
87.494 104.420 1.999
68.074 95.205 1.190
21.368 44.086 1.958
4.653 32.652 0.478
44.749 64.502 1.590
99.006 109.394 0.759
22.714 77.340 0.106
38.938 88.660 0.722
107.365 112.459 0.447
38.166 88.578 1.907
22.183 54.828 0.565
58.520 70.958 0.582
10.957 83.403 0.213
92.819 109.593 1.344
0.634 68.963 0.983
102.886 109.243 0.581
82.160 110.447 1.748
91.311 98.766 1.212
86.266 100.910 0.300
75.795 112.752 0.789
11.213 14.806 0.823
75.617 82.366 0.518
25.151 100.947 0.378
83.963 98.044 0.095
6.177 17.015 1.922
62.203 92.176 1.925
96.652 103.731 0.817
45.484 101.307 1.317
103.971 104.556 0.566
67.789 97.484 0.099
46.414 87.386 1.909
22.096 53.600 0.829
68.544 70.369 1.617
11.578 40.229 0.789
34.846 101.793 1.648
34.269 78.899 0.395
51.598 79.328 1.990
40.533 68.938 0.838
63.847 81.595 1.755
43.272 79.707 1.902
46.045 98.324 1.217
9.202 31.023 0.302
9.608 58.725 0.635
69.205 73.292 0.666
67.597 80.548 0.286
90.747 112.881 0.878
24.305 70.441 0.215
29.106 77.456 0.015
84.762 112.137 0.215
40.637 79.254 1.808
24.493 67.156 0.605
34.168 94.648 0.829
92.577 101.753 0.778
79.659 84.042 1.470
8.990 97.315 1.506
70.159 90.887 0.719
10.383 30.386 0.831
37.743 56.409 1.827
34.134 61.273 0.309
20.052 39.626 0.545
18.971 25.750 0.671
55.210 102.345 1.927
49.110 62.062 1.826
53.011 95.242 0.944
27.346 52.464 1.873
32.949 98.858 1.645
69.289 71.183 1.590
28.706 109.063 0.579
94.541 107.904 1.035
28.179 70.785 1.842
10.289 19.692 1.652
31.090 84.054 0.768
56.660 65.330 0.863
107.247 107.426 0.149
100.627 110.174 0.823
20.642 59.840 0.203
74.573 106.431 1.055
92.090 102.806 0.543
95.749 112.505 0.298
59.221 63.223 0.441
22.509 40.285 0.395
21.948 76.765 1.914
81.267 103.029 0.589
86.474 111.234 1.843
92.876 95.461 0.518
6.808 24.098 1.808
98.203 112.390 0.719
41.973 90.804 0.663
97.629 104.720 0.760
74.211 93.216 0.534
