52.004 54.318 1.939
76.533 77.718 0.329
61.599 78.946 1.322
78.127 82.490 0.221
75.163 82.743 0.651
77.100 81.027 1.601
64.113 77.827 0.742
56.806 58.545 1.179
1.104 75.020 0.316
3.833 74.521 0.501
16.822 21.088 0.104
11.597 29.399 1.768
36.053 80.243 1.328
20.062 77.703 1.499
5.098 12.364 0.627
67.334 73.165 1.882
47.045 62.640 0.725
26.390 39.258 0.283
44.725 81.731 1.824
31.788 63.788 0.086
63.217 65.886 1.342
56.152 72.367 1.852
14.527 82.258 1.310
25.306 78.226 0.142
46.618 81.418 1.745
73.535 82.150 1.405
37.240 45.025 0.984
46.779 48.254 1.313
60.038 62.901 0.401
11.851 36.836 1.225
56.193 64.814 1.529
53.578 72.249 0.113
79.399 80.493 0.492
49.462 53.994 1.731
35.253 48.643 0.166
12.862 81.470 0.217
18.145 81.541 0.842
40.858 46.185 1.898
9.561 52.880 1.598
61.809 70.815 0.187
11.189 14.997 1.367
20.403 50.231 1.225
54.548 67.223 1.085
74.236 79.761 1.727
5.867 43.129 0.504
56.240 79.515 0.445
40.719 42.429 1.585
51.147 76.824 0.144
67.448 69.707 1.047
11.819 37.750 1.156
41.740 49.032 1.894
72.678 82.255 1.701
46.654 69.956 1.837
52.641 59.118 1.571
63.291 74.206 1.739
28.929 44.275 1.553
16.724 69.748 1.727
55.590 57.454 0.563
40.204 45.306 0.738
27.242 56.525 0.953
47.519 67.967 1.277
38.473 51.605 1.202
49.389 79.624 1.178
13.355 65.153 1.415
4.109 22.921 0.610
7.193 27.806 1.965
6.028 40.592 1.558
63.959 65.416 0.522
17.476 29.769 0.858
58.085 77.167 0.814
70.559 75.867 0.808
48.185 59.506 1.064
74.660 79.377 1.653
12.901 57.360 0.321
73.940 79.438 0.148
35.489 69.432 0.200
15.989 34.612 0.082
63.964 66.956 1.028
68.696 81.301 0.510
67.426 81.978 0.319
66.838 76.299 1.558
26.964 55.742 1.242
73.244 82.475 0.459
30.846 59.249 0.305
71.389 76.237 0.035
38.920 60.332 0.435
77.002 81.808 0.568
10.008 40.035 0.877
35.953 45.187 0.012
58.798 74.279 0.451
53.771 79.554 1.153
15.064 74.690 0.701
69.319 75.195 1.755
48.275 68.371 1.693
10.909 48.620 1.347
24.488 44.357 0.962
7.603 11.131 0.182
30.172 40.263 0.496
61.796 75.987 0.407
38.888 80.809 1.074
11.182 18.505 0.847
62.043 73.980 0.855
69.033 77.912 1.226
43.729 56.414 1.227
21.104 52.876 1.454
42.399 73.529 0.708
45.993 76.890 0.968
58.466 73.367 0.454
2.568 54.868 0.352
27.125 46.633 1.957
64.089 72.138 0.773
9.583 24.304 1.901
62.927 69.009 0.430
13.516 56.122 0.413
53.366 61.104 1.461
5.032 15.871 1.993
51.696 62.671 1.867
29.498 63.934 0.856
3.845 41.615 1.180
27.589 55.027 1.186
50.141 68.789 0.164
45.482 79.716 1.395
75.183 81.015 1.938
24.598 36.952 0.981
77.844 81.341 0.905
66.396 75.066 0.315
2.063 45.575 0.938
51.652 80.831 0.905
23.844 65.787 1.662
1.350 19.944 1.604
22.923 38.917 1.686
7.637 11.268 0.124
49.792 79.888 0.518
68.493 79.292 0.337
79.421 80.461 0.770
58.732 61.728 1.403
72.617 79.931 1.614
52.475 52.842 0.118
74.204 77.421 1.284
8.770 51.900 0.069
14.263 53.818 1.165
12.112 47.427 1.753
14.454 61.085 0.808
73.540 75.895 1.696
65.935 82.544 0.396
35.682 55.473 1.355
28.719 68.053 0.902
36.464 72.818 1.173
14.358 70.486 0.822
41.388 44.708 1.057
44.508 69.684 0.026
43.212 70.389 0.864
77.624 80.293 0.308
20.467 78.037 0.532
74.192 79.469 0.859
12.701 22.176 0.528
57.992 63.001 1.358
40.468 72.571 0.494
16.658 67.141 1.916
42.006 46.551 0.705
59.296 69.479 0.064
6.177 41.130 0.379
2.283 33.417 0.430
62.683 67.884 0.238
56.327 69.166 1.146
15.699 74.662 1.391
28.653 37.327 0.421
5.987 30.123 1.633
43.783 65.852 1.537
29.200 46.256 1.095
74.568 82.476 0.895
14.510 53.760 0.937
52.221 73.335 1.933
7.808 70.986 0.750
79.854 80.600 0.111
37.714 49.180 1.822
78.572 80.799 0.753
40.157 57.284 1.565
18.431 24.768 0.848
28.871 39.554 0.565
18.650 27.008 1.956
14.100 44.315 1.076
12.171 70.173 0.617
0.920 17.382 1.608
49.245 70.503 1.129
31.078 57.418 1.814
73.037 79.387 1.750
38.727 76.170 0.392
27.169 52.321 1.310
0.632 15.407 1.470
61.003 70.351 1.307
5.225 38.247 1.139
32.923 63.869 0.966
12.600 68.911 0.726
5.249 20.607 1.735
79.009 82.949 0.291
66.323 71.633 1.565
4.419 67.106 1.961
16.165 46.888 0.219
20.787 65.225 1.270
61.694 82.673 1.193
1.150 31.338 0.998
15.582 70.213 1.664
66.289 67.589 1.261
70.095 74.264 1.633
5.603 76.589 1.093
32.843 78.727 1.238
63.020 68.265 1.710
16.053 52.491 1.361
16.141 71.435 1.353
14.119 74.819 1.427
68.484 77.108 1.201
76.355 82.980 1.885
49.648 74.384 0.761
52.519 78.632 1.525
67.263 71.457 0.428
48.344 79.541 1.877
7.136 24.041 0.004
66.469 76.335 0.504
24.532 29.582 1.932
35.277 62.821 0.518
59.528 81.198 0.295
73.904 75.520 1.201
13.475 49.055 0.294
16.189 68.917 0.508
31.068 79.166 1.361
9.690 57.310 0.762
34.090 46.470 1.472
67.800 74.393 0.174
57.922 73.978 1.801
73.891 75.972 1.272
60.927 62.975 0.978
5.938 76.957 1.113
39.403 69.630 1.994
78.245 82.173 1.517
17.208 74.089 1.560
54.037 60.205 0.804
79.382 81.648 0.741
58.483 62.688 1.811
52.878 72.023 0.105
26.095 54.407 0.639
75.334 81.874 1.842
59.907 73.232 0.832
24.031 60.371 0.428
71.740 82.751 0.789
12.539 30.206 1.773
3.731 7.663 0.389
71.274 74.205 1.645
70.761 75.049 0.365
0.969 42.846 0.677
21.732 49.481 1.077
74.472 75.299 0.822
4.717 30.779 0.302
12.288 47.051 1.835
6.670 65.470 0.750
41.422 44.050 1.568
73.064 80.057 1.393
34.532 49.799 1.813
45.980 72.084 0.733
7.910 44.355 1.283
1.287 67.286 0.933
41.962 72.100 0.480
6.262 52.067 1.746
66.696 69.124 0.737
68.613 75.511 0.388
17.525 52.906 1.066
16.045 50.836 0.441
62.883 76.168 0.663
22.701 33.632 1.547
65.532 79.379 1.466
34.332 59.551 0.513
53.207 60.303 1.062
8.914 50.095 1.572
51.933 58.130 0.967
12.412 48.610 1.314
26.746 62.359 1.902
1.587 16.677 0.408
9.790 44.017 1.588
36.495 43.157 1.905
64.501 67.646 0.894
24.832 32.250 0.967
27.401 55.760 0.222
38.575 76.929 1.490
75.403 79.411 1.048
50.395 56.201 1.544
56.550 71.856 0.765
63.115 82.277 0.167
46.237 70.644 1.675
20.005 25.020 0.887
38.441 44.528 0.423
36.986 45.226 0.931
22.952 68.644 1.538
79.817 82.724 1.364
64.802 80.116 1.377
30.216 73.454 0.870
40.890 70.768 1.837
34.295 77.427 0.676
11.595 81.697 0.008
34.989 73.262 0.486
21.407 47.202 1.712
27.237 49.776 1.525
42.936 44.661 0.850
10.445 30.623 1.090
12.425 56.760 1.951
17.222 27.158 1.707
62.639 74.573 1.475
20.760 81.895 1.191
70.361 76.069 1.593
55.175 66.465 0.048
70.913 74.827 1.491
13.995 25.397 1.836
0.984 48.763 1.121
51.403 70.186 0.621
63.757 68.673 1.839
29.242 54.858 1.822
16.678 64.153 0.909
79.707 80.594 0.690
72.449 75.836 1.577
59.540 71.024 0.730
47.587 51.229 0.640
65.986 67.272 0.816
20.743 49.775 0.345
38.080 72.563 0.705
44.196 68.580 0.363
68.908 78.632 0.554
77.207 82.446 1.687
55.182 58.813 0.938
48.803 71.645 0.881
0.085 49.896 0.194
60.187 80.117 1.428
73.567 76.572 1.767
53.398 73.856 0.162
71.301 80.902 1.964
12.986 78.236 0.290
49.386 79.854 0.349
21.448 58.086 1.451
16.238 71.527 1.153
26.649 47.334 0.927
46.569 53.763 0.840
11.099 26.637 1.786
54.281 57.571 0.575
67.917 77.948 0.583
51.913 72.974 1.005
57.272 78.860 0.586
43.812 54.291 0.824
49.855 59.067 1.541
38.478 73.065 0.219
70.156 78.432 1.014
32.557 77.428 1.745
22.620 63.961 0.572
64.760 74.941 0.778
47.638 52.321 1.799
12.464 62.866 1.570
1.887 10.911 1.545
77.134 79.215 1.464
59.118 63.548 0.197
6.592 13.076 1.150
32.435 36.983 0.413
3.096 16.759 1.305
58.224 80.103 1.784
55.573 62.216 1.724
4.375 67.732 0.745
42.772 47.319 0.457
21.951 59.878 1.779
31.041 78.873 1.653
59.570 70.414 0.994
66.211 72.560 0.162
73.696 82.017 1.557
43.673 58.946 0.580
65.666 79.451 1.695
23.961 35.292 0.702
47.699 81.235 1.074
13.179 38.777 0.418
35.311 41.996 1.773
38.431 65.694 1.298
72.402 76.143 0.859
47.897 75.164 1.640
48.024 55.746 0.155
3.528 24.184 0.886
30.189 57.943 0.288
41.351 81.399 0.281
32.208 62.629 1.865
0.076 67.292 1.713
31.061 54.007 1.804
53.407 66.029 0.103
44.828 68.129 0.802
74.519 81.693 0.681
77.703 79.631 1.791
43.402 62.473 1.363
46.251 46.780 0.374
48.393 52.581 0.387
19.449 36.585 1.775
42.841 59.028 0.607
47.733 54.942 0.190
66.108 67.100 0.794
52.677 76.892 0.643
55.114 56.361 0.943
29.068 70.685 1.983
68.479 70.168 1.461
65.085 71.091 1.576
