0.125 20.921 1.127
80.874 92.100 1.170
35.029 91.276 1.792
74.660 99.052 0.348
71.050 81.478 1.027
1.498 38.607 0.183
14.731 101.991 0.332
44.569 45.079 0.238
0.891 55.533 0.756
57.118 85.449 1.204
16.623 56.289 1.326
35.212 76.451 0.114
78.332 91.927 1.605
30.195 83.580 1.752
95.590 100.440 1.851
14.234 35.830 0.924
86.224 99.396 0.419
84.365 102.995 1.994
61.150 72.867 0.785
29.728 33.108 1.680
37.587 81.945 0.185
5.622 95.093 0.018
27.589 72.149 0.546
69.118 94.191 1.675
48.494 89.137 0.411
46.846 100.191 0.916
74.444 91.637 0.217
38.524 78.362 1.470
57.241 64.789 0.723
22.510 87.302 0.850
51.711 90.749 1.980
34.556 79.661 0.338
49.190 86.882 0.127
50.481 100.367 0.295
14.158 76.272 1.810
30.305 36.214 0.853
96.661 98.790 1.366
87.725 97.303 1.643
19.135 87.734 0.356
47.526 75.635 0.311
73.202 82.117 0.811
56.874 92.072 1.364
72.192 76.815 0.951
36.781 40.716 1.669
51.701 74.327 1.326
10.468 95.875 1.899
54.955 77.984 0.692
37.498 59.411 1.694
45.610 102.032 0.544
29.780 71.956 1.478
19.599 89.854 1.523
39.766 96.165 1.002
2.747 61.001 1.989
5.051 24.916 1.063
84.304 97.028 1.254
19.785 31.524 1.684
10.993 40.909 1.486
94.107 97.477 0.572
14.026 88.528 1.466
70.800 95.164 1.200
25.272 25.687 0.289
6.101 88.957 1.612
21.058 66.492 0.231
1.425 47.716 0.228
75.222 90.944 1.372
7.389 27.393 0.873
69.622 84.525 0.581
23.243 66.260 1.156
62.868 83.259 0.320
96.304 102.601 1.392
18.995 34.529 0.672
99.518 102.995 0.915
9.751 19.685 1.250
43.773 48.414 1.863
89.462 92.987 0.580
76.907 82.832 0.821
62.807 81.621 1.208
46.635 82.848 1.196
85.479 97.048 1.658
72.091 84.393 1.132
18.427 66.033 1.476
90.509 93.263 0.486
60.472 85.915 1.397
35.130 41.495 0.989
74.075 92.484 1.224
69.112 75.534 1.609
57.604 99.139 1.735
61.470 64.658 1.455
66.778 79.526 1.953
56.920 65.440 0.612
10.855 89.550 1.738
74.432 83.980 0.310
7.935 68.925 0.153
82.000 92.015 1.090
40.898 70.129 0.597
50.121 67.409 0.305
73.800 98.048 0.628
95.907 101.530 1.747
30.006 40.941 1.888
6.574 57.904 1.570
60.964 65.776 1.912
87.564 93.423 1.308
10.480 32.271 1.010
29.029 70.625 1.840
66.280 84.482 0.229
37.913 89.756 0.994
50.926 87.000 0.765
53.215 73.623 1.213
0.589 12.167 1.416
62.307 83.185 1.726
74.734 86.094 0.994
78.536 87.983 1.106
95.572 97.922 1.262
37.425 86.233 0.263
95.172 96.580 1.224
32.984 77.779 0.112
13.163 91.040 1.694
59.688 96.886 1.443
1.468 73.417 0.253
61.715 64.844 0.435
16.892 47.076 1.248
31.941 79.160 0.735
80.239 92.988 1.614
61.110 98.995 1.596
14.481 50.856 1.260
25.370 91.798 0.273
6.616 62.243 0.856
30.229 47.492 1.096
31.135 89.247 0.221
13.471 84.150 0.568
89.523 99.952 1.579
61.522 97.158 0.722
22.849 42.570 1.727
24.955 101.833 1.085
5.380 56.676 0.163
42.680 58.431 0.189
89.154 91.580 0.466
12.510 21.473 1.863
4.709 37.853 0.117
91.470 96.912 0.797
94.617 99.875 1.674
84.210 92.518 1.387
25.916 66.435 0.009
95.480 97.898 0.797
58.556 89.117 0.510
94.528 102.166 0.871
0.717 62.995 1.882
78.616 83.078 1.153
22.233 23.341 0.766
41.792 82.241 0.164
85.510 99.720 0.130
66.207 96.013 1.383
53.014 61.326 1.371
68.950 95.756 1.456
3.107 68.108 1.737
70.656 88.586 0.171
94.790 97.133 0.118
14.518 70.121 1.964
29.225 57.506 1.845
69.454 75.054 0.437
24.055 95.387 1.043
10.642 52.447 1.805
8.011 25.625 1.564
97.439 102.480 1.552
21.064 22.281 0.913
75.063 86.505 0.228
31.114 35.795 1.985
25.208 44.761 0.379
15.351 93.095 1.241
93.909 101.083 0.391
64.556 99.627 1.314
45.546 84.324 1.843
15.076 65.700 1.273
42.204 75.935 1.886
57.857 70.180 1.073
39.695 42.689 0.701
79.525 81.540 0.393
38.942 44.583 1.181
19.767 73.508 0.312
45.433 85.943 1.209
44.130 68.300 1.369
83.572 88.398 1.184
94.946 99.167 1.752
98.746 102.595 0.371
57.445 86.353 0.884
70.852 80.103 0.099
26.020 95.027 0.815
71.020 99.827 1.457
39.357 96.958 0.795
30.860 72.355 0.776
35.356 86.148 1.467
73.638 79.002 1.479
20.017 76.656 0.545
91.113 97.621 0.736
10.938 31.079 1.815
51.796 74.985 1.310
68.764 71.655 0.181
7.578 41.496 0.056
30.723 42.231 1.395
39.485 82.449 0.136
72.494 93.787 0.397
61.571 84.705 1.310
9.830 15.490 1.091
97.458 102.861 0.928
72.787 93.669 1.062
69.280 82.839 0.744
4.996 22.958 1.620
6.082 82.246 0.621
21.247 61.202 0.644
0.916 53.193 0.880
60.595 78.511 1.517
34.980 99.174 1.685
62.331 66.393 1.995
56.285 75.412 1.727
30.641 33.126 0.568
61.257 62.802 0.782
3.104 88.938 0.911
93.677 100.677 0.804
61.159 97.989 1.617
58.260 62.891 1.190
79.318 93.683 0.924
58.943 95.106 1.138
67.275 68.320 0.687
26.731 44.957 0.683
77.102 99.727 0.743
11.686 69.654 1.451
89.395 96.851 0.366
90.201 102.609 1.560
19.736 86.498 1.803
95.340 102.346 1.698
62.871 87.770 0.371
26.499 82.647 0.501
78.811 96.177 0.342
48.094 92.410 0.163
85.534 91.077 0.249
57.332 92.358 0.946
19.187 102.590 1.456
1.535 72.112 1.295
17.414 41.052 0.144
67.663 88.077 1.678
37.123 53.637 1.559
63.823 72.207 0.463
97.104 97.789 0.563
76.922 78.436 0.304
0.925 66.897 0.697
34.324 63.413 0.829
9.067 75.080 1.090
33.799 94.599 1.315
53.548 57.296 1.140
46.577 70.957 0.520
86.334 88.679 0.973
56.581 93.031 1.419
86.422 92.482 1.701
86.438 99.134 1.290
82.864 100.617 1.531
90.832 98.056 1.825
44.017 65.037 0.215
82.305 86.530 0.855
0.085 79.993 1.315
6.372 43.748 0.180
68.389 75.088 1.615
14.286 45.057 0.097
1.856 68.050 1.957
5.365 68.267 1.828
43.171 57.717 0.042
39.195 89.368 1.308
2.283 17.649 1.652
63.427 102.365 1.101
46.342 63.680 0.430
78.216 90.483 0.685
60.802 102.346 0.205
75.582 88.260 0.302
71.163 96.301 1.997
64.165 100.974 1.242
68.816 88.455 0.580
29.038 82.041 1.096
24.644 63.799 1.093
95.206 101.484 1.340
62.337 94.996 0.892
74.554 81.948 1.978
62.947 87.374 1.820
91.839 97.818 1.011
44.972 99.647 1.779
18.293 35.891 0.504
73.049 92.477 1.882
4.135 8.786 1.283
55.635 77.379 1.089
6.137 20.249 1.992
60.091 67.589 0.101
66.024 78.161 0.665
65.358 81.920 0.821
22.163 36.749 1.357
49.754 92.696 1.015
43.507 63.710 0.009
37.590 91.750 0.257
73.330 93.053 1.782
65.059 93.180 1.029
73.717 88.381 1.914
36.326 96.665 0.224
82.122 85.202 0.910
86.944 89.036 1.523
41.667 47.568 1.872
16.486 26.974 0.423
59.111 86.337 0.237
58.010 91.293 1.381
91.565 95.918 1.339
80.886 102.947 0.756
77.252 81.982 0.409
38.826 76.262 0.362
19.562 36.992 1.920
38.173 46.540 0.608
19.816 83.986 0.092
76.104 77.911 1.762
44.862 91.631 0.853
46.135 88.997 0.990
23.850 32.206 1.119
92.203 101.712 1.788
5.963 67.655 0.982
74.722 83.079 1.512
90.991 94.656 1.584
55.284 80.249 0.102
79.037 80.988 1.408
73.174 100.536 1.107
87.555 93.379 1.594
39.494 43.746 0.964
65.197 94.252 0.002
75.619 80.228 0.439
5.753 10.229 1.341
34.587 89.473 1.396
43.626 82.077 1.963
29.530 93.889 0.954
7.929 21.718 0.202
14.301 42.954 1.836
37.382 41.994 1.628
81.420 100.845 0.480
25.651 42.167 0.539
22.938 93.191 1.692
88.769 98.100 1.690
4.089 22.548 0.347
35.591 48.798 0.899
89.447 97.417 1.246
91.168 100.094 1.045
99.933 102.850 1.939
84.021 91.310 0.293
28.437 101.052 0.342
74.181 76.460 1.433
64.504 93.263 1.625
81.817 97.115 0.249
37.507 97.571 1.300
88.968 99.836 0.064
44.887 58.184 0.015
41.847 98.074 0.313
50.169 90.148 0.486
90.652 91.462 0.427
77.117 91.726 0.456
80.639 89.193 1.704
53.893 96.843 1.984
64.687 95.913 0.455
37.104 40.117 0.734
56.130 62.444 0.796
32.493 48.135 1.798
94.018 101.684 0.250
89.395 93.110 0.891
63.475 88.562 1.120
42.366 94.766 0.033
13.962 40.337 0.535
68.166 101.612 1.123
60.723 79.504 1.576
81.838 85.990 1.479
51.653 52.051 0.040
74.831 100.308 0.668
46.226 50.552 1.536
63.097 90.343 0.048
96.908 101.505 1.001
26.594 76.581 1.645
59.722 96.341 0.527
46.007 67.016 1.496
1.450 65.425 0.953
40.388 42.864 0.767
28.883 94.532 1.194
43.217 67.262 1.863
53.313 101.721 0.020
86.520 98.313 0.875
33.296 68.651 1.205
55.962 73.801 0.078
23.304 92.068 1.875
96.411 100.765 1.218
7.645 37.323 0.814
49.858 96.366 0.160
30.427 98.235 1.563
58.843 71.488 0.432
56.072 69.118 1.749
30.140 93.475 1.454
23.109 59.014 0.381
89.035 90.552 1.149
99.524 101.721 0.118
25.694 34.971 0.340
23.148 99.830 0.990
4.929 38.149 0.159
27.973 65.303 1.031
41.227 79.094 1.849
29.215 59.421 0.952
95.132 101.882 1.097
79.443 94.062 1.603
87.008 102.066 0.636
26.792 82.099 1.887
12.763 56.251 1.550
17.591 21.197 0.053
45.479 54.798 1.725
1.447 84.649 0.426
79.720 95.582 1.559
29.875 97.383 1.563
84.213 93.826 0.485
2.301 5.558 0.151
35.621 64.078 1.431
18.043 34.001 0.596
74.490 76.404 0.269
52.562 93.390 0.718
15.882 28.927 1.800
2.924 84.860 0.363
24.921 52.753 1.141
53.993 96.838 1.330
93.252 95.969 1.891
15.323 85.710 1.116
89.514 101.296 0.145
82.241 93.984 0.777
67.196 77.918 0.902
94.946 101.344 1.964
59.481 65.696 0.545
19.794 60.960 1.201
35.533 68.052 0.460
69.179 92.501 1.896
98.257 100.924 0.475
23.582 62.975 1.796
32.646 73.264 1.075
33.653 45.967 0.696
29.017 97.324 0.439
73.968 93.416 1.614
68.670 95.122 0.540
6.442 89.595 1.444
34.156 67.543 0.089
2.078 65.140 1.676
54.057 82.411 1.208
77.737 95.727 1.280
75.994 81.723 1.736
42.351 45.189 1.573
43.837 73.833 0.084
26.926 45.656 0.137
98.206 101.546 1.013
7.102 98.769 0.735
86.007 90.629 0.675
28.953 102.461 0.102
17.246 36.231 0.138
30.091 78.005 1.574
8.368 21.737 0.526
21.754 37.161 1.125
63.228 81.390 0.214
75.884 78.070 0.668
28.251 93.702 1.389
56.758 62.110 1.737
79.540 95.167 1.999
61.885 86.756 1.190
19.425 40.278 1.958
4.230 29.786 0.478
40.681 58.818 1.590
90.005 99.666 0.759
20.649 70.478 0.106
35.398 80.804 0.722
97.604 102.484 0.447
34.696 80.765 1.907
20.167 49.974 0.565
53.200 64.609 0.582
9.961 76.020 0.213
84.381 99.876 1.344
0.577 62.894 0.983
93.533 99.497 0.581
74.691 100.669 1.748
83.010 89.947 1.212
78.423 91.896 0.300
68.905 102.773 0.789
10.193 13.540 0.823
68.743 74.963 0.518
22.864 92.010 0.378
76.330 89.267 0.095
5.615 15.652 1.922
56.548 84.027 1.925
87.866 94.455 0.817
41.350 92.343 1.317
94.519 95.103 0.566
61.626 88.804 0.099
42.195 79.675 1.909
20.087 48.870 0.829
62.313 64.119 1.617
10.526 36.699 0.789
31.678 92.794 1.648
31.153 71.896 0.395
46.907 72.337 1.990
36.848 62.823 0.838
58.043 74.375 1.755
39.338 72.685 1.902
