1.474 7.419 1.476
7.241 8.345 0.486
4.838 9.021 1.397
2.810 4.378 0.989
5.926 9.538 1.224
5.529 7.714 1.609
4.608 10.588 1.735
4.918 6.573 1.455
5.342 8.462 1.953
4.554 6.180 0.612
0.868 9.751 1.738
5.955 7.812 0.310
0.635 7.334 0.153
6.560 9.152 1.090
3.272 7.189 0.597
4.010 6.474 0.305
5.904 10.226 0.628
7.673 10.565 1.747
2.400 5.142 1.888
0.526 6.767 1.570
4.877 7.094 1.912
7.005 9.178 1.308
0.838 3.927 1.010
2.322 7.931 1.840
5.302 8.225 0.229
3.033 9.559 0.994
4.074 9.079 0.765
4.257 7.655 1.213
0.047 2.422 1.416
4.985 8.819 1.726
5.979 8.503 0.994
6.283 8.678 1.106
7.646 9.277 1.262
2.994 9.012 0.263
7.614 8.898 1.224
2.639 8.024 0.112
1.053 9.880 1.694
4.775 10.302 1.443
0.117 7.895 0.253
4.937 5.743 0.435
