0.651 8.016 1.738
4.466 6.157 0.310
0.476 5.995 0.153
4.920 7.350 1.090
2.454 5.821 0.597
3.007 5.150 0.305
4.428 8.316 0.628
5.754 8.588 1.747
1.800 4.364 1.888
0.394 5.655 1.570
3.658 5.818 1.912
5.254 7.347 1.308
0.629 3.311 1.010
1.742 6.568 1.840
3.977 6.567 0.229
2.275 7.816 0.994
3.056 7.385 0.765
3.193 6.221 1.213
0.035 2.211 1.416
3.738 7.202 1.726
4.484 6.817 0.994
4.712 6.954 1.106
5.734 7.350 1.262
2.245 7.334 0.263
5.710 6.992 1.224
1.979 6.507 0.112
0.790 8.116 1.694
3.581 8.419 1.443
0.088 6.471 0.253
3.703 4.459 0.435
