1.960 11.472 1.523
3.977 12.119 1.002
0.275 8.411 1.989
0.505 3.786 1.063
8.430 11.865 1.254
1.979 4.814 1.684
1.099 5.856 1.486
9.411 10.998 0.572
1.403 11.325 1.466
7.080 11.807 1.200
2.527 2.833 0.289
0.610 11.412 1.612
2.106 8.236 0.231
0.143 6.111 0.228
7.522 11.126 1.372
0.739 3.912 0.873
6.962 9.926 0.581
2.324 8.550 1.156
6.287 9.830 0.320
9.630 12.851 1.392
1.899 4.431 0.672
9.952 12.996 0.915
0.975 3.242 1.250
4.377 6.568 1.863
8.946 10.316 0.580
7.691 9.419 0.821
6.281 9.978 1.208
4.664 10.392 1.196
8.548 11.951 1.658
7.209 10.088 1.132
1.843 8.693 1.476
9.051 10.191 0.486
6.047 10.692 1.397
3.513 5.185 0.989
7.407 11.342 1.224
6.911 9.188 1.609
5.760 12.513 1.735
6.147 7.836 1.455
6.678 10.007 1.953
5.692 7.468 0.612
1.086 11.486 1.738
7.443 9.468 0.310
0.793 8.673 0.153
8.200 10.953 1.090
4.090 8.557 0.597
5.012 7.799 0.305
7.380 12.135 0.628
9.591 12.543 1.747
3.001 5.921 1.888
0.657 7.878 1.570
