1.351 5.464 1.248
2.555 8.386 0.735
6.419 9.595 1.614
4.889 10.551 1.596
1.158 5.872 1.260
2.030 9.741 0.273
0.529 6.898 0.856
2.418 5.203 1.096
2.491 9.409 0.221
1.078 9.018 0.568
7.162 10.421 1.579
4.922 10.232 0.722
1.828 5.263 1.727
1.996 10.880 1.085
0.430 6.053 0.163
3.414 5.518 0.189
7.132 8.096 0.466
1.001 3.516 1.863
0.377 4.028 0.117
7.318 9.363 0.797
7.569 10.182 1.674
6.737 9.268 1.387
2.073 6.769 0.009
7.638 9.054 0.797
4.684 9.166 0.510
7.562 10.718 0.871
0.057 7.390 1.882
6.289 7.949 1.153
1.779 2.581 0.766
3.343 8.452 0.164
6.841 10.239 0.130
5.297 10.148 1.383
4.241 6.382 1.371
5.516 10.105 1.456
0.249 7.796 1.737
5.653 8.681 0.171
7.583 8.608 0.118
1.161 8.007 1.964
2.338 6.688 1.845
5.556 6.774 0.437
