52.167 54.054 1.523
25.000 29.320 1.872
9.892 16.474 0.423
35.467 52.580 0.237
34.806 55.802 1.381
54.939 58.285 1.339
48.532 62.966 0.756
46.351 49.530 0.409
23.295 46.515 0.362
11.737 23.045 1.920
22.904 28.283 0.608
11.889 51.326 0.092
45.662 47.452 1.762
26.917 56.008 0.853
27.681 54.396 0.990
14.310 19.841 1.119
55.322 62.158 1.788
3.578 41.496 0.982
44.833 50.604 1.512
54.595 57.540 1.584
33.171 48.796 0.102
47.422 49.171 1.408
43.905 61.457 1.107
52.533 56.837 1.594
23.696 26.676 0.964
39.118 57.474 0.002
45.371 48.471 0.439
3.452 6.695 1.341
20.752 54.754 1.396
26.176 50.295 1.963
17.718 57.430 0.954
4.757 13.272 0.202
8.581 26.650 1.836
22.429 25.873 1.628
48.852 61.604 0.480
15.390 25.721 0.539
13.763 57.049 1.692
53.262 59.855 1.690
2.454 13.862 0.347
21.354 29.794 0.899
53.668 59.332 1.246
54.701 61.046 1.045
59.960 62.854 1.939
50.412 55.309 0.293
17.062 61.803 0.342
44.509 46.469 1.433
38.702 57.013 1.625
49.090 59.160 0.249
22.504 59.685 1.300
53.381 60.836 0.064
26.932 35.189 0.015
25.108 59.957 0.313
30.102 55.042 0.486
54.391 55.081 0.427
46.270 55.784 0.456
48.383 54.369 1.704
32.336 59.253 1.984
38.812 58.557 0.455
22.263 24.396 0.734
33.678 37.891 0.796
19.496 29.697 1.798
56.411 62.045 0.250
53.637 56.410 0.891
38.085 54.054 1.120
25.419 57.898 0.033
8.377 24.704 0.535
40.900 62.136 1.123
36.434 48.574 1.576
49.103 52.268 1.479
30.992 31.255 0.040
44.899 61.294 0.668
27.736 30.975 1.536
37.858 55.031 0.048
58.145 61.868 1.001
15.956 46.957 1.645
35.833 58.850 0.527
27.604 41.020 1.496
0.870 40.149 0.953
24.233 26.050 0.767
17.330 57.835 1.194
25.930 41.277 1.863
31.988 62.202 0.020
51.912 59.932 0.875
19.977 42.030 1.205
33.577 44.754 0.078
13.982 56.378 1.875
57.847 61.363 1.218
4.587 22.986 0.814
29.915 58.877 0.160
18.256 60.102 1.563
35.306 43.352 0.432
33.643 42.296 1.749
18.084 57.202 1.454
13.865 36.029 0.381
53.421 54.812 1.149
59.714 61.794 0.118
15.416 21.242 0.340
13.889 61.066 0.990
2.957 23.337 0.159
16.784 39.981 1.031
24.736 48.473 1.849
17.529 36.362 0.952
57.079 62.204 1.097
47.666 57.409 1.603
52.205 62.382 0.636
16.075 50.334 1.887
7.658 34.645 1.550
10.555 12.789 0.053
27.287 33.638 1.725
0.868 51.803 0.426
47.832 58.353 1.559
17.925 59.585 1.563
50.528 56.992 0.485
1.381 3.431 0.151
21.373 39.276 1.431
10.826 20.814 0.596
44.694 46.013 0.269
31.537 57.058 0.718
9.529 18.140 1.800
1.754 51.924 0.363
14.953 32.366 1.141
32.396 59.216 1.330
55.951 58.385 1.891
9.194 52.475 1.116
53.708 61.832 0.145
49.345 57.189 0.777
40.317 47.348 0.902
56.968 61.894 1.964
35.688 39.765 0.545
11.877 37.407 1.201
21.320 41.501 0.460
41.508 56.555 1.896
58.954 61.263 0.475
14.149 38.737 1.796
19.587 44.828 1.075
20.192 28.014 0.696
17.410 59.515 0.439
44.381 57.056 1.614
41.202 58.044 0.540
3.865 54.869 1.444
20.494 41.125 0.089
1.247 40.082 1.676
32.434 50.338 1.208
46.642 58.427 1.280
45.596 49.808 1.736
25.410 27.755 1.573
26.302 44.924 0.084
16.156 27.729 0.137
58.923 61.822 1.013
4.261 60.421 0.735
51.604 54.873 0.675
17.372 62.668 0.102
10.348 22.045 0.138
18.055 47.803 1.574
5.021 13.388 0.526
13.052 22.880 1.125
37.937 49.425 0.214
45.531 47.163 0.668
16.951 57.340 1.389
34.055 38.002 1.737
47.724 58.154 1.999
37.131 52.959 1.190
11.655 25.047 1.958
2.538 18.320 0.478
24.409 36.080 1.590
54.003 60.756 0.759
12.389 43.029 0.106
21.239 49.380 0.722
58.563 62.584 0.447
20.818 49.513 1.907
12.100 30.556 0.565
31.920 39.211 0.582
5.977 46.488 0.213
50.628 61.006 1.344
0.346 38.617 0.983
56.120 60.517 0.581
44.815 61.557 1.748
49.806 54.671 1.212
47.054 55.844 0.300
41.343 62.858 0.789
6.116 8.477 0.823
41.246 45.353 0.518
13.719 56.262 0.378
45.798 54.160 0.095
3.369 10.197 1.922
33.929 51.433 1.925
52.720 57.352 0.817
24.810 56.487 1.317
56.711 57.290 0.566
36.976 54.083 0.099
25.317 48.832 1.909
12.052 29.949 0.829
37.388 39.121 1.617
6.316 22.580 0.789
19.007 56.797 1.648
18.692 43.884 0.395
28.144 44.373 1.990
22.109 38.362 0.838
34.826 45.495 1.755
23.603 44.595 1.902
25.116 54.814 1.217
5.019 17.314 0.302
5.241 32.828 0.635
37.748 40.364 0.666
36.871 44.411 0.286
49.499 62.930 0.878
13.257 39.177 0.215
15.876 43.037 0.015
46.234 62.490 0.215
22.166 44.334 1.808
13.360 37.427 0.605
18.637 52.758 0.829
50.497 56.287 0.778
43.450 46.573 1.470
4.904 54.341 1.506
38.268 50.394 0.719
5.664 17.138 0.831
20.587 31.721 1.827
18.619 33.980 0.309
10.937 22.091 0.545
10.348 14.419 0.671
30.114 57.095 1.927
26.787 34.778 1.826
28.915 53.033 0.944
14.916 29.610 1.873
17.972 55.175 1.645
37.794 39.554 1.590
15.658 60.801 0.579
51.568 59.959 1.035
15.370 39.706 1.842
5.612 11.539 1.652
16.958 46.849 0.768
30.905 36.163 0.863
58.498 58.670 0.149
54.888 61.217 0.823
11.259 33.270 0.203
40.676 59.261 1.055
50.231 56.881 0.543
52.227 62.694 0.298
32.303 34.763 0.441
12.278 22.382 0.395
11.972 43.035 1.914
44.328 57.210 0.589
47.168 61.999 1.843
50.660 52.424 0.518
3.713 14.046 1.808
53.565 62.623 0.719
22.894 50.558 0.663
53.252 57.907 0.760
40.479 51.629 0.534
31.671 56.880 1.604
44.780 60.030 0.973
33.542 44.133 0.558
3.248 49.265 1.823
22.109 31.193 0.565
19.474 57.859 0.100
14.929 22.584 0.808
52.516 60.995 1.216
11.811 51.021 0.903
26.000 56.017 1.273
10.467 61.090 0.645
42.564 60.252 0.395
2.838 6.439 1.486
7.850 38.405 0.165
34.137 41.287 1.066
4.631 8.963 0.609
24.676 34.522 0.267
49.239 53.681 1.018
59.277 61.340 1.833
17.066 39.446 1.414
17.685 41.807 0.689
48.667 50.597 1.034
49.753 52.120 1.109
30.574 54.546 1.893
28.435 60.269 0.903
32.931 59.607 0.731
39.583 51.586 0.245
6.746 37.741 0.560
47.477 60.902 0.738
44.661 51.851 0.928
26.525 41.078 1.172
37.922 50.602 1.115
50.200 50.692 0.371
6.555 19.137 0.081
15.358 49.309 0.821
26.564 46.508 0.266
51.407 55.198 1.613
55.430 57.051 0.627
36.412 61.819 0.021
32.235 33.380 0.774
14.224 43.844 1.771
9.156 37.989 0.033
55.003 57.810 1.305
24.334 29.831 1.932
23.975 37.733 1.012
19.705 31.499 1.251
17.397 58.488 1.067
28.684 52.047 0.656
27.620 42.908 1.166
55.338 60.512 0.242
