3.841 6.093 0.189
8.024 9.004 0.466
1.126 3.711 1.863
0.424 4.396 0.117
8.232 10.315 0.797
8.515 11.157 1.674
7.579 10.173 1.387
2.332 7.418 0.009
8.593 10.020 0.797
5.270 10.035 0.510
8.508 11.712 0.871
0.065 7.994 1.882
7.075 8.766 1.153
2.001 2.806 0.766
3.761 9.254 0.164
7.696 11.211 0.130
5.959 11.081 1.383
4.771 6.979 1.371
6.206 11.036 1.456
0.280 8.451 1.737
6.359 9.549 0.171
8.531 9.570 0.118
1.307 8.683 1.964
2.630 7.241 1.845
6.251 7.516 0.437
2.165 11.141 1.043
0.958 6.843 1.805
0.721 3.954 1.564
8.770 11.782 1.552
1.896 2.843 0.913
6.756 9.014 0.228
2.800 5.064 1.985
2.269 4.964 0.379
1.382 10.925 1.241
8.452 11.304 0.391
5.810 11.557 1.314
4.099 9.965 1.843
1.357 7.966 1.273
3.798 9.098 1.886
5.207 7.740 1.073
3.573 4.556 0.701
7.157 7.863 0.393
3.505 5.205 1.181
1.779 8.476 0.312
4.089 9.971 1.209
