3.972 7.981 1.369
7.521 9.363 1.184
8.545 10.964 1.752
8.887 11.714 0.371
5.170 9.784 0.884
6.377 8.053 0.099
2.342 11.074 0.815
6.392 11.568 1.457
3.542 11.263 0.795
2.777 8.373 0.776
3.182 10.128 1.467
6.627 8.649 1.479
1.802 8.915 0.545
8.200 10.522 0.736
0.984 4.668 1.815
4.662 8.615 1.310
6.189 6.818 0.181
0.682 4.737 0.056
2.765 5.278 1.395
3.554 9.305 0.136
6.524 10.446 0.397
5.541 9.652 1.310
0.885 2.473 1.091
8.771 11.931 0.928
6.551 10.596 1.062
6.235 8.931 0.744
0.450 3.753 1.620
0.547 9.666 0.621
1.912 7.133 0.644
0.082 6.568 0.880
5.454 8.988 1.517
3.148 11.587 1.685
5.610 7.839 1.995
5.066 8.807 1.727
2.758 3.558 0.568
5.513 6.402 0.782
0.279 10.464 0.911
8.431 11.246 0.804
5.504 11.392 1.617
5.243 6.873 1.190
7.139 10.388 0.924
5.305 10.978 1.138
6.055 6.796 0.687
2.406 5.157 0.683
6.939 11.438 0.743
