14.499 20.520 0.397
12.314 18.724 1.310
1.966 4.046 1.091
19.492 22.923 0.928
14.557 20.638 1.062
13.856 17.865 0.744
0.999 6.075 1.620
1.216 18.439 0.621
4.249 13.669 0.644
0.183 12.204 0.880
12.119 17.392 1.517
6.996 22.174 1.685
12.466 14.917 1.995
11.257 16.858 1.727
6.128 7.132 0.568
12.251 13.219 0.782
0.621 19.950 0.911
18.735 22.056 0.804
12.232 21.860 1.617
11.652 13.645 1.190
15.864 20.457 0.924
11.789 21.147 1.138
13.455 14.233 0.687
5.346 9.968 0.683
15.420 22.110 0.743
2.337 15.871 1.451
17.879 20.792 0.366
18.040 22.882 1.560
3.947 19.506 1.803
19.068 22.755 1.698
12.574 19.148 0.371
5.300 18.394 0.501
15.762 21.027 0.342
9.619 20.443 0.163
17.107 19.091 0.249
11.466 20.481 0.946
3.837 22.912 1.456
0.307 16.402 1.295
3.483 8.954 0.144
13.533 19.547 1.678
7.425 12.243 1.559
12.765 15.227 0.463
19.421 20.053 0.563
15.384 16.031 0.304
0.185 15.123 0.697
6.865 14.069 0.829
1.813 16.956 1.090
6.760 21.153 1.315
10.710 12.452 1.140
9.315 15.454 0.520
17.267 18.656 0.973
11.316 20.726 1.419
17.284 20.162 1.701
17.288 21.880 1.290
16.573 22.373 1.531
18.166 21.562 1.825
8.803 13.968 0.215
16.461 18.282 0.855
0.017 18.093 1.315
1.274 9.764 0.180
13.678 16.481 1.615
2.857 9.893 0.097
0.371 15.716 1.957
1.073 15.714 1.828
8.634 12.151 0.042
7.839 19.978 1.308
0.457 5.001 1.652
12.685 22.848 1.101
9.268 13.698 0.430
15.643 19.535 0.685
12.160 22.834 0.205
15.116 18.879 0.302
14.233 21.480 1.997
12.833 22.519 1.242
13.763 19.253 0.580
5.808 18.370 1.096
4.929 14.386 1.093
19.041 22.385 1.340
12.467 21.060 0.892
14.911 18.139 1.978
12.589 19.489 1.820
18.368 21.151 1.011
8.994 22.271 1.779
3.659 7.987 0.504
14.610 20.560 1.882
0.827 2.831 1.283
11.127 17.029 1.089
1.227 5.746 1.992
12.018 13.999 0.101
13.205 16.754 0.665
13.072 17.786 0.821
4.433 8.654 1.357
9.951 20.626 1.015
8.701 13.562 0.009
7.518 20.371 0.257
14.666 20.663 1.782
13.012 20.617 1.029
14.743 19.612 1.914
7.265 21.521 0.224
16.424 17.950 0.910
