39.912 54.066 1.315
1.036 70.739 1.005
43.446 68.124 1.016
60.094 61.561 0.931
10.378 67.185 1.374
7.088 8.176 0.806
45.452 72.949 1.923
22.824 69.246 0.917
56.210 63.411 0.504
43.390 61.415 1.639
11.724 60.677 0.703
43.117 68.779 1.514
40.265 70.512 0.414
26.035 66.778 0.883
39.004 48.959 1.029
29.942 60.096 0.499
52.213 62.969 1.079
47.031 62.076 0.853
39.090 71.464 0.002
6.847 65.824 1.221
12.324 15.427 1.445
20.053 30.545 0.917
37.261 72.603 1.327
43.523 54.518 0.212
23.023 35.841 0.048
67.902 70.770 0.032
44.817 58.843 0.982
66.086 72.672 1.205
4.670 48.091 0.982
4.454 6.430 0.900
19.782 31.630 1.342
16.424 46.760 1.216
57.236 67.190 1.652
8.968 60.905 1.922
44.886 51.877 0.670
25.894 37.413 1.416
14.317 70.866 1.743
5.495 10.505 0.138
46.828 63.081 1.932
23.670 59.012 0.445
51.186 71.066 1.862
55.260 57.443 1.345
25.926 52.314 1.862
55.095 72.215 0.877
43.307 48.983 1.264
44.792 65.222 0.581
50.192 63.134 0.218
30.305 55.533 0.515
26.973 29.581 1.121
67.646 71.407 1.154
2.905 48.219 0.172
38.479 43.078 1.206
18.599 69.502 0.764
62.485 64.754 1.415
17.759 72.592 1.760
17.990 28.753 0.863
4.206 55.585 1.333
35.388 58.329 1.450
50.590 66.814 1.341
57.793 61.924 1.386
35.708 71.078 0.270
59.152 64.700 0.895
11.837 47.042 0.992
50.357 58.037 0.153
55.518 70.702 1.109
47.424 50.464 0.040
28.720 51.115 0.790
41.457 52.616 1.796
16.071 57.168 1.976
36.473 40.232 1.432
21.222 62.070 1.898
67.116 69.781 1.920
55.813 57.797 1.257
62.408 71.280 0.147
50.970 66.540 1.422
53.051 57.264 1.478
38.195 46.216 1.863
16.648 54.228 1.928
67.018 70.591 0.943
36.896 68.066 1.470
35.289 42.300 0.525
37.496 54.236 1.373
17.639 60.209 1.684
28.535 39.638 0.664
12.529 71.655 1.568
0.553 7.198 1.362
2.196 24.986 0.250
48.855 53.837 0.028
16.189 36.983 1.591
65.890 69.912 1.909
32.096 56.102 1.862
12.224 31.257 0.548
30.111 37.128 0.499
4.664 41.501 1.627
54.950 59.222 1.037
63.027 70.458 0.136
33.305 55.008 1.311
33.123 61.545 1.996
20.974 46.020 0.644
51.527 67.115 0.307
54.931 67.725 0.203
36.706 50.302 1.615
15.719 23.818 1.286
19.427 54.462 0.304
58.244 70.510 1.203
52.104 68.974 0.636
28.120 37.634 1.921
30.402 35.405 1.381
10.079 48.769 0.984
10.083 71.713 0.554
8.045 20.944 1.684
25.905 70.733 0.905
37.424 48.455 0.197
66.896 71.803 1.554
62.286 65.035 1.839
1.604 70.230 0.989
47.627 61.554 0.768
17.039 24.542 0.592
43.130 51.280 1.793
64.732 71.321 1.325
43.843 62.783 1.620
25.266 37.495 0.405
58.569 65.309 0.112
37.648 62.223 0.909
22.250 30.854 0.222
50.564 72.274 0.633
38.150 48.961 0.485
57.973 68.623 0.361
52.587 54.483 0.445
59.974 62.623 1.241
23.619 69.053 1.566
20.543 40.903 1.497
58.624 60.865 0.121
15.059 47.576 1.428
18.334 49.923 0.623
11.570 39.892 1.872
40.075 52.054 0.779
48.802 63.248 0.217
14.578 65.512 1.953
0.258 70.034 0.960
42.549 63.196 0.964
25.764 40.221 1.903
12.786 70.965 1.984
28.216 44.395 1.672
57.082 72.660 1.605
23.348 70.318 0.554
21.775 40.932 0.000
1.970 35.797 1.885
65.832 70.746 0.842
16.902 46.795 0.750
64.044 67.690 0.446
48.925 54.962 1.685
65.486 68.264 0.777
26.571 34.606 0.749
35.170 62.205 1.717
52.015 58.814 1.004
4.928 43.700 1.558
58.614 65.155 1.263
1.412 40.644 1.413
23.416 34.436 1.337
28.780 34.750 1.260
49.075 66.752 0.038
14.550 43.287 0.948
2.626 53.230 0.227
53.313 71.278 0.986
52.596 65.444 1.422
28.028 51.292 1.497
19.190 69.413 0.210
46.338 71.297 1.623
44.144 62.930 1.105
43.480 58.885 0.180
65.420 69.509 0.907
37.622 48.288 1.699
66.543 69.941 1.229
21.675 59.162 0.447
59.398 67.355 1.937
41.404 69.553 0.780
21.540 38.109 0.042
36.984 45.049 1.593
23.600 47.381 1.368
37.533 72.857 1.829
47.295 69.136 1.296
69.368 72.626 1.329
39.427 69.732 1.352
52.863 58.061 0.984
10.036 70.026 1.564
53.012 63.097 0.370
62.961 69.638 1.677
69.391 71.512 0.183
32.756 66.745 0.678
65.653 72.687 0.954
2.273 21.061 0.886
10.750 37.765 1.069
28.708 59.761 1.464
17.614 58.532 0.248
1.589 55.977 1.670
23.604 49.233 1.619
22.555 58.639 1.962
54.696 67.270 0.561
2.619 39.248 0.220
45.503 47.772 1.939
66.966 68.091 0.329
53.899 69.411 1.322
68.361 72.515 0.221
65.768 72.765 0.651
67.462 71.193 1.601
56.099 68.393 0.742
49.705 51.379 1.179
0.966 65.985 0.316
3.354 65.547 0.501
14.719 18.488 0.104
10.147 25.981 1.768
31.547 70.575 1.328
17.554 68.349 1.499
4.461 10.922 0.627
58.917 64.295 1.882
41.164 55.020 0.725
23.091 34.462 0.283
39.135 71.884 1.824
27.815 56.053 0.086
55.315 57.833 1.342
49.133 63.635 1.852
12.711 72.348 1.310
22.143 68.793 0.142
40.790 71.608 1.745
64.343 72.236 1.405
32.585 39.558 0.984
40.931 42.388 1.313
52.534 55.124 0.401
10.370 32.460 1.225
49.169 56.955 1.529
46.881 63.460 0.113
69.474 70.554 0.492
43.279 47.475 1.731
30.846 42.682 0.166
11.254 71.654 0.217
15.877 71.717 0.842
35.751 40.661 1.898
8.366 46.571 1.598
54.082 62.134 0.187
9.791 13.300 1.367
17.853 44.208 1.225
47.729 59.057 1.085
64.956 70.093 1.727
5.134 37.950 0.504
49.210 69.909 0.445
35.629 37.324 1.585
44.753 67.527 0.144
59.017 61.145 1.047
10.342 33.257 1.156
36.522 43.158 1.894
63.593 72.334 1.701
40.822 61.531 1.837
46.061 51.955 1.571
55.379 65.228 1.739
25.313 38.983 1.553
14.634 61.372 1.727
48.641 50.357 0.563
35.178 39.764 0.738
23.837 49.711 0.953
41.579 59.752 1.277
33.664 45.366 1.202
43.215 70.022 1.178
11.686 57.332 1.415
3.595 20.201 0.610
6.294 24.608 1.965
5.275 35.792 1.558
55.965 57.320 0.522
15.292 26.202 0.858
50.825 67.830 0.814
61.739 66.590 0.808
42.162 52.275 1.064
65.328 69.739 1.653
11.288 50.442 0.321
64.698 69.741 0.148
31.053 61.028 0.200
13.991 30.397 0.082
55.969 58.741 1.028
60.109 71.475 0.510
58.998 72.083 0.319
58.483 67.054 1.558
23.593 49.040 1.242
64.089 72.523 0.459
26.990 52.063 0.305
62.465 66.866 0.035
34.055 52.999 0.435
67.377 71.890 0.568
8.757 35.247 0.877
31.459 39.613 0.012
51.448 65.252 0.451
47.050 69.956 1.153
13.181 65.693 0.701
60.654 66.069 1.755
42.241 60.127 1.693
9.545 42.817 1.347
21.427 39.016 0.962
6.652 9.778 0.182
26.400 35.350 0.496
54.072 66.754 0.407
34.027 71.071 1.074
9.784 16.322 0.847
54.288 64.987 0.855
60.404 68.459 1.226
38.263 49.582 1.227
18.466 46.545 1.454
37.099 64.645 0.708
40.244 67.611 0.968
51.158 64.444 0.454
2.247 48.268 0.352
23.734 41.091 1.957
56.078 63.329 0.773
8.385 21.529 1.901
55.061 60.529 0.430
11.827 49.355 0.413
46.695 53.692 1.461
4.403 14.151 1.993
45.234 55.115 1.867
25.811 56.220 0.856
3.365 36.668 1.180
24.140 48.407 1.186
43.873 60.412 0.164
39.797 70.108 1.395
65.785 71.219 1.938
21.523 32.506 0.981
68.114 71.446 0.905
58.097 65.894 0.315
1.805 40.133 0.938
45.195 71.083 0.905
20.863 57.888 1.662
1.181 17.688 1.604
20.058 34.303 1.686
6.682 9.892 0.124
43.568 70.248 0.518
59.932 69.668 0.337
69.494 70.527 0.770
51.391 54.201 1.403
63.540 70.254 1.614
45.915 46.254 0.118
64.928 67.959 1.284
7.674 45.634 0.069
12.480 47.366 1.165
10.598 41.794 1.753
12.647 53.736 0.808
64.347 66.634 1.696
57.693 72.592 0.396
31.222 48.791 1.355
25.129 59.848 0.902
31.906 64.039 1.173
12.564 62.000 0.822
36.214 39.265 1.057
