69.765 78.973 0.135
67.635 76.626 1.984
36.558 52.639 0.116
19.953 98.025 0.883
53.529 65.582 1.391
56.865 91.647 0.825
7.071 100.944 1.595
55.345 59.805 0.748
54.454 79.508 1.324
70.043 81.934 1.107
39.482 44.643 0.316
18.607 26.083 0.583
66.582 90.749 1.434
61.760 64.181 1.680
77.200 102.718 1.325
17.176 92.616 0.355
96.878 99.269 1.150
87.188 100.468 0.374
19.202 56.070 0.913
38.231 65.288 1.636
26.566 43.626 0.898
57.720 85.056 0.409
79.968 93.263 1.770
43.889 97.988 1.645
3.198 84.539 1.329
68.700 73.556 0.485
3.439 89.368 0.893
5.683 87.732 0.923
72.686 82.167 0.143
46.083 58.861 1.733
65.542 78.170 0.193
50.142 84.619 0.356
10.794 61.659 0.954
8.933 95.796 1.711
49.474 93.512 0.717
37.394 80.153 0.201
63.433 77.146 1.619
94.607 101.086 0.644
28.291 49.991 0.455
44.652 61.166 0.833
55.055 97.304 0.487
43.483 95.742 0.094
39.051 53.714 0.629
76.455 96.390 1.876
74.660 88.106 1.987
90.201 93.356 1.231
82.955 91.352 0.446
73.547 91.261 1.424
98.669 102.767 0.005
58.138 77.919 0.917
35.823 76.538 1.209
42.247 48.538 0.027
60.106 65.325 0.483
4.160 23.873 0.771
3.320 30.820 1.761
76.232 77.887 1.133
23.435 91.282 1.683
10.382 76.626 1.411
5.258 93.117 0.175
92.541 97.981 0.681
74.450 79.704 1.538
69.912 84.651 1.063
23.392 32.647 1.635
53.743 94.970 1.515
84.552 94.945 0.547
63.384 88.143 0.715
97.064 102.549 1.446
98.102 99.525 1.333
58.855 74.724 1.642
73.226 86.428 1.015
1.062 57.661 1.116
49.611 68.545 1.826
27.412 56.711 1.459
32.456 102.373 1.090
90.112 93.718 0.436
29.810 40.247 1.723
89.026 101.423 0.464
54.967 100.485 0.481
44.288 46.715 1.501
43.217 62.907 1.418
66.915 72.935 0.360
44.078 98.462 0.378
99.854 101.714 1.617
58.269 77.429 1.858
85.739 90.569 0.219
26.328 53.295 1.343
99.753 102.166 1.013
55.657 83.357 1.395
29.231 102.802 1.767
7.334 27.110 1.712
48.253 83.692 0.319
65.905 96.276 1.283
87.906 101.146 1.282
96.564 98.513 1.852
4.044 88.923 1.728
68.093 88.412 1.503
56.142 86.477 0.509
97.946 102.201 0.479
96.200 99.975 0.788
71.581 97.614 1.609
88.107 89.921 0.060
13.205 22.857 0.208
97.342 101.757 0.761
52.617 61.533 0.283
71.795 88.655 1.722
54.717 92.268 0.531
38.435 89.898 0.488
67.711 94.787 0.283
30.644 59.004 1.106
14.832 29.229 1.404
99.554 102.600 1.690
15.616 70.205 0.471
12.033 42.307 1.092
88.537 99.581 1.643
60.970 65.225 0.656
69.863 81.727 1.614
72.094 84.387 1.486
96.277 97.716 1.303
49.016 66.047 0.238
53.624 79.164 1.641
16.172 48.114 1.346
3.867 10.190 0.229
61.010 69.251 1.109
78.878 82.166 1.043
4.337 26.119 1.398
86.364 101.716 1.980
3.665 79.327 0.203
21.680 95.567 0.108
81.304 89.414 0.995
32.716 92.791 1.297
29.374 69.485 1.295
55.464 71.094 0.670
40.129 51.914 1.038
38.157 65.744 0.307
4.691 31.001 1.637
14.194 80.045 0.074
79.095 102.415 1.323
81.130 85.005 1.663
95.428 99.242 1.602
7.315 74.977 0.026
61.119 102.051 1.718
31.684 92.182 1.787
2.725 7.063 1.274
58.303 62.344 0.030
35.081 39.333 1.636
88.174 89.464 0.415
34.483 52.915 0.909
88.730 94.783 0.095
28.425 83.531 1.231
89.169 97.072 1.640
46.504 70.077 1.215
19.724 83.732 0.397
70.461 77.254 0.747
97.415 100.954 0.617
37.745 68.341 0.392
12.687 26.917 0.589
55.660 81.941 1.472
2.765 34.720 1.142
34.046 61.191 1.852
21.128 99.975 0.434
6.400 38.112 0.722
40.913 89.882 0.275
44.713 94.480 1.580
75.512 85.256 0.472
44.490 83.349 0.302
74.813 83.618 1.208
26.319 92.819 1.050
72.991 73.873 0.380
30.830 74.062 0.872
35.701 79.866 0.548
38.115 65.214 0.657
93.921 99.495 1.734
82.672 91.144 1.666
70.534 83.707 1.228
23.414 68.503 1.577
16.947 45.544 0.853
27.726 33.635 1.993
92.767 101.962 1.206
1.328 48.645 1.019
54.677 92.122 0.410
4.611 41.409 1.961
83.303 90.991 1.156
3.223 42.985 0.783
81.661 90.440 1.501
68.929 99.970 0.861
38.539 91.789 1.342
38.298 64.498 0.078
76.687 85.645 0.858
14.402 93.134 0.652
12.351 76.864 0.841
22.602 76.644 0.530
51.176 95.523 0.898
68.426 83.207 0.973
48.878 76.789 1.334
55.956 64.368 0.317
85.601 90.762 1.282
71.377 84.744 1.140
53.032 96.554 0.618
81.042 98.279 1.372
45.778 47.962 1.694
99.149 101.535 1.539
95.553 101.880 0.057
9.146 33.801 0.592
0.928 33.931 0.503
38.145 96.938 1.879
99.527 101.592 1.140
46.849 76.685 0.984
15.360 100.613 1.013
72.277 81.211 0.724
5.219 99.883 1.341
8.060 45.145 1.693
35.658 102.868 1.984
91.156 101.918 1.745
60.097 76.217 0.466
45.814 56.665 0.843
45.274 64.043 0.102
79.034 82.106 1.140
30.927 74.570 1.682
88.131 99.789 0.140
8.344 53.270 1.103
93.728 102.501 1.647
84.817 100.859 0.397
12.375 14.791 1.154
74.688 95.885 1.226
94.980 100.376 1.590
36.079 80.077 1.205
42.473 51.789 0.245
67.742 99.381 1.679
31.608 93.301 0.403
5.792 69.439 0.060
3.308 60.293 0.036
27.454 85.138 1.822
46.809 72.144 1.059
90.930 102.151 1.876
16.803 30.445 0.413
29.887 84.222 1.740
11.014 67.085 0.850
89.923 100.531 0.747
73.882 89.013 0.946
55.467 89.481 1.894
41.649 88.707 0.953
81.567 99.956 0.959
66.863 89.719 1.699
27.741 46.339 0.551
19.184 72.126 0.215
4.102 71.269 1.998
16.529 22.010 0.360
94.519 100.616 0.662
58.855 79.398 1.599
31.388 69.625 1.729
78.335 86.088 0.611
73.269 74.354 0.888
47.414 49.343 0.731
92.990 101.887 0.939
62.038 71.176 1.705
32.655 89.344 0.459
4.306 6.031 0.979
35.108 80.688 1.433
49.260 67.155 0.163
32.063 82.571 0.555
76.623 81.752 0.505
69.210 82.811 0.867
43.199 60.722 1.538
91.043 96.307 1.883
27.213 37.906 1.727
5.210 89.577 0.503
34.980 52.970 1.184
10.456 97.810 1.166
25.373 36.781 0.632
16.111 84.814 1.085
20.994 61.587 1.972
17.322 36.709 0.193
99.399 102.166 0.369
30.958 93.056 1.011
55.544 87.820 1.870
55.119 63.930 0.162
60.451 83.378 0.567
2.988 69.053 1.991
73.266 95.882 1.360
91.485 98.439 0.957
57.097 97.324 0.816
49.864 102.765 0.387
65.618 87.010 1.589
65.181 98.051 0.088
69.878 76.213 1.740
12.824 17.588 1.410
45.875 68.452 1.225
44.194 61.076 0.951
5.271 98.668 0.108
31.684 85.786 0.375
86.941 90.456 0.935
16.825 72.067 1.114
98.486 100.319 1.421
82.516 84.672 0.184
66.405 78.113 1.434
87.689 100.686 0.309
84.381 100.640 0.403
74.895 88.746 1.246
3.211 63.801 0.034
0.421 66.352 0.812
45.946 93.491 0.842
55.611 95.460 1.003
20.289 90.794 1.636
59.108 72.392 1.919
99.698 102.136 1.219
15.677 25.449 1.259
17.533 98.489 1.100
70.113 72.107 1.175
27.332 44.645 1.558
47.551 102.116 0.497
89.523 95.003 0.934
76.379 78.087 0.074
13.095 51.178 1.931
49.413 60.758 1.372
72.329 75.374 1.234
5.930 56.909 0.893
96.149 102.738 0.071
23.395 101.261 0.566
53.810 64.369 1.818
6.546 45.480 0.366
97.357 102.434 0.508
64.650 100.260 1.199
31.755 35.423 1.486
88.412 91.294 0.875
29.887 42.805 0.691
88.064 90.403 0.970
54.250 76.090 0.347
46.663 70.965 0.842
52.950 68.631 0.508
89.605 93.846 0.229
26.640 40.865 0.155
85.702 87.689 1.026
78.079 94.744 0.659
89.059 99.237 1.164
19.495 53.228 0.575
17.121 69.645 0.394
87.347 100.319 0.317
51.131 74.862 0.280
61.892 93.545 0.344
53.163 78.970 0.265
72.832 101.308 1.507
31.709 76.164 1.381
54.442 75.630 1.232
67.534 79.371 0.412
56.804 68.922 0.647
46.220 51.080 1.212
86.422 91.721 1.768
45.494 100.805 1.804
1.883 80.509 0.684
6.909 64.579 0.975
91.379 98.566 0.653
95.080 99.668 1.684
70.675 84.409 0.272
25.971 99.097 1.889
25.575 40.282 0.804
41.322 57.717 1.666
44.142 67.618 1.416
31.343 101.795 1.997
3.681 98.647 1.960
75.369 82.201 0.539
58.190 67.297 0.025
92.090 100.007 0.388
76.049 99.186 0.798
80.328 102.207 0.463
67.742 77.659 0.825
0.217 44.537 0.040
81.970 89.353 0.488
5.795 9.953 0.251
97.769 99.434 1.037
5.844 64.211 1.462
63.298 77.716 0.623
12.842 95.885 0.418
90.582 98.687 0.298
52.513 92.190 0.321
72.784 98.841 1.469
61.415 84.743 1.685
8.802 79.675 1.229
9.598 43.792 1.250
61.492 79.263 1.475
61.974 91.865 1.635
3.372 58.807 0.104
48.692 53.519 1.016
79.754 82.154 1.959
63.283 94.613 1.194
5.963 36.363 0.057
60.744 77.614 1.238
75.900 97.859 1.938
98.196 101.319 1.630
55.196 80.818 0.258
60.961 87.970 1.847
27.277 62.470 1.017
59.322 80.848 1.769
15.998 59.432 1.503
78.222 99.053 1.469
87.835 94.554 1.281
26.466 76.254 0.095
1.532 96.767 1.644
75.985 86.287 1.919
86.691 91.114 0.136
17.682 52.000 1.439
57.018 76.381 1.315
1.480 99.797 1.005
62.065 96.179 1.016
85.849 87.505 0.931
14.826 94.759 1.374
10.126 11.331 0.806
64.931 102.928 1.923
32.606 97.706 0.917
80.300 89.932 0.504
61.986 86.691 1.639
16.749 85.596 0.703
61.596 97.065 1.514
57.521 99.531 0.414
37.193 94.234 0.883
55.721 69.271 1.029
42.775 84.891 0.499
74.590 89.088 1.079
67.186 87.795 0.853
55.843 100.864 0.002
9.781 92.834 1.221
17.606 21.401 1.445
28.648 43.079 0.917
53.230 102.441 1.327
62.175 77.351 0.212
32.890 50.858 0.048
97.003 100.375 0.032
64.025 83.226 0.982
94.409 102.575 1.205
6.671 67.736 0.982
6.363 8.786 0.900
28.260 44.467 1.342
23.463 65.877 1.216
81.765 94.938 1.652
12.812 85.811 1.922
64.122 73.592 0.670
36.991 52.689 1.416
20.454 99.972 1.743
7.849 14.859 0.138
66.897 89.017 1.932
33.815 83.331 0.445
73.122 100.285 1.862
78.942 81.448 1.345
37.037 73.672 1.862
78.707 101.920 0.877
61.867 69.319 1.264
63.988 92.180 0.581
71.703 89.426 0.218
43.294 78.488 0.515
38.533 41.751 1.121
96.637 101.024 1.154
4.151 68.027 0.172
54.970 60.946 1.206
26.569 98.065 0.764
89.264 91.836 1.415
25.370 102.421 1.760
25.700 40.538 0.863
6.009 78.305 1.333
50.554 82.310 1.450
72.271 94.372 1.341
82.562 87.732 1.386
51.012 100.315 0.270
84.503 91.721 0.895
16.910 66.288 0.992
71.938 82.436 0.153
79.312 99.831 1.109
67.748 71.925 0.040
41.029 72.212 0.790
59.224 74.233 1.796
22.959 80.510 1.976
52.104 56.817 1.432
30.317 87.489 1.898
95.880 98.777 1.920
79.733 81.994 1.257
89.154 100.744 0.147
72.814 93.984 1.422
75.787 81.076 1.478
54.564 65.134 1.863
23.783 76.341 1.928
95.740 99.981 0.943
52.709 96.045 1.470
50.414 60.018 0.525
53.566 76.578 1.373
25.199 84.862 1.684
40.764 56.102 0.664
17.899 101.093 1.568
0.790 9.647 1.362
3.137 35.211 0.250
69.793 76.636 0.028
23.127 51.941 1.591
94.128 98.867 1.909
45.851 79.071 1.862
17.463 44.096 0.548
43.016 52.661 0.499
6.662 58.279 1.627
78.500 83.998 1.037
90.039 99.686 0.136
47.578 77.637 1.311
47.319 86.765 1.996
29.963 64.987 0.644
73.611 94.914 0.307
