0.010 3.044 1.127
6.470 9.252 1.170
2.802 9.865 1.792
5.973 10.340 0.348
5.684 8.015 1.027
0.120 4.201 0.183
1.179 10.891 0.332
3.566 3.837 0.238
0.071 6.236 0.756
4.569 8.947 1.204
1.330 6.417 1.326
2.817 7.834 0.114
6.267 9.498 1.605
2.416 9.133 1.752
7.647 10.308 1.851
1.139 4.166 0.924
6.898 10.189 0.419
6.749 10.999 1.994
4.892 7.094 0.785
2.378 4.223 1.680
3.007 8.480 0.185
0.450 10.145 0.018
2.207 7.601 0.546
5.529 9.962 1.675
3.880 9.281 0.411
3.748 10.678 0.916
5.956 9.064 0.217
3.082 8.479 1.470
4.579 6.165 0.723
1.801 9.354 0.850
4.137 9.787 1.980
2.764 8.294 0.338
3.935 8.917 0.127
4.038 10.664 0.295
1.133 8.526 1.810
2.424 3.821 0.853
7.733 9.391 1.366
7.018 10.023 1.643
1.531 9.334 0.356
3.802 7.584 0.311
