1.924 10.215 1.043
0.851 6.342 1.805
0.641 3.716 1.564
7.795 10.786 1.552
1.685 2.630 0.913
6.005 8.162 0.228
2.489 4.726 1.985
2.017 4.527 0.379
1.228 10.022 1.241
7.513 10.318 0.391
5.164 10.589 1.314
3.644 9.148 1.843
1.206 7.332 1.273
3.376 8.364 1.886
4.629 7.054 1.073
3.176 4.137 0.701
6.362 7.053 0.393
3.115 4.772 1.181
1.581 7.761 0.312
3.635 9.137 1.209
3.530 7.318 1.369
6.686 8.495 1.184
7.596 9.995 1.752
7.900 10.715 0.371
4.596 8.943 0.884
5.668 7.262 0.099
2.082 10.152 0.815
5.682 10.599 1.457
3.149 10.322 0.795
2.469 7.670 0.776
2.828 9.293 1.467
5.891 7.876 1.479
1.601 8.171 0.545
7.289 9.565 0.736
0.875 4.377 1.815
4.144 7.886 1.310
5.501 6.105 0.181
0.606 4.333 0.056
2.458 4.872 1.395
3.159 8.501 0.136
