7.249 11.362 0.397
6.157 10.477 1.310
0.983 2.616 1.091
9.746 12.930 0.928
7.279 11.509 1.062
6.928 9.743 0.744
0.500 3.964 1.620
0.608 10.463 0.621
2.125 7.727 0.644
0.092 7.080 0.880
6.059 9.752 1.517
3.498 12.549 1.685
6.233 8.483 1.995
5.629 9.539 1.727
3.064 3.883 0.568
6.126 7.021 0.782
0.310 11.327 0.911
9.368 12.229 0.804
6.116 12.344 1.617
5.826 7.489 1.190
7.932 11.304 0.924
5.894 11.902 1.138
6.728 7.472 0.687
2.673 5.594 0.683
7.710 12.408 0.743
1.169 9.148 1.451
8.939 11.284 0.366
9.020 12.916 1.560
1.974 11.132 1.803
9.534 12.806 1.698
6.287 10.571 0.371
2.650 10.362 0.501
7.881 11.633 0.342
4.809 11.447 0.163
8.553 10.093 0.249
5.733 11.496 0.946
1.919 12.952 1.456
0.154 9.438 1.295
1.741 4.942 0.144
6.766 10.980 1.678
3.712 7.068 1.559
6.382 8.105 0.463
9.710 10.336 0.563
7.692 8.231 0.304
0.092 8.652 0.697
3.432 7.901 0.829
0.907 9.691 1.090
3.380 11.972 1.315
5.355 6.846 1.140
4.658 8.516 0.520
