1.516 1.817 0.289
0.366 7.965 1.612
1.263 5.647 0.231
0.086 4.261 0.228
4.513 7.578 1.372
0.443 2.868 0.873
4.177 6.610 0.581
1.395 5.985 1.156
3.772 6.567 0.320
5.778 8.862 1.392
1.140 3.094 0.672
5.971 8.996 0.915
0.585 2.512 1.250
2.626 4.708 1.863
5.368 6.642 0.580
4.614 6.156 0.821
3.768 6.794 1.208
2.798 7.171 1.196
5.129 8.169 1.658
4.325 6.786 1.132
1.106 6.145 1.476
5.431 6.499 0.486
3.628 7.349 1.397
2.108 3.571 0.989
4.444 7.735 1.224
4.147 6.240 1.609
3.456 8.663 1.735
3.688 5.310 1.455
4.007 6.917 1.953
3.415 4.892 0.612
