0.011 3.238 1.127
7.279 10.153 1.170
3.153 10.750 1.792
6.719 11.304 0.348
6.395 8.813 1.027
0.135 4.575 0.183
1.326 11.881 0.332
4.011 4.286 0.238
0.080 6.771 0.756
5.141 9.778 1.204
1.496 6.959 1.326
3.169 8.580 0.114
7.050 10.394 1.605
2.718 9.942 1.752
8.603 11.288 1.851
1.281 4.510 0.924
7.760 11.158 0.419
7.593 11.999 1.994
5.503 7.809 0.785
2.676 4.537 1.680
3.383 9.278 0.185
0.506 11.068 0.018
2.483 8.303 0.546
6.221 10.877 1.675
4.364 10.149 0.411
4.216 11.651 0.916
6.700 9.962 0.217
3.467 9.238 1.470
5.152 6.803 0.723
2.026 10.202 0.850
4.654 10.667 1.980
3.110 9.069 0.338
4.427 9.764 0.127
4.543 11.639 0.295
1.274 9.262 1.810
2.727 4.173 0.853
8.700 10.362 1.366
7.895 10.971 1.643
1.722 10.186 0.356
4.277 8.323 0.311
6.588 8.686 0.811
5.119 10.653 1.364
6.497 8.008 0.951
3.310 5.226 1.669
4.653 8.545 1.326
