0.150 24.807 1.127
97.049 110.111 1.170
42.035 108.974 1.792
89.593 118.337 0.348
85.260 97.448 1.027
1.798 46.087 0.183
17.678 121.795 0.332
53.483 54.045 0.238
1.069 66.249 0.756
68.542 102.080 1.204
19.948 67.131 1.326
42.255 91.367 0.114
93.998 109.846 1.605
36.234 99.764 1.752
114.708 120.033 1.851
17.081 42.713 0.924
103.469 118.789 0.419
101.238 122.994 1.994
73.380 87.165 0.785
35.674 39.388 1.680
45.104 97.915 0.185
6.746 113.560 0.018
33.106 86.181 0.546
82.942 112.502 1.675
58.193 106.497 0.411
56.215 119.651 0.916
89.333 109.588 0.217
46.228 93.554 1.470
68.689 77.533 0.723
27.013 104.247 0.850
62.053 108.349 1.980
41.467 95.175 0.338
59.028 103.831 0.127
60.577 119.868 0.295
16.989 90.999 1.810
36.366 43.256 0.853
115.994 118.224 1.366
105.271 116.277 1.643
22.962 104.778 0.356
57.032 90.429 0.311
87.842 98.256 0.811
68.249 109.966 1.364
86.630 91.938 0.951
44.137 48.516 1.669
62.042 88.784 1.326
12.561 114.467 1.899
65.946 93.225 0.692
44.998 70.872 1.694
54.732 121.847 0.544
35.736 85.879 1.478
23.519 107.272 1.523
47.719 114.841 1.002
3.296 72.687 1.989
6.061 29.611 1.063
101.165 115.953 1.254
23.742 37.460 1.684
13.191 48.698 1.486
112.928 116.695 0.572
16.832 105.684 1.466
84.960 113.687 1.200
30.327 30.765 0.289
7.321 106.190 1.612
25.269 79.438 0.231
1.710 56.962 0.228
90.266 108.682 1.372
8.866 32.612 0.873
83.546 101.102 0.581
27.891 79.084 1.156
75.442 99.576 0.320
115.565 122.546 1.392
22.794 41.218 0.672
119.421 122.995 0.915
11.701 23.339 1.250
52.527 57.713 1.863
107.354 111.359 0.580
92.288 99.146 0.821
75.369 97.542 1.208
55.962 98.950 1.196
102.575 115.958 1.658
86.509 100.905 1.132
22.112 78.775 1.476
108.610 111.723 0.486
72.567 102.631 1.397
42.156 49.564 0.989
88.889 110.516 1.224
82.935 90.278 1.609
69.124 118.389 1.735
73.764 77.285 1.455
80.133 94.974 1.953
68.304 78.322 0.612
13.027 106.897 1.738
89.318 100.538 0.310
9.522 82.314 0.153
98.400 110.029 1.090
49.077 83.812 0.597
60.145 80.656 0.305
88.560 117.140 0.628
115.089 121.305 1.747
36.007 48.723 1.888
7.888 69.020 1.570
73.157 78.533 1.912
105.076 111.737 1.308
12.576 38.433 1.010
34.835 84.254 1.840
79.536 101.060 0.229
45.496 107.190 0.994
61.111 103.939 0.765
63.858 87.963 1.213
0.707 14.285 1.416
74.768 99.352 1.726
89.680 102.962 0.994
94.244 105.223 1.106
114.686 117.193 1.262
44.910 103.020 0.263
114.206 115.641 1.224
39.581 92.944 0.112
15.795 108.684 1.694
71.626 115.709 1.443
1.762 87.661 0.253
74.057 77.692 0.435
20.270 56.122 1.248
38.329 94.546 0.735
96.287 111.116 1.614
73.332 118.222 1.596
17.377 60.635 1.260
30.444 109.636 0.273
7.940 74.275 0.856
36.274 56.685 1.096
37.362 106.603 0.221
16.165 100.483 0.568
107.428 119.415 1.579
73.827 116.055 0.722
27.419 50.680 1.727
29.946 121.605 1.085
6.456 67.681 0.163
51.216 69.934 0.189
106.984 109.729 0.466
15.011 25.377 1.863
5.651 45.206 0.117
109.764 115.945 0.797
113.540 119.374 1.674
101.052 110.616 1.387
31.100 79.406 0.009
114.576 117.212 0.797
70.267 106.498 0.510
113.434 122.045 0.871
0.861 75.083 1.882
94.339 99.410 1.153
26.679 27.854 0.766
50.150 98.282 0.164
102.612 119.172 0.130
79.448 114.680 1.383
63.616 73.270 1.371
82.741 114.375 1.456
3.728 81.219 1.737
84.788 105.957 0.171
113.749 116.378 0.118
17.421 83.624 1.964
35.069 68.554 1.845
83.345 89.897 0.437
28.866 113.903 1.043
12.770 62.469 1.805
9.613 30.387 1.564
116.927 122.414 1.552
25.277 26.553 0.913
90.076 103.536 0.228
37.336 42.550 1.985
30.250 53.508 0.379
18.421 111.155 1.241
112.690 120.815 0.391
77.467 118.982 1.314
54.655 100.667 1.843
18.091 78.389 1.273
50.645 90.625 1.886
69.428 83.904 1.073
47.635 51.069 0.701
95.430 97.733 0.393
46.730 53.237 1.181
23.720 87.801 0.312
54.519 102.640 1.209
52.956 81.556 1.369
100.286 105.768 1.184
113.935 118.552 1.752
118.495 122.569 0.371
68.934 103.181 0.884
85.022 95.938 0.099
31.224 113.478 0.815
85.224 119.225 1.457
47.228 115.792 0.795
37.032 86.417 0.776
42.427 102.856 1.467
88.366 94.464 1.479
24.021 91.544 0.545
109.336 116.764 0.736
13.125 36.884 1.815
62.155 89.572 1.310
82.517 85.905 0.181
9.093 49.575 0.056
36.868 50.352 1.395
47.382 98.524 0.136
86.992 112.104 0.397
73.885 101.201 1.310
11.796 18.351 1.091
116.949 122.846 0.928
87.344 111.927 1.062
83.136 99.083 0.744
5.995 27.179 1.620
7.299 98.198 0.621
25.496 73.085 0.644
1.099 63.440 0.880
72.713 93.791 1.517
41.976 118.424 1.685
74.797 79.262 1.995
67.542 90.050 1.727
36.769 39.625 0.568
73.508 75.197 0.782
3.724 106.185 0.911
112.412 120.332 0.804
73.391 117.021 1.617
69.912 75.202 1.190
95.181 111.990 0.924
70.732 113.595 1.138
80.730 81.842 0.687
32.077 53.704 0.683
92.522 119.131 0.743
14.023 83.100 1.451
107.274 115.866 0.366
108.241 122.541 1.560
23.684 103.246 1.803
114.408 122.244 1.698
75.445 104.925 0.371
31.799 98.711 0.501
94.573 114.965 0.342
57.713 110.401 0.163
102.641 109.074 0.249
68.798 110.328 0.946
23.024 122.510 1.456
1.842 86.039 1.295
20.897 49.077 0.144
81.195 105.210 1.678
44.547 63.986 1.559
76.588 86.452 0.463
116.525 117.223 0.563
92.306 94.037 0.304
1.110 79.841 0.697
41.189 75.748 0.829
10.880 89.610 1.090
40.559 112.960 1.315
64.257 68.507 1.140
55.893 84.832 0.520
103.601 106.185 0.973
67.898 111.107 1.419
103.707 110.563 1.701
103.725 118.447 1.290
99.437 120.178 1.531
108.999 117.179 1.825
52.820 77.804 0.215
98.766 103.592 0.855
0.103 95.468 1.315
7.647 52.244 0.180
82.067 89.740 1.615
17.143 53.848 0.097
2.227 81.133 1.957
6.438 81.406 1.828
51.806 69.109 0.042
47.034 106.716 1.308
2.739 20.811 1.652
76.112 122.244 1.101
55.611 76.175 0.430
93.859 108.220 0.685
72.962 122.224 0.205
90.699 105.605 0.302
85.396 115.006 1.997
76.998 120.588 1.242
82.579 105.755 0.580
34.846 97.959 1.096
29.572 76.152 1.093
114.247 121.259 1.340
74.805 113.481 0.892
89.464 97.900 1.978
75.537 104.345 1.820
110.207 116.984 1.011
53.966 118.991 1.779
21.951 42.867 0.504
87.659 110.456 1.882
4.962 10.275 1.283
66.762 92.466 1.089
7.365 23.875 1.992
72.109 80.986 0.101
79.228 93.513 0.665
78.430 97.954 0.821
26.595 43.773 1.357
59.705 110.714 1.015
52.209 76.247 0.009
45.108 109.594 0.257
87.996 111.151 1.782
78.071 111.321 1.029
88.461 105.573 1.914
43.591 115.451 0.224
98.547 102.015 0.910
104.333 106.527 1.523
50.000 56.692 1.872
19.783 32.224 0.423
70.934 103.215 0.237
69.611 109.039 1.381
109.878 114.734 1.339
97.064 122.937 0.756
92.702 98.209 0.409
46.591 91.135 0.362
23.475 43.965 1.920
45.807 55.668 0.608
23.779 100.317 0.092
91.325 93.140 1.762
53.835 109.443 0.853
55.362 106.297 0.990
28.620 38.389 1.119
110.643 121.489 1.788
7.156 80.735 0.982
89.666 99.316 1.512
109.189 113.214 1.584
66.341 95.976 0.102
94.844 96.896 1.408
87.809 120.076 1.107
105.065 111.650 1.594
47.393 52.282 0.964
78.236 112.641 0.002
90.743 96.106 0.439
6.903 11.995 1.341
41.504 106.832 1.396
52.351 97.968 1.963
35.436 112.118 0.954
9.514 25.941 0.202
17.161 51.105 1.836
44.859 50.054 1.628
97.704 120.466 0.480
30.781 50.390 0.539
27.525 111.263 1.692
106.523 117.222 1.690
4.907 26.890 0.347
42.709 58.300 0.899
107.336 116.459 1.246
109.402 119.619 1.045
119.919 122.849 1.939
100.825 109.311 0.293
34.125 120.676 0.342
89.018 91.456 1.433
77.405 111.389 1.625
98.180 116.093 0.249
45.009 116.514 1.300
106.761 119.336 0.064
53.864 69.681 0.015
50.216 117.132 0.313
60.203 107.701 0.486
108.783 109.652 0.427
92.541 109.697 0.456
96.767 106.605 1.704
64.671 115.639 1.984
77.624 114.591 0.455
44.525 47.978 0.734
67.356 74.721 0.796
38.992 57.354 1.798
112.822 121.504 0.250
107.274 111.460 0.891
76.171 105.815 1.120
50.839 113.200 0.033
16.755 48.154 0.535
81.799 121.350 1.123
72.867 94.969 1.576
98.206 102.851 1.479
61.983 62.449 0.040
89.798 119.816 0.668
55.472 60.341 1.536
75.716 107.999 0.048
116.290 121.324 1.001
31.913 91.393 1.645
71.666 115.086 0.527
55.208 80.014 1.496
1.740 78.063 0.953
48.466 51.270 0.767
34.659 112.880 1.194
51.861 80.255 1.863
63.975 121.480 0.020
103.824 117.503 0.875
39.955 81.961 1.205
67.154 88.324 0.078
27.965 109.913 1.875
115.693 120.467 1.218
9.174 44.491 0.814
59.830 115.110 0.160
36.512 117.301 1.563
70.611 85.555 0.432
67.286 82.530 1.749
36.168 111.611 1.454
27.730 70.507 0.381
106.842 108.422 1.149
119.429 121.685 0.118
30.832 41.835 0.340
27.778 119.213 0.990
5.914 45.555 0.159
33.568 77.965 1.031
49.473 94.405 1.849
35.058 70.950 0.952
114.159 121.722 1.097
95.331 112.388 1.603
104.410 121.908 0.636
32.151 97.981 1.887
15.315 67.055 1.550
21.109 25.402 0.053
54.574 65.378 1.725
1.736 101.072 0.426
95.665 114.197 1.559
35.849 116.282 1.563
101.055 112.244 0.485
2.761 6.622 0.151
42.745 76.478 1.431
21.651 40.594 0.596
89.387 91.599 0.269
63.074 111.557 0.718
19.058 34.321 1.800
3.508 101.328 0.363
29.906 62.946 1.141
64.792 115.649 1.330
111.903 114.762 1.891
18.388 102.327 1.116
107.417 121.029 0.145
98.690 112.381 0.777
80.635 93.204 0.902
113.935 121.069 1.964
71.377 78.662 0.545
23.753 72.737 1.201
42.639 81.327 0.460
83.015 110.474 1.896
117.909 120.755 0.475
28.298 75.094 1.796
39.175 87.483 1.075
40.383 54.943 0.696
34.820 116.228 0.439
88.761 111.596 1.614
82.404 113.662 0.540
7.731 106.958 1.444
40.988 80.752 0.089
2.494 77.669 1.676
64.869 98.448 1.208
93.284 114.376 1.280
91.193 97.680 1.736
50.821 53.906 1.573
52.604 88.287 0.084
32.312 54.620 0.137
117.847 121.408 1.013
8.522 117.942 0.735
103.209 108.508 0.675
34.743 122.357 0.102
20.695 43.323 0.138
36.110 93.106 1.574
10.042 25.912 0.526
26.104 44.301 1.125
75.874 97.373 0.214
91.061 93.524 0.668
33.901 111.883 1.389
68.110 74.164 1.737
95.448 113.673 1.999
74.263 103.654 1.190
23.310 47.894 1.958
5.076 35.519 0.478
48.817 70.187 1.590
108.006 119.122 0.759
24.779 84.202 0.106
42.478 96.515 0.722
117.125 122.434 0.447
41.636 96.391 1.907
24.200 59.682 0.565
63.840 77.308 0.582
11.953 90.785 0.213
101.257 119.311 1.344
0.692 75.032 0.983
112.240 118.988 0.581
89.629 120.224 1.748
99.612 107.585 1.212
94.108 109.923 0.300
82.686 122.731 0.789
12.232 16.071 0.823
82.492 89.768 0.518
27.437 109.884 0.378
91.596 106.820 0.095
6.738 18.379 1.922
67.857 100.324 1.925
105.439 113.007 0.817
49.619 110.271 1.317
113.423 114.009 0.566
73.951 106.164 0.099
50.634 95.096 1.909
24.105 58.331 0.829
74.775 76.618 1.617
12.631 43.759 0.789
38.014 110.792 1.648
37.384 85.902 0.395
56.288 86.319 1.990
44.218 75.054 0.838
69.652 88.815 1.755
47.206 86.729 1.902
50.231 107.026 1.217
10.038 33.765 0.302
10.481 63.905 0.635
75.497 79.877 0.666
73.742 87.775 0.286
98.997 122.871 0.878
26.514 76.694 0.215
31.751 84.340 0.015
92.467 122.066 0.215
44.331 86.239 1.808
26.720 73.102 0.605
37.274 103.026 0.829
100.993 110.846 0.778
86.901 91.536 1.470
9.807 105.910 1.506
76.537 98.985 0.719
11.327 33.036 0.831
41.174 61.346 1.827
37.237 66.731 0.309
21.874 43.133 0.545
20.695 28.016 0.671
60.229 111.395 1.927
53.575 67.519 1.826
57.830 103.683 0.944
29.832 57.035 1.873
35.945 107.595 1.645
75.588 77.508 1.590
31.316 118.715 0.579
103.135 117.493 1.035
30.741 77.001 1.842
11.225 21.322 1.652
33.916 91.495 0.768
61.811 71.163 0.863
116.997 117.177 0.149
109.775 119.966 0.823
22.519 65.154 0.203
81.353 115.864 1.055
100.462 111.991 0.543
104.454 122.467 0.298
64.605 68.915 0.441
24.555 43.865 0.395
23.944 83.511 1.914
88.655 112.192 0.589
94.335 121.080 1.843
101.319 104.068 0.518
7.427 26.108 1.808
107.131 122.344 0.719
45.789 98.854 0.663
106.505 114.082 0.760
80.957 101.533 0.534
63.342 111.048 1.604
89.560 117.409 0.973
67.085 86.861 0.558
6.497 95.809 1.823
44.218 61.306 0.565
38.948 113.062 0.100
29.858 44.042 0.808
105.033 119.376 1.216
23.621 99.540 0.903
52.000 109.372 1.273
20.933 119.267 0.645
85.128 117.861 0.395
5.676 11.338 1.486
15.700 75.077 0.165
68.275 81.086 1.066
9.262 17.163 0.609
49.352 68.088 0.267
98.477 105.811 1.018
118.553 120.705 1.833
34.132 76.731 1.414
35.370 81.712 0.689
97.335 100.027 1.034
99.506 102.935 1.109
61.148 106.398 1.893
56.871 117.709 0.903
65.861 116.477 0.731
79.166 101.528 0.245
13.492 73.588 0.560
94.954 119.126 0.738
89.322 102.028 0.928
53.051 80.292 1.172
75.845 99.178 1.115
100.400 100.987 0.371
13.111 37.545 0.081
30.715 96.256 0.821
53.128 91.263 0.266
102.813 108.480 1.613
110.859 113.135 0.627
72.823 120.771 0.021
64.470 65.959 0.774
28.448 85.188 1.771
18.311 74.356 0.033
110.006 113.935 1.305
48.667 57.628 1.932
47.949 73.787 1.012
39.409 61.308 1.251
34.795 114.171 1.067
57.369 101.856 0.656
55.241 83.894 1.166
110.676 118.949 0.242
