53.602 62.931 1.837
73.455 94.574 1.944
48.704 69.178 1.617
34.188 59.260 1.106
22.109 109.190 1.464
109.070 111.367 1.524
6.959 13.002 1.975
8.936 98.775 1.709
31.727 54.864 1.777
66.419 97.498 1.241
35.262 62.944 0.784
46.273 81.316 0.997
90.375 102.010 1.925
44.504 57.321 0.005
68.138 95.495 0.204
93.665 97.901 0.936
5.811 57.876 1.679
45.699 87.422 0.015
32.540 100.009 0.386
6.090 8.710 1.929
77.924 82.412 0.417
108.271 110.616 1.276
77.913 88.949 1.675
58.980 67.002 0.582
78.437 92.890 1.533
36.964 109.647 0.047
109.460 112.890 0.815
33.067 79.190 1.379
48.482 80.523 1.675
103.182 109.624 0.397
92.517 100.125 1.096
30.233 84.287 1.925
9.235 96.199 1.286
71.263 109.639 1.071
10.810 76.628 1.386
74.452 81.177 0.467
25.977 39.886 1.854
12.545 28.670 0.832
66.409 112.065 1.972
6.785 64.956 1.369
30.898 79.673 0.332
43.655 104.717 0.491
4.176 93.854 0.156
28.632 29.884 1.229
74.916 84.049 0.148
30.660 58.194 0.789
18.571 107.631 1.543
102.185 106.076 1.335
83.882 106.896 1.256
25.611 104.377 0.339
35.575 67.853 1.965
102.202 110.623 1.137
9.450 80.238 0.654
57.066 100.966 0.802
47.549 95.064 1.957
28.142 82.530 0.418
109.899 112.839 1.821
41.127 71.162 1.486
53.887 98.133 0.750
80.774 110.130 0.876
51.272 111.815 0.490
84.567 85.456 0.568
85.225 97.669 1.702
22.207 89.113 0.776
84.131 94.606 1.218
76.618 112.752 1.103
74.023 108.282 0.098
43.568 59.812 1.370
16.184 82.121 0.166
50.970 68.189 1.034
49.379 64.872 1.286
29.216 108.132 0.785
6.207 99.638 0.552
104.545 108.543 1.370
88.824 95.414 0.047
101.722 105.144 0.047
109.460 111.138 0.195
34.608 77.593 1.731
64.962 92.771 1.168
106.499 107.979 0.937
69.954 85.740 1.589
10.800 54.012 1.442
49.734 65.967 0.143
40.348 65.793 0.370
29.941 92.508 1.964
23.600 85.996 1.364
94.145 109.073 1.935
72.797 104.088 0.984
21.827 44.869 1.742
85.849 95.765 0.655
26.222 32.807 0.746
74.389 111.722 0.609
12.908 34.433 0.851
28.840 88.940 1.642
75.100 92.463 0.732
50.993 92.560 0.341
18.188 98.597 1.320
99.590 101.334 0.990
103.930 108.944 0.584
78.148 84.910 1.862
71.656 94.394 1.593
100.778 101.701 0.368
19.541 66.827 1.943
34.534 47.571 1.733
11.239 112.769 1.015
40.009 78.792 0.781
21.589 49.026 0.555
38.633 65.811 1.328
77.856 82.616 1.900
29.901 44.140 1.774
69.024 98.659 0.122
17.628 101.945 0.093
83.778 98.100 1.647
95.558 103.155 1.680
86.706 109.399 1.784
82.623 104.984 0.835
20.669 30.236 0.323
51.024 55.779 0.108
69.967 106.475 1.168
29.206 83.367 0.710
82.650 111.306 0.155
101.275 108.358 0.863
69.940 112.376 1.931
77.487 93.606 0.610
4.579 58.039 0.375
21.270 40.769 0.468
97.451 110.680 1.760
70.592 78.851 0.630
91.009 107.865 1.841
98.687 102.306 0.496
38.304 111.399 1.737
15.744 31.860 0.303
96.008 101.891 0.894
41.842 54.649 0.887
57.761 107.453 1.032
66.963 80.726 1.300
89.254 90.172 0.859
29.421 73.188 0.442
47.049 75.075 1.838
83.412 102.436 1.260
18.648 95.884 0.661
103.521 111.363 1.674
19.669 98.927 0.508
52.548 105.813 0.470
14.784 72.776 0.960
102.608 110.755 0.223
10.350 68.467 1.814
82.043 93.634 0.047
17.594 36.119 1.270
75.936 86.331 1.994
64.472 101.677 0.276
39.569 68.696 1.342
0.467 69.249 0.482
75.997 99.798 0.233
80.707 96.359 1.494
74.563 97.169 1.225
32.170 97.746 0.240
40.560 61.331 1.708
94.786 102.261 1.422
10.931 16.363 0.965
21.864 74.005 1.595
90.855 99.286 0.196
107.113 110.648 0.515
54.847 56.337 1.369
37.542 59.300 0.387
87.481 102.639 0.457
42.087 109.962 0.706
36.669 74.690 1.885
53.199 59.921 1.789
90.586 98.191 0.879
41.963 43.899 0.120
71.025 76.270 0.346
15.056 107.861 1.440
15.889 50.928 1.998
32.990 41.820 1.495
74.157 89.160 1.046
72.106 86.799 1.622
23.113 59.977 1.053
86.732 103.958 1.220
32.560 56.963 1.837
101.366 104.187 1.906
38.361 96.977 1.792
74.301 103.820 0.943
2.024 21.922 1.934
23.080 24.613 0.706
57.036 107.684 1.699
26.376 58.210 0.691
81.069 85.891 1.110
36.249 98.193 1.188
68.849 110.045 1.836
26.793 48.183 1.416
107.888 110.030 1.979
69.726 112.676 1.954
41.476 55.279 1.479
62.501 88.502 1.936
94.883 111.862 0.043
109.251 111.894 1.956
14.439 67.211 0.753
87.756 103.001 0.178
49.765 109.840 1.201
35.719 81.903 0.069
79.743 101.479 1.437
65.278 88.619 1.685
87.390 97.382 1.399
84.993 97.738 0.759
80.871 82.123 1.127
22.274 96.295 1.313
31.291 85.702 0.111
14.546 60.509 0.288
16.684 94.455 0.964
104.095 107.264 1.051
69.078 69.697 0.346
67.309 94.526 0.894
101.779 108.227 0.085
3.287 53.740 1.914
10.645 29.603 0.856
57.966 63.287 1.374
39.855 75.811 1.010
56.992 83.708 0.836
33.372 64.134 1.237
2.071 87.284 1.524
91.718 103.139 1.139
90.351 92.301 0.506
23.271 28.016 1.620
43.245 104.221 0.857
84.379 87.095 0.545
58.815 108.010 1.082
66.214 102.616 1.626
18.809 37.257 1.045
42.910 80.020 1.267
107.190 109.591 1.725
78.293 108.945 0.274
49.140 52.692 0.527
21.572 23.405 0.266
28.125 110.652 0.880
29.344 63.656 1.545
71.062 109.641 0.703
65.754 77.168 1.253
27.994 97.825 1.254
68.732 74.911 1.268
30.609 105.305 0.177
81.354 92.722 1.563
32.865 75.614 0.423
27.420 78.712 0.030
85.453 87.934 0.460
103.088 111.009 1.270
102.450 111.886 0.998
25.446 83.373 1.788
2.296 100.896 1.594
78.353 89.193 0.726
64.781 87.764 1.308
8.802 27.157 0.888
69.581 97.914 1.114
98.183 107.915 1.715
59.520 105.786 0.512
54.824 104.792 1.148
70.773 80.130 0.802
81.811 91.747 0.407
102.578 111.392 1.097
40.140 101.275 1.726
68.594 110.203 0.662
66.516 83.634 1.300
30.002 62.865 0.687
70.229 93.525 1.440
95.477 97.751 0.553
109.198 112.136 0.335
23.832 83.257 0.115
44.682 102.217 0.224
80.545 102.304 0.921
71.283 102.252 0.382
107.804 110.633 1.674
87.196 90.877 1.434
78.477 104.134 1.069
53.598 59.825 1.270
25.668 61.791 0.508
104.367 110.663 1.654
40.506 85.768 0.394
102.635 111.343 1.554
89.989 102.035 1.064
92.379 110.219 1.725
72.935 101.240 1.039
64.868 66.729 0.218
14.160 106.186 1.548
5.606 97.666 1.658
93.410 95.627 1.387
80.693 85.773 1.477
55.556 58.844 0.323
36.236 68.074 1.133
50.329 60.516 0.852
64.475 107.479 0.892
52.501 65.564 1.187
8.900 112.715 0.269
55.646 86.443 1.376
92.325 96.117 1.967
22.992 62.051 1.466
59.497 68.558 0.349
56.425 89.239 0.099
44.165 107.614 1.422
107.912 111.690 1.861
92.127 109.170 1.187
45.424 86.290 0.623
91.627 104.256 0.333
6.550 109.273 1.989
73.334 74.459 0.835
106.029 108.391 1.308
48.338 112.091 1.316
87.313 107.985 0.546
87.615 96.316 0.299
81.868 111.572 0.046
54.199 79.270 0.960
31.301 43.723 0.047
13.321 20.601 0.972
36.420 105.654 1.941
60.168 70.298 1.672
51.735 74.932 1.060
52.977 73.332 1.455
82.879 90.951 1.336
35.141 50.003 0.148
106.901 110.711 1.887
107.126 111.274 1.460
89.633 90.701 0.631
11.498 72.010 0.637
59.487 106.156 0.622
105.679 110.974 1.490
41.711 78.503 1.319
20.827 32.275 0.195
50.147 101.956 1.526
55.948 63.090 1.964
23.378 65.386 1.681
26.474 60.169 0.118
78.054 102.858 0.655
51.336 109.610 0.498
52.356 72.747 0.581
14.392 20.861 0.734
36.273 94.595 0.679
99.738 104.415 1.012
50.815 91.943 1.800
18.917 86.258 1.747
74.788 94.868 1.836
15.815 43.063 1.357
73.620 91.504 0.330
25.003 76.956 1.320
8.963 19.541 0.941
6.103 71.746 1.148
88.992 91.306 1.097
73.469 110.825 0.086
66.295 75.691 1.409
101.050 112.908 0.499
91.986 95.982 1.513
70.864 83.339 1.265
39.177 62.269 0.215
53.048 78.968 1.326
66.093 79.494 0.327
70.461 72.057 1.092
16.621 73.903 0.734
54.575 97.667 1.936
23.214 31.285 0.187
85.974 88.403 0.724
92.641 104.212 1.394
45.380 89.978 0.559
77.417 108.526 0.376
94.554 109.683 1.827
24.147 99.900 1.091
52.907 79.900 0.533
12.690 23.138 1.132
60.631 100.080 1.030
86.185 91.179 1.288
104.934 108.926 0.819
60.094 95.968 0.012
87.135 106.254 1.418
27.276 47.415 1.742
68.554 98.251 0.532
34.534 47.353 1.722
85.705 102.054 0.281
12.753 111.918 1.805
44.491 102.499 1.185
86.561 109.686 1.867
62.417 83.796 1.270
18.820 81.367 0.224
20.877 96.088 1.323
109.436 110.533 0.037
80.616 83.951 0.178
25.201 48.543 1.381
75.506 106.618 1.240
66.798 93.025 0.688
7.359 59.906 0.522
109.184 110.160 0.915
50.654 93.450 0.469
41.278 51.864 1.237
85.128 108.744 0.106
38.834 108.643 0.659
99.526 103.844 1.723
69.299 75.815 1.825
15.271 72.377 0.766
108.271 112.403 1.832
38.374 41.888 1.982
102.474 110.893 0.174
14.825 66.155 0.475
62.699 111.431 0.419
3.384 104.809 0.421
50.799 111.201 1.975
103.209 105.877 0.000
56.153 89.015 1.688
16.342 41.047 1.842
28.068 90.258 0.260
90.395 91.931 1.301
49.617 107.285 1.759
78.182 84.558 1.325
94.746 98.631 0.171
43.104 70.151 1.845
52.477 56.175 1.195
44.481 63.554 0.772
58.604 112.181 0.586
70.609 98.949 0.047
34.977 61.239 0.520
21.932 98.559 1.024
58.533 93.894 1.027
86.652 91.353 0.001
44.635 94.406 0.623
99.899 106.696 0.263
71.700 79.437 1.289
39.109 88.907 0.706
14.277 94.079 1.973
46.045 58.834 0.354
59.480 92.856 0.231
53.931 109.420 1.962
14.674 35.713 1.598
90.217 111.386 1.846
102.420 112.970 1.166
104.901 109.205 0.137
109.413 112.034 1.742
15.499 45.052 1.296
39.549 68.204 0.283
85.809 97.439 1.975
14.966 21.760 1.162
100.647 105.020 1.616
52.373 86.904 1.545
6.603 79.115 1.651
33.701 60.022 0.987
32.812 108.734 1.126
58.832 64.595 0.493
90.049 100.627 1.248
52.618 78.801 0.077
104.790 107.868 0.004
17.557 24.372 0.402
50.480 68.922 1.848
55.697 112.821 1.833
45.696 81.239 1.813
107.761 110.841 1.218
81.210 112.402 1.419
42.628 56.128 1.376
19.229 87.394 0.802
24.970 56.263 0.724
82.170 83.511 0.701
51.712 71.205 1.051
18.548 111.649 0.666
98.096 98.527 0.357
94.279 110.508 1.259
49.812 90.955 1.174
101.842 112.307 1.438
57.949 108.169 1.131
12.210 31.709 0.897
57.107 76.600 1.985
7.617 19.233 0.234
32.664 108.773 0.092
2.034 97.949 0.635
49.473 58.762 1.715
43.853 78.535 0.495
40.281 86.368 0.742
25.305 88.193 0.414
6.335 19.715 0.733
29.951 86.622 1.455
23.805 88.887 1.880
6.214 109.332 1.726
86.786 109.465 0.684
55.690 94.355 0.488
109.060 109.686 0.289
33.305 72.075 0.365
91.738 94.512 0.579
56.110 109.024 0.052
50.631 59.438 1.699
42.362 85.307 1.475
64.999 101.167 0.757
96.522 104.002 1.886
76.272 96.517 1.488
21.989 82.394 0.082
91.056 92.377 0.668
16.584 24.476 0.182
4.975 8.630 1.532
78.488 83.455 1.308
42.319 85.559 1.407
107.596 109.733 0.386
59.158 81.575 0.656
81.563 89.604 1.447
83.755 100.944 0.940
42.013 110.494 1.339
26.135 97.681 1.119
97.431 102.228 0.090
47.593 54.300 0.960
39.301 61.172 1.436
79.317 99.999 0.575
10.904 65.750 0.487
26.041 77.264 1.307
57.123 103.092 0.494
24.342 62.619 1.941
93.000 96.010 0.339
74.711 85.347 0.896
1.994 28.391 0.009
60.548 74.616 0.613
35.608 47.488 0.200
54.656 108.687 1.083
48.415 62.263 1.501
42.997 103.115 1.468
79.867 97.794 1.683
35.776 92.321 0.409
100.570 102.942 1.626
5.462 27.475 1.088
109.705 112.058 0.649
89.421 112.289 0.666
15.624 109.585 1.742
29.633 78.780 1.647
7.181 34.466 1.577
3.015 54.752 1.208
62.767 64.626 0.628
20.834 24.631 1.888
1.178 70.206 0.294
54.512 95.437 1.464
46.901 79.150 0.026
5.650 43.100 1.646
15.966 24.432 1.258
79.454 86.461 0.571
91.258 102.193 1.705
81.683 107.227 1.335
51.249 102.071 0.578
58.516 80.777 0.078
77.769 109.274 1.736
84.799 104.156 0.847
50.241 105.793 0.959
8.305 57.685 0.654
79.461 102.463 0.660
84.158 97.167 1.305
77.339 92.922 1.763
93.215 96.289 0.731
103.803 108.655 1.232
10.383 19.261 0.088
31.915 112.399 0.369
61.172 77.254 0.039
51.111 106.652 0.443
77.108 94.939 0.595
49.869 68.235 0.019
