8.921 15.395 0.495
6.121 53.368 1.379
29.444 51.685 0.907
25.110 30.022 1.280
49.836 61.483 0.737
31.202 44.918 1.925
43.542 51.611 1.261
48.805 51.308 1.705
44.615 49.501 0.725
49.138 54.073 1.567
33.793 37.728 0.349
45.426 50.933 0.828
10.258 23.808 1.088
19.117 48.148 0.450
41.905 55.954 1.340
3.362 60.183 0.659
19.241 26.888 0.615
22.112 61.432 0.553
14.173 44.877 0.522
45.362 50.992 1.166
42.729 57.398 0.676
1.295 40.729 1.401
7.583 29.583 1.440
31.437 50.825 1.728
29.710 52.093 0.062
33.209 50.566 0.699
45.857 45.913 0.045
32.817 42.410 1.496
47.642 59.220 1.670
17.787 36.766 1.077
6.107 12.313 0.779
40.092 56.020 0.324
40.246 60.622 1.477
45.395 50.896 1.139
6.687 48.132 0.534
58.649 60.350 0.976
48.072 54.073 1.226
28.957 42.929 1.997
56.880 60.900 0.441
34.542 61.025 0.291
27.476 30.426 1.285
39.345 43.046 1.485
39.045 44.964 0.399
43.928 58.800 1.989
53.598 62.101 1.095
52.132 60.301 1.232
43.864 58.409 0.304
9.167 42.559 0.809
43.007 60.911 1.660
3.823 39.857 0.790
29.285 55.184 0.903
34.727 51.492 0.671
21.620 26.368 1.499
5.739 10.190 1.994
23.801 40.193 0.216
26.035 43.076 0.539
13.499 45.453 0.523
53.586 58.784 1.758
24.702 61.654 0.464
44.362 58.027 0.683
36.203 60.297 1.243
40.949 43.768 0.471
31.900 50.181 1.431
0.906 29.927 1.022
58.251 62.116 1.779
14.750 27.768 0.207
27.978 30.850 1.214
23.171 62.927 0.233
44.395 44.558 0.082
40.815 57.053 1.913
45.053 57.317 0.282
36.765 62.402 1.326
4.266 55.107 1.815
37.710 53.011 1.778
9.132 40.813 1.797
15.777 45.437 0.351
50.059 61.360 1.341
26.912 51.402 1.966
42.526 59.254 0.116
44.815 60.327 1.948
18.848 28.108 0.235
17.507 56.133 1.896
14.986 56.632 0.432
25.853 60.382 0.411
45.199 52.357 0.780
33.478 61.335 1.261
44.176 52.393 1.472
33.011 52.573 1.960
19.661 47.170 0.860
41.740 56.275 0.980
16.101 19.354 0.209
8.386 18.976 0.908
38.790 46.490 1.714
49.055 61.944 1.250
6.136 34.661 0.508
42.068 45.616 1.408
22.319 61.452 0.964
5.931 12.073 0.909
31.244 56.484 0.652
49.449 57.735 1.476
3.104 62.457 0.375
25.632 52.949 1.287
54.045 62.385 1.686
28.979 53.991 0.960
45.463 58.717 0.768
16.440 18.596 0.726
49.336 56.132 1.516
13.457 26.743 0.165
37.541 46.879 1.535
15.282 51.401 0.970
33.716 54.318 0.696
58.028 59.968 0.803
53.333 59.663 1.185
20.842 56.096 1.603
48.900 50.824 0.847
37.944 55.811 1.965
29.957 48.861 0.369
14.303 29.598 1.724
59.374 61.813 1.640
19.304 48.311 0.797
55.853 59.143 1.808
45.820 62.230 1.051
55.021 56.627 1.285
15.813 53.327 0.577
15.484 32.577 0.574
54.864 58.083 1.637
19.329 61.323 0.460
14.729 54.554 1.867
6.204 20.009 1.155
22.557 54.471 0.383
53.804 54.887 0.618
45.122 55.742 1.439
32.876 36.828 0.737
4.133 7.241 1.546
19.208 26.084 0.617
31.556 55.017 0.654
35.910 61.078 1.159
39.627 53.808 1.420
4.307 5.746 0.589
46.331 56.830 1.995
18.315 25.167 0.950
30.937 48.727 0.374
22.634 50.305 1.022
43.395 56.012 1.415
7.401 48.540 1.914
3.382 33.349 0.456
8.020 34.187 1.948
47.078 59.689 1.224
36.756 45.528 1.679
59.883 62.072 1.715
9.438 61.022 0.215
58.731 60.253 1.169
4.109 27.960 0.662
25.852 56.027 1.469
35.802 51.899 1.756
54.441 56.720 0.412
10.747 28.085 0.879
13.006 52.547 1.669
51.368 56.967 0.796
56.926 61.735 0.095
18.036 28.781 1.039
40.121 44.547 0.579
52.333 61.472 0.945
54.706 57.012 1.171
26.762 56.647 1.364
58.923 61.958 1.931
5.279 38.619 0.101
51.751 59.008 1.185
34.831 57.166 0.566
23.229 29.536 1.763
58.077 60.202 0.115
20.631 21.431 0.717
19.023 53.499 0.423
29.446 59.289 0.122
23.856 41.915 1.137
42.394 54.922 1.137
36.373 46.609 0.391
46.561 56.627 1.812
48.726 62.344 1.598
46.210 56.933 0.394
30.836 57.670 1.687
43.751 56.188 1.381
23.792 62.355 1.757
31.973 50.793 0.506
40.847 61.971 1.282
33.735 48.931 0.543
12.159 22.249 1.752
8.941 46.769 1.444
33.409 62.900 1.244
59.996 62.122 1.196
31.512 57.745 0.091
53.560 56.805 1.102
0.320 51.902 1.867
5.990 54.742 0.262
22.896 26.938 1.525
19.593 22.883 0.032
22.189 31.590 0.013
34.476 45.557 1.493
26.364 56.701 0.229
23.685 60.459 0.640
35.829 59.685 1.129
35.086 44.384 0.473
14.045 46.563 1.254
39.470 51.987 1.521
30.689 44.459 0.351
28.260 59.297 1.969
1.329 7.173 0.147
23.363 60.359 0.634
49.940 56.974 1.147
23.682 45.084 1.839
6.757 31.264 1.722
45.170 50.786 1.991
1.811 9.875 0.931
21.327 60.703 0.681
1.225 49.897 1.885
46.600 59.299 1.553
36.847 38.312 0.088
33.242 38.475 1.395
17.185 33.288 1.463
20.862 59.360 1.020
56.678 62.380 1.850
34.212 54.706 1.879
18.399 38.499 1.982
56.418 60.266 1.209
9.937 13.913 1.449
19.408 29.765 1.006
0.927 34.393 0.315
18.051 43.361 1.697
20.961 25.861 0.002
17.147 18.279 1.097
45.941 61.606 0.153
48.363 54.236 0.417
26.873 58.646 1.550
54.908 60.504 1.077
14.991 46.321 1.226
42.830 55.152 1.907
8.707 55.412 0.695
46.697 62.138 1.482
48.385 50.304 0.218
1.523 29.648 1.885
12.170 23.242 1.275
19.928 48.415 1.521
57.241 61.005 0.308
10.659 15.465 0.846
23.671 54.191 1.512
49.900 56.052 1.384
29.909 33.848 1.282
17.048 27.972 0.365
37.274 62.462 0.065
20.023 43.617 1.962
3.342 28.723 1.142
8.628 17.596 0.796
18.137 20.902 0.437
15.916 56.389 1.193
20.043 59.766 1.166
44.157 59.038 0.051
38.140 40.860 0.161
31.493 45.893 1.199
1.236 61.718 1.334
25.220 38.277 0.151
49.251 61.695 0.216
35.163 41.521 1.421
36.868 44.169 0.086
33.659 52.679 1.231
50.315 58.887 1.095
34.280 44.920 1.918
3.071 16.415 1.317
47.574 52.602 1.691
52.850 58.991 0.977
45.952 58.458 0.042
27.718 43.117 0.580
38.973 61.175 0.180
1.503 47.860 0.431
32.352 33.113 0.652
54.671 57.956 1.406
46.261 49.872 0.099
14.781 17.085 1.094
8.634 30.097 1.075
27.388 29.807 1.694
24.632 53.098 0.311
21.660 28.893 0.760
21.603 35.325 0.990
22.475 51.112 1.107
27.536 35.550 0.743
59.747 61.127 0.310
27.243 56.873 0.423
53.835 58.601 1.405
42.308 52.561 0.574
10.560 28.281 0.940
25.240 42.307 0.043
18.007 19.512 0.665
33.116 56.481 1.693
37.615 55.083 1.099
58.628 62.756 0.953
41.378 57.721 1.305
54.327 58.418 1.105
22.876 31.953 1.591
16.667 34.575 0.149
19.811 23.642 0.874
27.437 31.131 0.997
