40.856 73.615 1.525
64.404 66.542 0.850
15.667 45.134 1.090
18.637 83.841 1.951
25.833 39.800 1.707
93.958 110.700 1.475
31.140 121.359 1.191
105.542 113.044 1.593
82.763 99.076 0.048
106.369 111.322 1.491
20.992 37.095 1.836
1.476 72.042 1.121
77.104 104.271 0.621
95.635 101.987 1.839
43.862 81.106 1.822
25.017 95.030 0.909
119.561 120.459 0.690
108.673 112.823 1.577
89.311 105.635 0.730
71.380 76.422 0.640
98.979 100.469 0.816
31.114 73.876 0.345
57.120 107.615 0.705
66.294 101.865 0.363
103.363 116.843 0.554
115.810 122.257 1.687
82.774 87.647 0.938
73.204 106.328 0.881
0.128 73.906 0.194
90.281 118.782 1.428
110.350 113.875 1.767
80.096 109.725 0.162
106.952 119.964 1.964
19.479 115.946 0.290
74.079 118.406 0.349
32.173 85.951 1.451
24.357 105.952 1.153
39.973 70.168 0.927
69.853 80.032 0.840
16.648 38.944 1.786
81.422 85.953 0.575
101.876 115.843 0.583
77.870 108.293 1.005
85.908 116.988 0.586
65.719 80.750 0.824
74.783 87.653 1.541
57.717 108.409 0.219
105.234 116.531 1.014
48.836 114.714 1.745
33.930 94.828 0.572
97.140 111.424 0.778
71.457 77.530 1.799
18.696 93.008 1.570
2.831 15.526 1.545
115.701 117.982 1.464
88.677 94.974 0.197
9.888 18.973 1.150
48.653 55.162 0.413
4.644 24.352 1.305
87.337 118.731 1.784
83.359 92.341 1.724
6.563 100.318 0.745
64.158 70.620 0.457
32.927 88.555 1.779
46.561 116.865 1.653
89.355 104.684 0.994
99.316 108.231 0.162
110.544 121.617 1.557
65.510 87.670 0.580
98.499 117.825 1.695
35.941 52.377 0.702
71.549 120.402 1.074
19.769 57.488 0.418
52.967 62.042 1.773
57.647 97.382 1.298
108.603 113.468 0.859
71.845 111.405 1.640
72.036 83.233 0.155
5.292 35.566 0.886
45.283 86.061 0.288
62.027 120.651 0.281
48.312 92.679 1.865
0.114 99.562 1.713
46.591 79.856 1.804
80.111 98.377 0.103
67.242 101.131 0.802
111.778 121.234 0.681
116.554 118.527 1.791
65.103 92.648 1.363
69.377 69.977 0.374
72.589 78.533 0.387
29.173 53.838 1.775
64.261 87.767 0.607
71.600 82.038 0.190
99.162 100.239 0.794
79.016 114.080 0.643
82.671 84.058 0.943
43.602 104.647 1.983
102.718 104.508 1.461
97.627 105.655 1.576
74.610 108.371 1.223
35.828 103.676 0.964
29.334 121.864 1.281
2.080 4.576 0.366
87.978 121.867 1.569
15.165 44.388 1.787
51.355 71.874 1.665
41.877 73.377 0.827
32.993 117.879 1.693
4.633 51.999 1.318
111.218 114.024 0.094
50.451 76.093 1.966
46.485 74.541 1.429
103.264 118.721 1.383
58.962 81.489 2.000
67.531 117.521 0.616
82.920 109.866 1.930
22.508 58.843 1.707
4.655 40.186 1.889
78.643 94.735 0.210
63.536 119.763 0.966
115.375 118.803 0.200
87.003 105.552 1.665
37.904 99.770 1.394
54.725 62.136 0.751
54.505 71.359 0.808
119.348 120.915 1.079
80.521 98.375 1.147
7.002 116.612 1.748
15.557 58.917 0.090
114.371 119.630 0.241
51.051 94.397 0.125
85.740 116.178 0.878
42.013 52.260 0.731
108.717 116.379 1.143
53.842 76.823 0.881
44.957 71.396 1.582
47.744 52.748 1.162
48.766 79.117 0.115
71.802 100.197 0.685
115.433 121.149 0.170
93.559 118.663 1.481
78.851 121.678 0.173
119.773 122.150 1.597
58.314 108.769 1.884
33.993 67.623 0.866
73.131 102.113 1.164
58.782 82.788 1.510
55.571 59.033 1.128
90.563 106.597 0.664
72.398 116.197 0.686
57.409 111.746 0.830
88.483 98.491 1.294
7.782 60.925 0.335
107.043 112.088 1.682
106.472 111.227 0.493
35.384 66.736 0.624
28.133 111.613 0.456
107.461 120.785 1.675
53.351 64.350 1.995
20.040 47.167 1.543
22.299 38.135 1.962
63.111 80.829 1.562
2.190 89.275 1.136
1.714 118.081 1.903
10.855 49.750 1.808
51.513 88.768 0.915
26.178 57.001 0.153
58.379 92.405 1.574
93.713 114.658 0.245
58.405 69.878 1.724
118.184 120.935 1.943
114.162 117.506 0.821
23.548 67.105 1.907
50.315 96.244 1.517
46.023 116.303 1.041
82.363 106.793 1.904
39.453 108.280 1.867
100.843 110.648 1.796
38.596 95.214 1.073
15.260 53.488 0.337
77.079 119.722 0.890
71.802 113.785 0.732
49.085 97.961 1.340
31.979 106.769 1.245
51.502 83.956 1.033
90.603 112.806 0.042
81.558 118.073 0.239
95.628 106.325 1.256
9.104 108.755 1.804
4.995 14.957 1.007
47.162 62.884 0.204
11.005 26.529 1.368
84.660 86.151 0.058
16.531 83.450 1.544
76.178 100.735 1.852
74.109 99.006 1.221
19.897 97.139 1.815
73.915 111.420 1.290
112.185 122.792 0.027
104.655 109.703 0.224
99.843 117.487 1.200
107.552 109.016 0.628
74.585 80.634 1.422
52.948 117.470 1.958
23.090 100.791 0.671
6.482 37.164 0.583
15.744 29.496 0.472
32.239 105.056 1.309
82.356 115.766 1.750
99.056 102.162 1.548
118.975 122.221 1.206
87.941 107.721 0.760
91.475 103.950 0.413
78.430 93.740 1.749
83.634 107.719 1.742
74.827 107.741 1.279
75.171 77.512 0.362
14.334 78.887 1.413
23.607 83.611 1.110
73.585 97.606 0.240
77.778 111.542 0.333
72.197 118.904 1.562
25.361 62.772 1.103
37.882 74.655 1.823
107.215 114.484 0.647
60.965 99.442 1.369
11.880 109.516 0.830
63.243 120.047 0.316
90.442 105.485 1.189
110.848 121.267 1.020
58.705 112.012 0.660
88.955 121.933 1.774
16.648 117.701 2.000
2.219 9.957 0.024
48.327 89.801 1.256
64.298 64.773 0.454
24.416 55.456 0.663
6.969 105.667 1.890
9.214 25.216 0.375
110.299 112.939 1.480
9.145 48.801 1.691
43.485 66.446 1.133
25.661 71.184 1.121
28.298 98.675 0.162
66.927 86.785 0.075
6.588 58.042 1.521
104.780 121.605 0.349
86.557 107.034 1.420
31.180 47.553 0.204
113.646 115.969 1.525
86.813 104.877 0.895
36.139 57.949 1.733
18.256 102.458 0.338
48.063 70.807 1.892
105.117 121.819 0.335
87.399 110.284 1.071
118.297 122.900 1.814
61.503 100.390 1.283
1.934 97.231 1.938
78.192 79.429 1.233
67.539 85.309 1.177
55.995 76.798 0.922
6.336 111.601 0.522
85.191 110.180 0.027
38.398 71.124 0.431
47.202 87.885 0.174
0.472 26.831 0.894
29.466 45.343 1.747
23.519 47.429 1.583
70.146 84.285 0.020
40.471 82.882 1.550
87.641 117.098 1.362
30.038 91.495 0.682
48.594 56.675 0.329
58.174 113.009 1.343
59.793 71.622 0.871
0.363 13.183 1.528
89.333 96.007 1.896
89.988 105.808 1.787
105.465 119.737 1.253
115.679 116.359 0.250
42.672 106.049 1.170
39.105 92.852 0.699
38.929 63.704 0.452
38.413 50.882 0.926
110.332 111.102 0.608
77.320 109.549 1.855
75.032 119.481 0.840
29.986 79.680 1.454
21.984 67.698 0.595
92.713 99.086 0.357
96.774 109.735 0.581
99.986 122.930 1.838
1.787 70.459 1.873
9.427 98.128 0.397
96.031 97.643 0.351
3.113 51.559 0.093
86.011 95.053 0.403
105.842 118.088 1.093
58.475 68.472 1.837
80.133 102.946 1.944
53.132 75.282 1.617
37.296 64.494 1.106
24.119 118.850 1.464
118.986 121.309 1.524
7.592 14.001 1.975
9.749 107.498 1.709
34.612 59.660 1.777
72.457 106.144 1.241
38.468 68.524 0.784
50.480 88.523 0.997
98.591 111.063 1.925
48.550 62.480 0.005
74.332 104.003 0.204
102.180 106.682 0.936
6.339 62.928 1.679
49.854 95.200 0.015
35.498 108.867 0.386
6.643 9.326 1.929
85.007 89.838 0.417
118.114 120.508 1.276
84.996 96.850 1.675
64.342 73.009 0.582
85.568 101.143 1.533
40.325 119.354 0.047
119.410 122.888 0.815
36.073 86.180 1.379
52.890 87.633 1.675
112.562 119.402 0.397
100.927 109.070 1.096
32.982 91.712 1.925
10.075 104.697 1.286
77.742 119.348 1.071
11.792 83.374 1.386
81.221 88.476 0.467
28.338 43.329 1.854
13.686 31.171 0.832
72.446 121.981 1.972
7.401 70.656 1.369
33.707 86.742 0.332
47.624 113.991 0.491
4.556 102.160 0.156
31.235 32.489 1.229
81.726 91.615 0.148
33.447 63.347 0.789
20.259 117.151 1.543
111.474 115.557 1.335
91.508 116.376 1.256
27.939 113.617 0.339
38.809 73.805 1.965
111.493 120.448 1.137
10.309 87.327 0.654
62.254 109.916 0.802
51.872 103.460 1.957
30.700 89.844 0.418
119.890 122.838 1.821
44.866 77.440 1.486
58.786 106.833 0.750
88.117 119.886 0.876
55.933 121.712 0.490
92.255 93.171 0.568
92.973 106.345 1.702
24.226 96.995 0.776
91.779 103.041 1.218
83.583 122.731 1.103
80.752 117.885 0.098
47.528 65.093 1.370
17.656 89.396 0.166
55.604 74.247 1.034
53.868 70.617 1.286
31.872 117.701 0.785
6.771 108.452 0.552
114.049 118.231 1.370
96.899 104.010 0.047
110.969 114.617 0.047
119.410 121.111 0.195
37.754 84.427 1.731
70.868 101.004 1.168
116.180 117.692 0.937
76.313 93.346 1.589
11.781 58.733 1.442
54.256 71.885 0.143
44.016 71.658 0.370
32.663 100.669 1.964
25.745 93.586 1.364
102.703 118.738 1.935
79.415 113.319 0.984
23.812 48.762 1.742
93.654 104.337 0.655
28.606 35.708 0.746
81.151 121.613 0.609
14.081 37.445 0.851
31.462 96.789 1.642
81.928 100.710 0.732
55.629 100.782 0.341
19.842 107.311 1.320
108.643 110.446 0.990
113.379 118.680 0.584
85.253 92.445 1.862
78.170 102.763 1.593
109.940 110.902 0.368
21.318 72.678 1.943
37.673 51.721 1.733
12.261 122.749 1.015
43.646 85.777 0.781
23.552 53.367 0.555
42.145 71.619 1.328
84.934 89.945 1.900
32.619 47.974 1.774
75.299 107.441 0.122
19.230 110.970 0.093
91.394 106.811 1.647
104.245 112.335 1.680
94.588 119.088 1.784
90.135 114.309 0.835
22.548 32.931 0.323
55.662 60.820 0.108
76.328 115.908 1.168
31.861 90.747 0.710
90.164 121.167 0.155
110.482 118.019 0.863
76.299 122.321 1.931
84.531 101.964 0.610
4.995 63.164 0.375
23.204 44.385 0.468
106.311 120.488 1.760
77.009 85.923 0.630
99.283 117.425 1.841
107.658 111.510 0.496
41.786 121.256 1.737
17.176 34.689 0.303
104.736 111.013 0.894
45.646 59.504 0.887
63.012 116.967 1.032
73.050 87.904 1.300
97.367 98.291 0.859
32.096 79.680 0.442
51.326 81.689 1.838
90.995 111.534 1.260
20.344 104.367 0.661
112.932 121.240 1.674
21.457 107.681 0.508
57.325 115.187 0.470
16.128 79.196 0.960
111.936 120.606 0.223
11.291 74.467 1.814
89.501 102.042 0.047
19.194 39.258 1.270
82.839 93.976 1.994
70.333 110.706 0.276
43.167 74.761 1.342
0.509 75.361 0.482
82.905 108.688 0.233
88.043 104.920 1.494
81.342 105.798 1.225
35.095 106.407 0.240
44.247 66.719 1.708
103.403 111.376 1.422
11.924 17.755 0.965
23.852 80.516 1.595
99.114 108.198 0.196
116.850 120.533 0.515
59.833 61.334 1.369
40.955 64.588 0.387
95.434 111.793 0.457
45.913 119.695 0.706
40.002 81.259 1.885
58.035 65.196 1.789
98.821 106.978 0.879
45.778 47.872 0.120
77.482 83.143 0.346
16.425 117.401 1.440
17.333 55.345 1.998
35.989 45.473 1.495
80.898 97.105 1.046
78.661 94.501 1.622
25.214 65.262 1.053
94.617 113.195 1.220
35.520 61.944 1.837
110.581 113.476 1.906
41.848 105.545 1.792
81.056 113.031 0.943
2.208 23.723 1.934
25.178 26.785 0.706
62.221 117.212 1.699
28.774 63.363 0.691
88.439 93.578 1.110
39.545 106.879 1.188
75.108 119.784 1.836
29.228 52.401 1.416
117.696 119.848 1.979
76.064 122.647 1.954
45.247 60.145 1.479
68.183 96.323 1.936
103.509 121.775 0.043
119.183 121.852 1.956
15.751 73.144 0.753
95.734 112.194 0.178
54.289 119.561 1.201
38.966 89.183 0.069
86.992 110.483 1.437
71.212 96.466 1.685
95.335 106.056 1.399
92.720 106.464 0.759
88.223 89.485 1.127
24.299 104.805 1.313
34.136 93.308 0.111
15.868 65.869 0.288
18.201 102.805 0.964
113.558 116.872 1.051
75.358 76.000 0.346
73.428 102.925 0.894
111.031 117.907 0.085
3.585 58.407 1.914
11.613 32.182 0.856
63.236 68.904 1.374
43.478 82.523 1.010
62.174 91.149 0.836
36.406 69.791 1.237
2.260 94.978 1.524
100.056 112.326 1.139
98.565 100.631 0.506
25.387 30.411 1.620
47.177 113.448 0.857
92.050 94.946 0.545
64.162 117.573 1.082
72.234 111.701 1.626
20.519 40.516 1.045
46.811 87.097 1.267
116.935 119.378 1.725
85.410 118.605 0.274
53.608 57.424 0.527
23.533 25.504 0.266
30.682 120.444 0.880
32.011 69.250 1.545
77.522 119.353 0.703
71.732 84.035 1.253
30.539 106.474 1.254
74.980 81.588 1.268
33.392 114.629 0.177
88.750 100.967 1.563
35.853 82.326 0.423
29.913 85.703 0.030
93.222 95.869 0.460
112.459 120.864 1.270
111.764 121.806 0.998
27.760 90.718 1.788
2.505 109.810 1.594
85.476 97.174 0.726
70.670 95.553 1.308
9.602 29.512 0.888
75.907 106.603 1.114
107.109 117.498 1.715
64.931 115.161 0.512
59.808 114.070 1.148
77.207 87.300 0.802
89.248 99.977 0.407
111.903 121.275 1.097
43.789 110.228 1.726
74.830 119.963 0.662
72.563 91.065 1.300
32.729 68.436 0.687
76.614 101.821 1.440
104.157 106.565 0.553
119.125 122.117 0.335
25.998 90.640 0.115
48.744 111.276 0.224
87.868 111.396 0.921
77.764 111.337 0.382
117.605 120.499 1.674
95.123 98.995 1.434
85.612 113.375 1.069
58.471 65.135 1.270
28.001 67.269 0.508
113.855 120.492 1.654
44.188 93.382 0.394
111.965 121.217 1.554
98.169 111.126 1.064
100.777 119.983 1.725
79.565 110.224 1.039
70.765 72.767 0.218
15.447 115.575 1.548
6.116 106.289 1.658
101.901 104.187 1.387
88.029 93.421 1.477
60.606 64.152 0.323
39.530 74.091 1.133
54.904 65.910 0.852
70.337 116.999 0.892
57.273 71.384 1.187
9.709 122.690 0.269
60.705 94.099 1.376
100.718 104.667 1.967
25.083 67.499 1.466
64.906 74.720 0.349
61.555 97.190 0.099
48.180 117.136 1.422
117.722 121.613 1.861
100.502 118.854 1.187
