4.461 8.084 0.495
3.061 28.043 1.379
14.722 26.980 0.907
12.555 15.736 1.280
24.918 32.104 0.737
15.601 23.633 1.925
21.771 26.761 1.261
24.402 26.548 1.705
22.308 25.381 0.725
24.569 28.017 1.567
16.897 19.203 0.349
22.713 26.184 0.828
5.129 12.679 1.088
9.558 25.138 0.450
20.952 29.181 1.340
1.681 31.536 0.659
9.621 13.946 0.615
11.056 32.168 0.553
7.086 23.474 0.522
22.681 26.327 1.166
21.364 29.867 0.676
0.647 21.569 1.401
3.791 15.808 1.440
15.718 26.653 1.728
14.855 27.065 0.062
16.605 26.291 0.699
22.928 22.980 0.045
16.409 22.165 1.496
23.821 30.926 1.670
8.894 19.311 1.077
3.053 6.653 0.779
20.046 29.096 0.324
20.123 31.726 1.477
22.698 26.264 1.139
3.344 25.238 0.534
29.324 30.880 0.976
24.036 27.959 1.226
14.479 22.650 1.997
28.440 31.477 0.441
17.271 31.918 0.291
13.738 15.897 1.285
19.673 22.341 1.485
19.522 22.987 0.399
21.964 30.776 1.989
26.799 32.447 1.095
26.066 31.403 1.232
21.932 30.376 0.304
4.583 22.357 0.809
21.504 31.879 1.660
1.912 20.990 0.790
14.642 28.842 0.903
17.364 26.760 0.671
10.810 13.995 1.499
2.869 6.115 1.994
11.900 20.782 0.216
13.017 22.365 0.539
6.749 23.783 0.523
26.793 30.550 1.758
12.351 32.282 0.464
22.181 30.193 0.683
18.101 31.556 1.243
20.475 22.257 0.471
15.950 26.252 1.431
0.453 15.928 1.022
29.126 32.376 1.779
7.375 14.360 0.207
13.989 16.076 1.214
11.585 32.961 0.233
22.198 22.326 0.082
20.408 29.867 1.913
22.526 29.721 0.282
18.383 32.681 1.326
2.133 28.971 1.815
18.855 27.746 1.778
4.566 21.650 1.797
7.888 23.722 0.351
25.029 32.063 1.341
13.456 27.025 1.966
21.263 30.861 0.116
22.407 31.577 1.948
9.424 14.456 0.235
8.754 29.480 1.896
7.493 29.644 0.432
12.927 31.599 0.411
22.600 26.985 0.780
16.739 32.116 1.261
22.088 27.229 1.472
16.506 27.593 1.960
9.830 24.686 0.860
20.870 29.303 0.980
8.050 9.873 0.209
4.193 10.131 0.908
19.395 24.273 1.714
24.528 32.399 1.250
3.068 18.204 0.508
21.034 23.599 1.408
11.160 32.186 0.964
2.965 6.588 0.909
15.622 29.496 0.652
24.725 30.035 1.476
1.552 32.716 0.375
12.816 27.736 1.287
27.023 32.637 1.686
14.490 28.217 0.960
22.731 30.574 0.768
8.220 9.697 0.726
24.668 29.147 1.516
6.728 13.831 0.165
18.771 24.446 1.535
7.641 26.949 0.970
16.858 28.309 0.696
29.014 30.685 0.803
26.666 30.975 1.185
10.421 29.429 1.603
24.450 25.923 0.847
18.972 29.245 1.965
14.978 25.361 0.369
7.151 15.845 1.724
29.687 32.000 1.640
9.652 25.278 0.797
27.926 30.641 1.808
22.910 32.569 1.051
27.511 28.997 1.285
7.907 27.912 0.577
7.742 17.003 0.574
27.432 30.026 1.637
9.665 32.112 0.460
7.365 28.674 1.867
3.102 10.792 1.155
11.279 28.457 0.383
26.902 27.817 0.618
22.561 29.026 1.439
16.438 18.906 0.737
2.066 4.414 1.546
9.604 13.523 0.617
15.778 28.704 0.654
17.955 31.971 1.159
19.814 28.073 1.420
2.153 3.185 0.589
23.165 29.704 1.995
9.157 13.197 0.950
15.468 25.272 0.374
11.317 26.333 1.022
21.698 29.201 1.415
3.701 25.624 1.914
1.691 17.537 0.456
4.010 18.308 1.948
23.539 31.144 1.224
18.378 23.794 1.679
29.941 32.110 1.715
