17.389 19.072 1.523
8.333 11.072 1.872
3.297 5.974 0.423
11.822 18.824 0.237
11.602 20.311 1.381
18.313 20.652 1.339
16.177 22.985 0.756
15.450 17.077 0.409
7.765 16.768 0.362
3.912 9.099 1.920
7.635 10.026 0.608
3.963 18.665 0.092
15.221 16.994 1.762
8.972 20.385 0.853
9.227 19.796 0.990
4.770 7.476 1.119
18.441 22.604 1.788
1.193 15.337 0.982
14.944 18.130 1.512
18.198 20.425 1.584
11.057 17.342 0.102
15.807 17.355 1.408
14.635 22.377 1.107
17.511 20.294 1.594
7.899 9.606 0.964
13.039 20.695 0.002
15.124 16.714 0.439
1.151 3.162 1.341
6.917 20.035 1.396
8.725 18.513 1.963
5.906 20.972 0.954
1.586 4.826 0.202
2.860 10.347 1.836
7.476 9.752 1.628
16.284 22.363 0.480
5.130 9.274 0.539
4.588 20.907 1.692
17.754 21.610 1.690
0.818 5.177 0.347
7.118 10.790 0.899
17.889 21.247 1.246
18.234 21.998 1.045
19.987 22.858 1.939
16.804 19.307 0.293
5.687 22.555 0.342
14.836 16.477 1.433
12.901 20.762 1.625
16.363 21.204 0.249
7.501 21.799 1.300
17.794 21.835 0.064
8.977 12.195 0.015
8.369 21.841 0.313
10.034 19.936 0.486
18.130 18.700 0.427
15.423 19.843 0.456
16.128 19.546 1.704
10.779 21.662 1.984
12.937 21.202 0.455
7.421 8.674 0.734
11.226 13.337 0.796
6.499 11.259 1.798
18.804 22.405 0.250
17.879 19.710 0.891
12.695 19.547 1.120
8.473 21.031 0.033
2.792 9.071 0.535
13.633 22.661 1.123
12.145 17.643 1.576
16.368 18.546 1.479
10.331 10.459 0.040
14.966 22.279 0.668
9.245 11.398 1.536
12.619 19.719 0.048
19.382 22.231 1.001
5.319 17.333 1.645
11.944 21.360 0.527
9.201 15.023 1.496
0.290 14.873 0.953
8.078 9.236 0.767
5.777 21.139 1.194
8.643 15.291 1.863
10.663 22.683 0.020
17.304 21.552 0.875
6.659 15.410 1.205
11.192 15.707 0.078
4.661 20.687 1.875
19.282 21.960 1.218
1.529 8.650 0.814
9.972 21.389 0.160
6.085 21.970 1.563
11.769 15.217 0.432
11.214 15.473 1.749
6.028 20.930 1.454
4.622 13.044 0.381
17.807 19.072 1.149
19.905 21.866 0.118
5.139 7.513 0.340
4.630 22.301 0.990
0.986 8.524 0.159
5.595 14.658 1.031
