77.407 81.690 0.675
26.058 92.512 0.102
15.521 32.684 0.138
27.082 70.455 1.574
7.531 19.650 0.526
19.578 33.591 1.125
56.905 73.399 0.214
68.296 70.343 0.668
25.426 84.611 1.389
51.082 56.083 1.737
71.586 85.914 1.999
55.697 78.306 1.190
17.483 36.470 1.958
3.807 26.919 0.478
36.613 53.133 1.590
81.005 89.939 0.759
18.584 63.616 0.106
31.859 72.948 0.722
87.844 92.509 0.447
31.227 72.952 1.907
18.150 45.119 0.565
47.880 58.259 0.582
8.965 68.637 0.213
75.943 90.158 1.344
0.519 56.825 0.983
84.180 89.752 0.581
67.222 90.891 1.748
74.709 81.128 1.212
70.581 82.883 0.300
62.014 92.794 0.789
9.174 12.274 0.823
61.869 67.560 0.518
20.578 83.073 0.378
68.697 80.490 0.095
5.054 14.288 1.922
50.893 75.879 1.925
79.079 85.179 0.817
37.215 83.379 1.317
85.067 85.650 0.566
55.463 80.124 0.099
37.975 71.964 1.909
18.079 44.140 0.829
56.081 57.870 1.617
9.473 33.169 0.789
28.510 83.794 1.648
28.038 64.893 0.395
42.216 65.346 1.990
33.163 56.708 0.838
52.239 67.155 1.755
35.405 65.662 1.902
37.673 80.920 1.217
7.529 25.540 0.302
7.861 48.366 0.635
56.623 60.121 0.666
55.307 66.093 0.286
74.248 92.900 0.878
19.886 57.935 0.215
23.814 63.689 0.015
69.351 92.278 0.215
33.248 65.286 1.808
20.040 55.265 0.605
27.956 77.892 0.829
75.745 83.566 0.778
65.176 69.054 1.470
7.356 80.125 1.506
57.403 74.690 0.719
8.495 25.087 0.831
30.881 46.534 1.827
27.928 50.355 0.309
16.406 32.612 0.545
15.521 21.218 0.671
45.172 84.245 1.927
40.181 51.148 1.826
43.373 78.358 0.944
22.374 43.323 1.873
26.959 81.385 1.645
56.691 58.531 1.590
23.487 89.758 0.579
77.352 88.726 1.035
23.056 58.353 1.842
8.419 16.431 1.652
25.437 69.172 0.768
46.358 53.663 0.863
87.748 87.923 0.149
82.331 90.591 0.823
16.889 49.212 0.203
61.014 87.563 1.055
75.347 84.436 0.543
78.340 92.581 0.298
48.454 51.839 0.441
18.416 33.123 0.395
17.958 63.273 1.914
66.491 84.701 0.589
70.751 91.540 1.843
75.989 78.246 0.518
5.570 20.077 1.808
80.348 92.483 0.719
34.342 74.706 0.663
79.879 85.995 0.760
60.718 76.581 0.534
47.506 83.964 1.604
67.170 88.719 0.973
50.313 65.497 0.558
4.873 72.537 1.823
33.163 46.249 0.565
29.211 85.460 0.100
22.394 33.313 0.808
78.774 90.185 1.216
17.716 75.280 0.903
39.000 82.695 1.273
15.700 90.179 0.645
63.846 89.057 0.395
4.257 8.889 1.486
11.775 56.741 0.165
51.206 61.187 1.066
6.946 13.063 0.609
37.014 51.305 0.267
73.858 79.746 1.018
88.915 91.022 1.833
25.599 58.088 1.414
26.527 61.760 0.689
73.001 75.312 1.034
74.630 77.527 1.109
45.861 80.472 1.893
42.653 88.989 0.903
49.396 88.042 0.731
59.375 76.557 0.245
10.119 55.664 0.560
71.216 90.014 0.738
66.991 76.940 0.928
39.788 60.685 1.172
56.883 74.890 1.115
75.300 75.839 0.371
9.833 28.341 0.081
23.036 72.783 0.821
39.846 68.886 0.266
77.110 81.839 1.613
83.144 85.093 0.627
54.617 91.295 0.021
48.352 49.670 0.774
21.336 64.516 1.771
13.733 56.172 0.033
82.504 85.873 1.305
36.500 43.730 1.932
35.962 55.760 1.012
29.557 46.404 1.251
26.096 86.329 1.067
43.027 76.951 0.656
41.431 63.401 1.166
83.007 89.731 0.242
13.382 22.705 0.495
9.182 78.692 1.379
44.166 76.390 0.907
37.665 44.308 1.280
74.753 90.863 0.737
46.803 66.202 1.925
65.313 76.461 1.261
73.207 76.068 1.705
66.923 73.620 0.725
73.707 80.130 1.567
50.690 56.252 0.349
68.139 75.682 0.828
15.387 34.937 1.088
28.675 71.157 0.450
62.857 82.727 1.340
5.043 88.831 0.659
28.862 39.829 0.615
33.169 90.695 0.553
21.259 66.281 0.522
68.043 75.656 1.166
64.093 84.930 0.676
1.942 59.889 1.401
11.374 43.357 1.440
47.155 74.997 1.728
44.565 77.122 0.062
49.814 74.840 0.699
68.785 68.846 0.045
49.226 62.654 1.496
71.463 87.513 1.670
26.681 54.220 1.077
9.160 17.972 0.779
60.138 82.944 0.324
60.369 89.518 1.477
68.093 75.529 1.139
10.031 71.027 0.534
87.973 89.819 0.976
72.108 80.188 1.226
43.436 63.207 1.997
85.320 90.323 0.441
51.813 90.133 0.291
41.214 44.955 1.285
59.018 63.751 1.485
58.567 66.942 0.399
65.893 86.824 1.989
80.398 91.755 1.095
78.198 89.199 1.232
65.796 86.442 0.304
13.750 62.760 0.809
64.511 89.943 1.660
5.735 58.723 0.790
43.927 81.526 0.903
52.091 76.223 0.671
32.430 38.741 1.499
8.608 14.266 1.994
35.701 59.604 0.216
39.052 63.786 0.539
20.248 67.123 0.523
80.378 87.018 1.758
37.053 91.026 0.464
66.543 85.862 0.683
54.304 89.038 1.243
61.424 65.279 0.471
47.850 74.111 1.431
1.360 43.925 1.022
87.377 91.856 1.779
22.124 41.177 0.207
41.966 45.625 1.214
34.756 92.894 0.233
66.593 66.790 0.082
61.223 84.239 1.913
67.579 84.912 0.282
55.148 92.124 1.326
6.400 81.242 1.815
56.565 78.276 1.778
13.698 59.975 1.797
23.665 67.151 0.351
75.088 90.657 1.341
40.368 75.779 1.966
63.789 87.646 0.116
67.222 89.076 1.948
28.271 41.761 0.235
26.261 82.787 1.896
22.479 83.620 0.432
38.780 89.166 0.411
67.799 77.730 0.780
50.217 90.553 1.261
66.263 77.556 1.472
49.517 77.553 1.960
29.491 69.653 0.860
62.610 83.247 0.980
24.151 28.835 0.209
12.580 27.822 0.908
58.185 68.707 1.714
73.583 91.489 1.250
9.204 51.119 0.508
63.102 67.632 1.408
33.479 90.718 0.964
8.896 17.557 0.909
46.866 83.473 0.652
74.174 85.434 1.476
4.656 92.197 0.375
38.448 78.162 1.287
81.068 92.133 1.686
43.469 79.764 0.960
68.194 86.861 0.768
24.660 27.496 0.726
74.003 83.118 1.516
20.185 39.655 0.165
56.312 69.312 1.535
22.924 75.854 0.970
50.574 80.327 0.696
87.042 89.251 0.803
79.999 88.352 1.185
31.263 82.763 1.603
73.350 75.725 0.847
56.916 82.378 1.965
44.935 72.361 0.369
21.454 43.351 1.724
89.061 91.626 1.640
28.955 71.343 0.797
83.779 87.645 1.808
68.730 91.892 1.051
82.532 84.257 1.285
23.720 78.742 0.577
23.226 48.152 0.574
82.296 86.139 1.637
28.994 90.533 0.460
22.094 80.434 1.867
9.306 29.227 1.155
33.836 80.486 0.383
80.705 81.956 0.618
67.683 82.458 1.439
49.314 54.750 0.737
6.199 10.069 1.546
28.813 38.645 0.617
47.333 81.329 0.654
53.865 90.185 1.159
59.441 79.543 1.420
6.460 8.306 0.589
69.496 83.956 1.995
27.472 37.137 0.950
46.405 72.181 0.374
33.952 74.276 1.022
65.093 82.822 1.415
11.102 71.456 1.914
5.073 49.162 0.456
12.030 50.066 1.948
70.617 88.233 1.224
55.134 67.262 1.679
89.824 92.033 1.715
14.156 90.084 0.215
88.097 89.690 1.169
6.164 41.143 0.662
38.777 82.690 1.469
53.703 76.620 1.756
81.661 84.578 0.412
16.120 41.348 0.879
19.510 77.464 1.669
77.052 84.563 0.796
85.388 91.410 0.095
27.055 42.435 1.039
60.182 66.321 0.579
78.500 90.869 0.945
82.059 84.786 1.171
40.143 83.620 1.364
88.385 91.697 1.931
7.919 57.042 0.101
77.626 87.372 1.185
52.247 84.506 0.566
34.844 43.349 1.763
87.116 89.643 0.115
30.947 31.785 0.717
28.535 79.030 0.423
44.169 87.594 0.122
35.784 61.889 1.137
63.591 81.270 1.137
54.560 69.228 0.391
69.842 83.699 1.812
73.089 92.052 1.598
69.315 84.382 0.394
46.254 85.120 1.687
65.626 83.090 1.381
35.687 92.044 1.757
47.960 75.189 0.506
61.270 91.498 1.282
50.602 72.498 0.543
18.238 32.392 1.752
13.412 68.894 1.444
50.113 92.853 1.244
89.995 92.121 1.196
47.267 85.361 0.091
80.340 84.412 1.102
0.481 76.456 1.867
8.984 80.813 0.262
34.344 39.597 1.525
29.389 34.197 0.032
33.284 47.035 0.013
51.714 67.321 1.493
39.546 83.792 0.229
35.528 89.266 0.640
53.744 88.147 1.129
52.629 65.933 0.473
21.067 68.645 1.254
59.204 76.850 1.521
46.034 65.958 0.351
42.389 87.504 1.969
1.994 10.554 0.147
35.045 89.118 0.634
74.910 84.430 1.147
35.523 66.403 1.839
10.135 45.768 1.722
67.755 75.067 1.991
2.716 14.225 0.931
31.990 89.620 0.681
1.838 73.467 1.885
69.900 87.629 1.553
55.271 57.348 0.088
49.863 56.907 1.395
25.777 48.947 1.463
31.293 87.627 1.020
85.018 92.150 1.850
51.319 80.732 1.879
27.598 56.541 1.982
84.628 89.354 1.209
14.906 20.107 1.449
29.112 43.925 1.006
1.390 50.711 0.315
27.077 63.838 1.697
31.441 38.616 0.002
25.720 26.869 1.097
68.911 91.027 0.153
72.545 80.649 0.417
40.310 86.560 1.550
82.362 89.598 1.077
22.487 68.298 1.226
64.245 81.463 1.907
13.060 81.781 0.695
70.045 91.752 1.482
72.578 75.183 0.218
2.285 43.284 1.885
18.254 34.054 1.275
29.892 71.382 1.521
85.861 90.501 0.308
15.988 22.692 0.846
35.506 79.959 1.512
74.849 83.057 1.384
44.864 50.060 1.282
25.571 41.470 0.365
55.911 92.224 0.065
30.035 64.171 1.962
5.013 42.129 1.142
12.942 25.828 0.796
27.206 31.068 0.437
23.874 83.214 1.193
30.065 88.219 1.166
66.236 87.368 0.051
57.210 61.062 0.161
47.240 67.848 1.199
1.854 91.095 1.334
37.830 56.851 0.151
73.877 91.177 0.216
52.744 61.424 1.421
55.301 65.807 0.086
50.489 77.843 1.231
75.473 87.168 1.095
51.420 66.245 1.918
4.606 23.792 1.317
71.361 77.898 1.691
79.274 87.429 0.977
68.928 86.582 0.042
41.576 63.869 0.580
58.460 90.370 0.180
2.255 70.608 0.431
48.528 49.339 0.652
82.007 86.015 1.406
69.392 74.452 0.099
22.171 25.055 1.094
12.951 44.240 1.075
41.082 43.849 1.694
36.948 78.496 0.311
32.490 42.781 0.760
32.405 52.175 0.990
33.713 75.454 1.107
41.304 52.718 0.743
89.621 91.047 0.310
40.865 84.033 0.423
80.752 86.854 1.405
63.462 77.971 0.574
15.840 41.616 0.940
37.860 62.772 0.043
27.011 28.913 0.665
49.673 83.373 1.693
56.422 81.435 1.099
87.943 92.707 0.953
62.066 85.302 1.305
81.491 86.701 1.105
34.314 46.998 1.591
25.000 51.240 0.149
29.716 34.952 0.874
41.156 46.120 0.997
