0.038 7.319 1.127
24.262 29.064 1.170
10.509 29.333 1.792
22.398 31.554 0.348
21.315 25.582 1.027
0.450 12.429 0.183
4.419 32.676 0.332
13.371 13.699 0.238
0.267 18.024 0.756
17.136 27.241 1.204
4.987 18.343 1.326
10.564 24.243 0.114
23.500 29.209 1.605
9.059 26.935 1.752
28.677 31.861 1.851
4.270 11.738 0.924
25.867 31.521 0.419
25.310 32.998 1.994
18.345 22.822 0.785
8.918 11.131 1.680
11.276 26.047 0.185
1.686 30.458 0.018
8.277 23.037 0.546
20.735 30.104 1.675
14.548 28.377 0.411
14.054 32.083 0.916
22.333 28.810 0.217
11.557 25.190 1.470
17.172 20.184 0.723
6.753 27.994 0.850
15.513 29.147 1.980
10.367 25.360 0.338
14.757 27.561 0.127
15.144 32.115 0.295
4.247 24.726 1.810
9.091 11.567 0.853
28.998 30.769 1.366
26.318 30.894 1.643
5.741 28.082 0.356
14.258 23.857 0.311
21.961 25.631 0.811
17.062 29.442 1.364
21.657 23.886 0.951
11.034 13.416 1.669
15.510 23.726 1.326
3.140 30.802 1.899
16.486 24.642 0.692
11.249 19.299 1.694
13.683 32.680 0.544
8.934 23.226 1.478
5.880 28.890 1.523
11.930 30.796 1.002
0.824 20.098 1.989
1.515 8.482 1.063
25.291 30.790 1.254
5.936 10.750 1.684
3.298 13.646 1.486
28.232 30.215 0.572
4.208 28.481 1.466
21.240 30.331 1.200
7.582 7.911 0.289
1.830 28.644 1.612
6.317 21.182 0.231
0.428 15.356 0.228
22.567 28.863 1.372
2.217 9.130 0.873
20.887 26.503 0.581
6.973 21.375 1.156
18.860 26.148 0.320
28.891 32.796 1.392
5.698 11.120 0.672
29.855 32.996 0.915
2.925 6.896 1.250
13.132 15.867 1.863
26.839 28.687 0.580
23.072 25.733 0.821
18.842 25.899 1.208
13.991 26.493 1.196
25.644 30.862 1.658
21.627 26.601 1.132
5.528 21.435 1.476
27.153 28.651 0.486
18.142 27.408 1.397
10.539 13.254 0.989
22.222 29.373 1.224
20.734 23.932 1.609
17.281 31.763 1.735
18.441 20.463 1.455
20.033 25.456 1.953
17.076 20.351 0.612
3.257 28.833 1.738
22.329 26.026 0.310
2.380 22.062 0.153
24.600 28.967 1.090
12.269 22.240 0.597
15.036 21.046 0.305
22.140 31.227 0.628
28.772 32.318 1.747
9.002 13.703 1.888
1.972 18.995 1.570
18.289 21.126 1.912
26.269 29.324 1.308
3.144 10.705 1.010
8.709 22.923 1.840
19.884 26.460 0.229
11.374 28.736 0.994
15.278 27.712 0.765
15.965 23.430 1.213
0.177 4.753 1.416
18.692 26.602 1.726
22.420 27.058 0.994
23.561 27.642 1.106
28.672 30.475 1.262
11.227 27.478 0.263
28.552 29.865 1.224
9.895 24.704 0.112
3.949 29.288 1.694
17.906 31.007 1.443
0.440 23.563 0.253
18.514 19.876 0.435
5.068 15.415 1.248
9.582 25.311 0.735
24.072 29.537 1.614
18.333 31.701 1.596
4.344 16.629 1.260
7.611 29.363 0.273
1.985 20.133 0.856
9.069 15.315 1.096
9.340 28.501 0.221
4.041 26.984 0.568
26.857 31.831 1.579
18.457 31.019 0.722
6.855 14.184 1.727
7.486 32.629 1.085
1.614 18.159 0.163
12.804 18.171 0.189
26.746 28.060 0.466
3.753 7.810 1.863
1.413 12.117 0.117
27.441 30.299 0.797
28.385 31.630 1.674
25.263 29.175 1.387
7.775 21.037 0.009
28.644 30.299 0.797
17.567 28.285 0.510
28.358 32.586 0.871
0.215 20.687 1.882
23.585 25.915 1.153
6.670 7.545 0.766
12.538 26.097 0.164
