59.489 61.751 1.539
57.332 62.149 0.057
5.488 20.766 0.592
0.557 20.880 0.503
22.887 59.320 1.879
59.716 61.706 1.140
28.109 46.827 0.984
9.216 61.546 1.013
43.366 49.265 0.724
3.131 61.108 1.341
4.836 27.963 1.693
21.395 62.920 1.984
54.693 62.297 1.745
36.058 46.291 0.466
27.489 34.489 0.843
27.165 38.842 0.102
47.420 49.783 1.140
18.556 45.729 1.682
52.879 60.824 0.140
5.006 32.759 1.103
56.237 62.665 1.647
50.890 61.590 0.397
7.425 9.347 1.154
44.813 58.545 1.226
56.988 61.196 1.590
21.647 48.996 1.205
25.484 31.337 0.245
40.645 60.772 1.679
18.965 57.038 0.403
3.475 42.457 0.060
1.985 36.868 0.036
16.473 52.169 1.822
28.086 44.052 1.059
54.558 62.453 1.876
10.082 18.592 0.413
17.932 51.600 1.740
6.608 41.112 0.850
53.954 61.338 0.747
44.329 54.200 0.946
33.280 54.758 1.894
24.989 54.231 0.953
48.940 61.052 0.959
40.118 54.831 1.699
16.645 28.260 0.551
11.510 44.064 0.215
2.461 43.830 1.998
9.917 13.413 0.360
56.711 61.285 0.662
35.313 48.528 1.599
18.833 42.732 1.729
47.001 52.181 0.611
43.961 44.973 0.888
28.448 29.918 0.731
55.794 62.231 0.939
37.223 43.486 1.705
19.593 54.608 0.459
2.584 4.016 0.979
21.065 49.402 1.433
29.556 40.734 0.163
19.238 50.458 0.555
45.974 49.431 0.505
41.526 50.363 0.867
25.919 37.209 1.538
54.626 58.687 1.883
16.328 23.496 1.727
3.126 54.808 0.503
20.988 32.438 1.184
6.273 59.844 1.166
15.224 22.454 0.632
9.666 51.926 1.085
12.596 37.939 1.972
10.393 22.355 0.193
59.639 62.228 0.369
18.575 56.922 1.011
33.326 53.742 1.870
33.072 38.628 0.162
36.271 50.772 0.567
1.793 42.492 1.991
43.959 58.565 1.360
54.891 59.911 0.957
34.258 59.484 0.816
29.919 62.854 0.387
39.371 53.154 1.589
39.109 59.878 0.088
41.927 46.498 1.740
7.694 11.141 1.410
27.525 41.832 1.225
26.516 37.252 0.951
3.162 60.350 0.108
19.011 52.417 0.375
52.165 54.788 0.935
10.095 44.166 1.114
59.092 60.844 1.421
49.510 50.986 0.184
39.843 47.625 1.434
52.613 61.446 0.309
50.628 61.449 0.403
44.937 54.075 1.246
1.926 39.014 0.034
0.253 40.696 0.812
27.567 57.148 0.842
33.366 58.346 1.003
12.173 55.594 1.636
35.465 44.320 1.919
59.819 62.186 1.219
9.406 15.842 1.259
10.520 60.253 1.100
42.068 43.753 1.175
16.399 27.533 1.558
28.531 62.454 0.497
53.714 57.675 0.934
45.827 46.954 0.074
7.857 31.655 1.931
29.648 37.128 1.372
43.397 45.761 1.234
3.558 34.941 0.893
57.689 62.798 0.071
14.037 61.935 0.566
32.286 39.436 1.818
3.928 27.857 0.366
58.414 62.550 0.508
38.790 61.303 1.199
19.053 21.867 1.486
53.047 55.251 0.875
17.932 26.115 0.691
52.839 54.709 0.970
32.550 46.264 0.347
27.998 43.281 0.842
31.770 41.687 0.508
53.763 56.737 0.229
15.984 24.791 0.155
51.421 53.071 1.026
46.847 57.728 0.659
53.435 60.526 1.164
11.697 32.554 0.575
10.273 42.580 0.394
52.408 61.204 0.317
30.678 45.524 0.280
37.135 57.081 0.344
31.898 48.052 0.265
43.699 61.950 1.507
19.025 46.650 1.381
32.665 46.169 1.232
40.521 48.125 0.412
34.082 41.849 0.647
27.732 31.180 1.212
51.853 55.857 1.768
27.296 61.664 1.804
1.130 49.298 0.684
4.146 39.620 0.975
54.827 59.960 0.653
57.048 60.719 1.684
42.405 51.213 0.272
15.583 60.635 1.889
15.345 24.650 0.804
24.793 35.428 1.666
26.485 41.381 1.416
18.806 62.270 1.997
2.208 60.370 1.960
45.221 49.765 0.539
34.914 40.630 0.025
55.254 60.907 0.388
45.629 60.583 0.798
48.197 62.488 0.463
40.645 47.155 0.825
0.130 27.249 0.040
49.182 54.144 0.488
3.477 6.116 0.251
58.661 60.193 1.037
3.507 39.477 1.462
37.979 47.214 0.623
7.705 58.649 0.418
54.349 60.028 0.298
31.508 56.283 0.321
43.670 60.416 1.469
36.849 51.805 1.685
5.281 48.827 1.229
5.759 27.025 1.250
36.895 48.396 1.475
37.184 56.164 1.635
2.023 35.970 0.104
29.215 32.574 1.016
47.852 50.085 1.959
37.970 57.810 1.194
3.578 22.209 0.057
36.446 47.332 1.238
45.540 59.829 1.938
58.918 61.701 1.630
33.117 49.179 0.258
36.576 53.810 1.847
16.366 38.252 1.017
35.593 49.448 1.769
9.599 36.554 1.503
46.933 60.528 1.469
52.701 57.514 1.281
15.879 46.546 0.095
0.919 59.226 1.644
45.591 52.684 1.919
52.015 55.026 0.136
10.609 32.020 1.439
34.211 46.627 1.315
0.888 61.053 1.005
37.239 58.772 1.016
51.509 52.913 0.931
8.896 57.994 1.374
6.076 7.125 0.806
38.959 62.956 1.923
19.564 59.760 0.917
48.180 54.571 0.504
37.192 52.989 1.639
10.049 52.371 0.703
36.957 59.351 1.514
34.513 60.839 0.414
22.316 57.626 0.883
33.432 42.188 1.029
25.665 51.831 0.499
44.754 54.262 1.079
40.312 53.504 0.853
33.506 61.664 0.002
5.869 56.821 1.221
10.564 13.436 1.445
17.189 26.367 0.917
31.938 62.657 1.327
37.305 46.907 0.212
19.734 30.836 0.048
58.202 60.902 0.032
38.415 50.715 0.982
56.645 62.704 1.205
4.003 41.543 0.982
3.818 5.645 0.900
16.956 27.351 1.342
14.078 40.388 1.216
49.059 57.941 1.652
7.687 52.603 1.922
38.473 44.638 0.670
22.195 32.320 1.416
12.272 61.164 1.743
4.710 9.053 0.138
40.138 54.436 1.932
20.289 50.906 0.445
43.873 61.327 1.862
47.365 49.441 1.345
22.222 45.195 1.862
47.224 62.313 0.877
37.120 42.205 1.264
38.393 56.236 0.581
43.022 54.370 0.218
25.976 47.881 0.515
23.120 25.524 1.121
57.982 61.535 1.154
2.490 41.616 0.172
32.982 37.123 1.206
15.942 59.981 0.764
53.558 55.727 1.415
15.222 62.649 1.760
15.420 24.825 0.863
3.605 48.011 1.333
30.332 50.335 1.450
43.363 57.628 1.341
49.537 53.322 1.386
30.607 61.332 0.270
50.702 55.693 0.895
10.146 40.626 0.992
43.163 49.904 0.153
47.587 60.992 1.109
40.649 43.310 0.040
24.617 44.082 0.790
35.535 45.410 1.796
13.775 49.388 1.976
31.263 34.704 1.432
18.190 53.597 1.898
57.528 60.115 1.920
47.840 49.731 1.257
53.492 61.458 0.147
43.688 57.393 1.422
45.472 49.327 1.478
32.738 39.911 1.863
14.270 46.857 1.928
57.444 60.795 0.943
31.625 58.740 1.470
30.248 36.394 0.525
32.140 46.789 1.373
15.119 51.992 1.684
24.458 34.150 0.664
10.739 61.843 1.568
0.474 6.381 1.362
1.882 21.578 0.250
41.876 46.237 0.028
13.876 31.997 1.591
56.477 60.261 1.909
27.511 48.446 1.862
10.478 26.978 0.548
25.810 31.950 0.499
3.997 35.908 1.627
47.100 50.963 1.037
54.023 60.716 0.136
28.547 47.465 1.311
28.391 53.138 1.996
17.978 39.697 0.644
44.166 57.849 0.307
