47.772 78.659 1.129
46.781 58.750 0.473
18.726 61.284 1.254
52.626 68.562 1.521
40.919 58.792 0.351
37.679 78.102 1.969
1.773 9.427 0.147
31.151 79.532 0.634
66.587 75.278 1.147
31.576 59.296 1.839
9.009 40.934 1.722
60.226 66.973 1.991
2.415 12.775 0.931
28.436 79.981 0.681
1.633 65.610 1.885
62.133 78.185 1.553
49.130 51.003 0.088
44.323 50.763 1.395
22.913 43.727 1.463
27.816 78.205 1.020
75.571 82.226 1.850
45.617 72.056 1.879
24.532 50.527 1.982
75.224 79.658 1.209
13.250 18.043 1.449
25.877 39.205 1.006
1.235 45.272 0.315
24.068 57.012 1.697
27.948 34.364 0.002
22.862 24.006 1.097
61.254 81.220 0.153
64.484 71.845 0.417
35.831 77.256 1.550
73.210 79.900 1.077
19.988 60.972 1.226
57.106 72.692 1.907
11.609 72.991 0.695
62.263 81.881 1.482
64.514 66.890 0.218
2.031 38.739 1.885
16.226 30.450 1.275
26.571 63.726 1.521
76.321 80.669 0.308
14.212 20.283 0.846
31.561 71.370 1.512
66.533 74.056 1.384
39.879 44.656 1.282
22.730 36.971 0.365
49.699 82.303 0.065
26.698 57.320 1.962
4.456 37.660 1.142
11.504 23.084 0.796
24.183 27.679 0.437
21.221 74.273 1.193
26.724 78.735 1.166
58.876 77.924 0.051
50.854 54.328 0.161
41.991 60.530 1.199
1.648 81.303 1.334
33.627 50.659 0.151
65.669 81.350 0.216
46.884 54.790 1.421
49.157 58.595 0.086
44.879 69.455 1.231
67.087 77.741 1.095
45.707 59.137 1.918
4.094 21.333 1.317
63.432 69.466 1.691
70.466 77.950 0.977
61.269 77.207 0.042
36.957 56.952 0.580
51.964 80.638 0.180
2.004 63.025 0.431
43.136 43.930 0.652
72.895 76.662 1.406
61.682 66.259 0.099
19.708 22.398 1.094
11.512 39.525 1.075
36.517 39.168 1.694
32.843 70.030 0.311
28.880 38.152 0.760
28.805 46.558 0.990
29.967 67.340 1.107
36.715 46.995 0.743
79.663 81.073 0.310
36.324 74.979 0.423
71.780 77.436 1.405
56.410 69.501 0.574
14.080 37.171 0.940
33.653 55.950 0.043
24.010 25.780 0.665
44.154 74.409 1.693
50.153 72.651 1.099
78.171 82.723 0.953
55.170 76.109 1.305
72.436 77.273 1.105
30.501 41.983 1.591
22.222 45.685 0.149
26.414 31.182 0.874
36.583 41.123 0.997
63.010 76.210 0.283
65.466 69.995 0.842
68.542 74.342 1.527
6.236 23.762 0.121
41.012 65.711 0.833
39.847 59.269 1.837
17.227 77.212 1.130
43.234 52.128 1.206
50.504 76.847 0.904
24.761 55.983 1.150
54.106 59.610 1.930
23.385 23.662 0.072
31.893 41.378 0.280
49.843 79.962 0.040
61.066 70.173 1.734
39.677 58.031 1.144
63.781 68.732 0.336
42.931 71.377 0.668
35.375 58.623 1.523
4.370 77.423 1.038
36.268 47.391 1.285
20.684 82.831 1.550
33.065 42.978 0.450
67.509 78.007 0.932
1.299 15.482 0.657
79.355 82.213 1.998
68.098 76.330 0.150
69.319 75.772 1.378
47.541 72.331 1.429
23.206 61.058 1.736
34.820 77.049 1.307
44.039 50.766 0.266
27.274 78.313 1.261
28.111 63.985 0.886
1.194 46.038 0.413
72.649 76.263 1.626
62.841 69.017 1.261
17.781 52.950 0.498
60.317 62.778 1.654
61.979 66.610 1.934
0.103 56.440 1.728
30.167 71.388 0.817
7.700 36.081 1.860
67.776 80.042 1.643
16.451 69.078 1.298
51.510 67.939 1.484
31.869 58.297 1.465
59.123 73.816 0.593
70.820 80.769 0.944
75.557 82.167 0.842
45.697 81.476 1.406
61.804 73.361 1.015
3.257 38.458 1.259
65.412 75.920 0.547
46.061 80.687 0.897
58.046 67.844 0.793
51.515 76.097 0.461
15.574 52.664 0.668
9.251 34.890 0.022
20.196 49.598 0.698
72.173 77.835 1.560
31.607 64.013 1.458
29.681 38.091 0.087
15.782 24.913 0.249
33.783 71.839 0.121
64.970 75.110 0.994
9.356 25.206 1.656
41.483 76.430 1.920
69.577 77.161 1.060
20.508 66.732 0.865
5.657 10.578 1.215
3.518 56.681 0.362
17.159 73.523 1.920
34.115 51.988 1.098
64.868 66.302 0.416
61.933 80.237 0.329
12.769 74.373 1.047
38.007 41.047 0.507
9.002 17.573 0.804
76.284 79.182 2.000
67.558 79.891 0.125
11.211 82.765 1.667
3.430 20.846 0.003
50.246 73.201 1.388
33.387 72.752 1.484
32.660 58.472 0.671
52.746 70.981 0.274
72.619 81.146 0.512
45.700 67.212 1.643
14.471 73.406 0.892
52.441 59.436 1.387
52.238 63.664 1.029
50.856 81.166 1.501
72.876 80.610 0.907
63.869 71.381 0.750
64.292 66.714 0.009
25.565 44.504 0.636
54.301 74.725 1.796
39.957 75.147 0.734
5.542 81.828 1.546
55.812 63.363 0.135
54.108 61.740 1.984
29.246 42.273 0.116
15.962 78.994 0.883
42.824 52.815 1.391
45.492 73.809 0.825
5.657 81.349 1.595
44.276 48.030 0.748
43.563 64.040 1.324
56.034 65.897 1.107
31.585 35.819 0.316
14.886 21.023 0.583
53.266 73.089 1.434
49.408 51.686 1.680
61.760 82.770 1.325
13.741 74.628 0.355
77.502 79.738 1.150
69.751 80.888 0.374
15.362 45.220 0.913
30.584 52.668 1.636
21.253 35.171 0.898
46.176 68.438 0.409
63.974 75.098 1.770
35.111 78.966 1.645
2.559 68.168 1.329
54.960 59.007 0.485
2.752 72.036 0.893
4.546 70.720 0.923
58.149 65.939 0.143
36.866 47.486 1.733
52.433 62.762 0.193
40.114 68.110 0.356
8.636 49.741 0.954
7.146 77.216 1.711
39.579 75.328 0.717
29.915 64.527 0.201
50.746 62.129 1.619
75.686 81.352 0.644
22.633 40.229 0.455
35.721 49.218 0.833
44.044 78.383 0.487
34.786 77.123 0.094
31.241 43.202 0.629
61.164 77.652 1.876
59.728 70.971 1.987
72.160 74.990 1.231
66.364 73.378 0.446
58.837 73.477 1.424
78.936 82.782 0.005
46.510 62.698 0.917
28.658 61.686 1.209
33.797 38.897 0.027
48.085 52.413 0.483
3.328 19.338 0.771
2.656 25.073 1.761
60.986 62.544 1.133
18.748 73.586 1.683
8.306 61.809 1.411
4.207 75.037 0.175
74.033 78.747 0.681
59.560 64.111 1.538
55.929 68.099 1.063
18.714 26.471 1.635
42.994 76.526 1.515
67.641 76.335 0.547
50.707 70.940 0.715
77.651 82.608 1.446
78.481 79.895 1.333
47.084 60.198 1.642
58.581 69.514 1.015
0.850 46.560 1.116
39.689 55.279 1.826
21.929 45.776 1.459
25.965 82.495 1.090
72.090 75.192 0.436
23.848 32.573 1.723
71.220 81.679 0.464
43.974 80.961 0.481
35.431 37.677 1.501
34.574 50.708 1.418
53.532 58.504 0.360
35.262 79.329 0.378
79.883 81.739 1.617
46.615 62.407 1.858
68.591 72.650 0.219
21.063 43.017 1.343
79.802 82.185 1.013
44.525 67.148 1.395
23.385 82.841 1.767
5.867 22.080 1.712
38.602 67.363 0.319
52.724 77.556 1.283
70.324 81.470 1.282
77.251 79.185 1.852
3.235 71.702 1.728
54.474 71.198 1.503
44.913 69.604 0.509
78.357 82.273 0.479
76.960 80.358 0.788
57.265 78.641 1.609
70.486 72.018 0.060
10.564 18.386 0.208
77.873 81.892 0.761
42.094 49.377 0.283
57.436 71.399 1.722
43.773 74.304 0.531
30.748 72.416 0.488
54.169 76.302 0.283
24.515 47.570 1.106
11.866 23.712 1.404
79.644 82.620 1.690
12.493 56.573 0.471
9.627 34.188 1.092
70.830 80.192 1.643
48.776 52.352 0.656
55.890 65.794 1.614
57.675 67.918 1.486
77.021 78.442 1.303
39.213 53.058 0.238
42.899 63.795 1.641
12.937 38.879 1.346
3.093 8.232 0.229
48.808 55.689 1.109
63.103 65.980 1.043
3.469 21.242 1.398
69.091 81.955 1.980
2.932 63.928 0.203
17.344 77.001 0.108
65.043 71.868 0.995
26.173 74.782 1.297
23.499 56.030 1.295
44.371 57.158 0.670
32.103 41.807 1.038
30.526 52.885 0.307
3.753 25.198 1.637
11.355 64.484 0.074
63.276 82.523 1.323
64.904 68.366 1.663
76.343 79.817 1.602
5.852 60.407 0.026
48.896 82.235 1.718
25.347 74.308 1.787
2.180 5.916 1.274
46.642 49.934 0.030
28.065 31.804 1.636
70.539 71.686 0.415
27.586 42.622 0.909
70.984 76.090 0.095
22.740 67.331 1.231
71.335 78.125 1.640
37.203 56.449 1.215
15.779 67.464 0.397
56.369 62.038 0.747
77.932 81.167 0.617
30.196 54.994 0.392
10.149 21.725 0.589
44.528 66.013 1.472
2.212 28.120 1.142
27.237 49.410 1.852
16.902 80.561 0.434
5.120 30.781 0.722
32.730 72.390 0.275
35.770 76.141 1.580
60.410 68.472 0.472
35.592 67.097 0.302
59.850 67.237 1.208
21.055 74.803 1.050
58.393 59.183 0.380
24.664 59.677 0.872
28.560 64.323 0.548
30.492 52.495 0.657
75.137 80.075 1.734
66.137 73.346 1.666
56.428 67.347 1.228
18.731 55.277 1.577
13.558 36.746 0.853
22.181 27.317 1.993
74.214 82.129 1.206
1.062 39.302 1.019
43.742 74.180 0.410
3.689 33.595 1.961
66.643 73.154 1.156
2.578 34.719 0.783
65.329 72.762 1.501
55.143 80.537 0.861
30.831 73.972 1.342
30.638 51.850 0.078
61.350 68.824 0.858
11.521 75.054 0.652
9.881 61.965 0.841
18.082 61.752 0.530
40.941 76.957 0.898
54.740 66.926 0.973
39.103 61.866 1.334
44.765 51.651 0.317
68.481 72.949 1.282
57.101 68.172 1.140
42.426 77.781 0.618
64.834 79.149 1.372
36.622 38.710 1.694
