78.472 95.818 0.203
52.437 70.962 1.615
22.456 33.386 1.286
27.754 76.920 0.304
83.206 99.584 1.203
74.435 97.449 0.636
40.172 52.858 1.921
43.431 49.926 1.381
14.399 68.723 0.984
14.405 101.184 0.554
11.493 29.098 1.684
37.007 99.806 0.905
53.462 68.770 0.197
95.566 101.453 1.554
88.980 92.068 1.839
2.292 99.077 0.989
68.038 87.093 0.768
24.342 34.678 0.592
61.614 72.371 1.793
92.474 100.775 1.325
62.633 88.623 1.620
36.094 53.113 0.405
83.670 92.678 0.112
53.783 87.884 0.909
31.785 43.785 0.222
72.234 101.997 0.633
54.500 69.413 0.485
82.818 97.085 0.361
75.124 77.563 0.445
85.678 88.840 1.241
33.741 97.412 1.566
29.347 57.553 1.497
83.749 86.714 0.121
21.512 66.983 1.428
26.191 70.467 0.623
16.529 55.972 1.872
57.250 73.698 0.779
69.716 89.554 0.217
20.826 92.362 1.953
0.369 98.799 0.960
60.784 89.285 0.964
36.805 56.512 1.903
18.265 100.108 1.984
40.309 62.514 1.672
81.545 102.528 1.605
33.354 99.226 0.554
31.108 57.994 0.000
2.814 50.110 1.885
94.046 100.109 0.842
24.146 66.021 0.750
91.491 96.097 0.446
69.893 77.686 1.685
93.551 96.904 0.777
37.959 48.962 0.749
50.243 87.743 1.717
74.306 83.341 1.004
7.041 61.416 1.558
83.734 92.238 1.263
2.017 57.091 1.413
33.451 48.478 1.337
41.115 49.021 1.260
70.107 94.406 0.038
20.786 61.007 0.948
3.751 75.092 0.227
76.162 100.619 0.986
75.137 92.475 1.422
40.040 72.311 1.497
27.415 97.955 0.210
66.198 100.607 1.623
63.063 88.909 1.105
62.114 83.418 0.180
93.457 98.482 0.907
53.746 68.107 1.699
95.062 99.074 1.229
30.964 83.529 0.447
84.854 95.155 1.937
59.148 98.182 0.780
30.772 54.016 0.042
52.834 63.560 1.593
33.714 66.774 1.368
53.618 102.798 1.829
67.565 97.596 1.296
99.097 102.582 1.329
56.325 98.404 1.352
75.518 82.333 0.984
14.338 98.782 1.564
75.732 89.422 0.370
89.944 98.425 1.677
99.130 101.399 0.183
46.794 94.222 0.678
93.789 102.596 0.954
3.247 29.475 0.886
15.357 53.140 1.069
41.011 84.290 1.464
25.163 82.641 0.248
2.271 78.821 1.670
33.720 69.342 1.619
32.221 82.616 1.962
78.137 95.152 0.561
3.742 55.356 0.220
65.004 67.409 1.939
95.666 96.972 0.329
76.998 98.018 1.322
97.659 102.438 0.221
93.954 102.700 0.651
96.374 100.694 1.601
80.142 96.695 0.742
71.007 72.876 1.179
1.379 93.091 0.316
4.791 92.468 0.501
21.027 26.289 0.104
14.496 36.236 1.768
45.067 99.580 1.328
25.077 96.411 1.499
6.372 15.247 0.627
84.167 90.906 1.882
58.806 77.878 0.725
32.987 48.850 0.283
55.907 101.424 1.824
39.735 79.259 0.086
79.022 81.992 1.342
70.190 89.831 1.852
18.159 102.077 1.310
31.632 97.092 0.142
58.272 101.036 1.745
91.919 101.980 1.405
46.550 55.958 0.984
58.473 59.988 1.313
75.048 78.455 0.401
14.814 45.588 1.225
70.241 80.532 1.529
66.973 89.826 0.113
99.249 100.372 0.492
61.827 67.031 1.731
44.066 60.565 0.166
16.077 101.103 0.217
22.681 101.188 0.842
51.073 57.234 1.898
11.951 65.497 1.598
77.261 88.176 0.187
13.987 18.390 1.367
25.504 62.275 1.225
68.184 83.555 1.085
92.795 99.098 1.727
7.334 53.486 0.504
70.299 98.729 0.445
50.899 52.639 1.585
63.933 95.419 0.144
84.310 86.831 1.047
14.774 46.735 1.156
52.174 60.778 1.894
90.847 102.097 1.701
58.318 86.804 1.837
65.801 73.444 1.571
79.113 92.161 1.739
36.161 54.861 1.553
20.905 86.501 1.727
69.488 71.647 0.563
50.255 56.389 0.738
34.053 70.153 0.953
59.398 84.398 1.277
48.091 64.082 1.202
61.736 98.827 1.178
16.694 80.794 1.415
5.136 28.359 0.610
8.991 34.201 1.965
7.535 50.193 1.558
79.949 81.608 0.522
21.845 36.902 0.858
72.607 95.842 0.814
88.198 94.419 0.808
60.231 73.970 1.064
93.326 98.654 1.653
16.126 71.197 0.321
92.425 98.832 0.148
44.362 86.241 0.200
19.987 43.042 0.082
79.955 83.384 1.028
85.870 100.953 0.510
84.283 101.767 0.319
83.547 94.789 1.558
33.705 69.147 1.242
91.556 102.379 0.459
38.557 73.620 0.305
89.236 94.979 0.035
48.650 74.998 0.435
96.252 101.644 0.568
12.510 49.610 0.877
44.942 56.334 0.012
73.498 92.332 0.451
67.214 98.749 1.153
18.830 92.683 0.701
86.648 93.448 1.755
60.344 84.858 1.693
13.636 60.226 1.347
30.610 55.038 0.962
9.503 13.837 0.182
37.715 50.090 0.496
77.245 94.452 0.407
48.610 100.286 1.074
13.977 22.870 0.847
77.554 91.965 0.855
86.291 96.817 1.226
54.662 70.077 1.227
26.380 65.538 1.454
52.998 91.297 0.708
57.491 95.449 0.968
73.083 91.214 0.454
3.211 68.068 0.352
33.906 57.717 1.957
80.111 89.756 0.773
11.979 29.856 1.901
78.658 85.969 0.430
16.895 69.654 0.413
66.707 75.929 1.461
6.290 19.311 1.993
64.620 77.785 1.867
36.872 79.361 0.856
4.807 51.511 1.180
34.486 68.268 1.186
62.676 85.545 0.164
56.853 98.931 1.395
93.979 100.609 1.938
30.747 45.845 0.981
97.305 101.130 0.905
82.995 93.409 0.315
2.579 56.460 0.938
64.565 100.326 0.905
29.804 81.584 1.662
1.688 24.455 1.604
28.654 48.144 1.686
9.546 14.020 0.124
62.239 99.169 0.518
85.617 98.539 0.337
99.277 100.331 0.770
73.415 76.781 1.403
90.771 99.286 1.614
65.593 66.017 0.118
92.755 96.344 1.284
10.962 64.433 0.069
17.829 66.720 1.165
15.140 58.694 1.753
18.067 75.783 0.808
91.925 94.417 1.696
82.418 102.447 0.396
44.603 68.838 1.355
35.899 84.464 0.902
45.579 90.374 1.173
17.948 87.458 0.822
51.735 55.593 1.057
55.635 86.613 0.026
54.015 87.409 0.864
97.031 99.976 0.308
25.584 96.845 0.532
92.740 98.824 0.859
15.876 27.509 0.528
72.491 78.349 1.358
50.584 90.119 0.494
20.823 83.243 1.916
52.507 57.958 0.705
74.120 86.519 0.064
7.721 51.022 0.379
2.853 41.418 0.430
78.353 84.625 0.238
70.409 85.959 1.146
19.623 92.629 1.391
35.817 46.455 0.421
7.483 37.143 1.633
54.729 81.732 1.537
36.500 57.402 1.095
93.210 102.381 0.895
18.137 66.673 0.937
65.276 91.008 1.933
9.760 88.074 0.750
99.817 100.571 0.111
47.142 60.954 1.822
98.215 100.585 0.753
50.197 71.078 1.565
23.038 30.702 0.848
36.088 49.186 0.565
23.313 33.245 1.956
17.624 54.919 1.076
15.213 87.075 0.617
1.151 21.261 1.608
61.556 87.558 1.129
38.847 71.173 1.814
91.296 98.621 1.750
48.408 94.564 0.392
33.961 64.889 1.310
0.790 18.828 1.470
76.254 87.448 1.307
6.531 47.330 1.139
41.154 79.285 0.966
15.751 85.504 0.726
6.561 25.268 1.735
98.761 102.945 0.291
82.904 89.061 1.565
5.524 83.187 1.961
20.206 58.236 0.219
25.983 80.907 1.270
77.117 102.599 1.193
1.437 38.742 0.998
19.477 87.081 1.664
82.861 84.170 1.261
87.619 92.345 1.633
7.004 95.026 1.093
41.053 97.697 1.238
78.774 84.842 1.710
20.066 65.055 1.361
20.176 88.616 1.353
17.649 92.822 1.427
85.604 95.834 1.201
95.444 102.976 1.885
62.059 92.378 0.761
65.648 97.596 1.525
84.078 89.056 0.428
60.430 98.706 1.877
8.921 29.883 0.004
83.087 94.928 0.504
30.665 36.480 1.932
44.096 78.042 0.518
74.410 100.800 0.295
92.380 94.077 1.201
16.843 60.900 0.294
20.237 85.528 0.508
38.835 98.239 1.361
12.113 71.086 0.762
42.613 57.631 1.472
84.750 92.645 0.174
72.402 91.839 1.801
92.364 94.602 1.272
76.159 78.448 0.978
7.422 95.484 1.113
49.254 86.369 1.994
97.806 102.061 1.517
21.509 91.911 1.560
67.547 74.950 0.804
99.228 101.575 0.741
73.104 77.876 1.811
66.097 89.543 0.105
32.618 67.559 0.639
94.168 101.648 1.842
74.883 91.028 0.832
30.039 74.963 0.428
89.676 102.702 0.789
15.674 37.244 1.773
4.663 9.452 0.389
89.093 92.302 1.645
88.452 93.502 0.365
1.212 53.094 0.677
27.165 61.369 1.077
93.091 93.918 0.822
5.896 38.175 0.302
15.360 58.216 1.835
8.338 81.218 0.750
51.778 54.661 1.568
91.330 99.460 1.393
43.165 61.710 1.813
57.476 89.526 0.733
9.888 54.918 1.283
1.608 83.458 0.933
52.452 89.544 0.480
7.828 64.463 1.746
83.370 86.159 0.737
85.766 93.988 0.388
21.906 65.608 1.066
20.057 63.105 0.441
78.603 94.665 0.663
28.376 41.596 1.547
81.915 98.560 1.466
42.915 73.991 0.513
66.509 75.011 1.062
11.142 62.030 1.572
64.916 72.333 0.967
15.516 60.221 1.314
33.433 77.303 1.902
1.984 20.627 0.408
12.238 54.463 1.588
45.619 53.441 1.905
80.627 84.267 0.894
31.040 40.013 0.967
34.251 69.292 0.222
48.219 95.465 1.490
94.253 98.782 1.048
62.993 69.815 1.544
70.687 89.313 0.765
78.893 102.122 0.167
57.796 87.671 1.675
25.007 31.019 0.887
48.051 55.472 0.423
46.232 56.216 0.931
28.690 85.144 1.538
99.771 102.717 1.364
81.002 99.465 1.377
37.770 91.166 0.870
51.112 87.799 1.837
42.869 96.101 0.676
14.493 101.385 0.008
43.736 90.956 0.486
26.759 58.444 1.712
34.046 61.695 1.525
53.670 55.602 0.850
13.056 37.879 1.090
15.531 70.301 1.951
21.528 33.479 1.707
78.298 92.637 1.475
25.950 101.627 1.191
87.951 94.557 1.593
68.969 82.770 0.048
88.641 93.075 1.491
17.493 31.246 1.836
1.230 60.402 1.121
64.254 87.228 0.621
79.696 85.330 1.839
36.552 67.982 1.822
20.847 79.592 0.909
99.634 100.527 0.690
90.561 94.329 1.577
74.425 88.329 0.730
59.484 63.825 0.640
82.482 83.870 0.816
25.929 61.825 0.345
47.600 90.089 0.705
55.245 85.223 0.363
86.135 97.738 0.554
96.509 102.351 1.687
68.978 73.230 0.938
61.003 88.987 0.881
0.107 61.901 0.194
75.234 99.450 1.428
91.958 95.223 1.767
66.747 91.791 0.162
89.126 100.433 1.964
16.233 97.091 0.290
61.733 99.130 0.349
26.811 72.018 1.451
20.298 88.739 1.153
33.311 58.751 0.927
58.211 66.897 0.840
13.874 32.791 1.786
67.852 71.762 0.575
84.896 96.895 0.583
64.892 90.634 1.005
71.590 97.924 0.586
54.765 67.521 0.824
62.319 73.360 1.541
48.097 90.737 0.219
87.695 97.481 1.014
40.696 96.071 1.745
28.275 79.394 0.572
80.950 93.182 0.778
59.548 64.926 1.799
15.580 77.937 1.570
2.359 13.218 1.545
96.417 98.599 1.464
73.898 79.261 0.197
8.240 16.024 1.150
40.544 46.073 0.413
3.870 20.556 1.305
72.781 99.417 1.784
69.466 77.279 1.724
5.469 84.025 0.745
53.465 58.970 0.457
27.439 74.216 1.779
38.801 97.869 1.653
74.462 87.549 0.994
82.763 90.395 0.162
92.120 101.817 1.557
54.592 73.308 0.580
82.083 98.638 1.695
29.951 43.834 0.702
59.624 100.818 1.074
16.474 48.132 0.418
44.139 52.019 1.773
48.039 81.538 1.298
90.503 94.805 0.859
59.871 93.285 1.640
60.030 69.490 0.155
4.410 29.875 0.886
37.736 72.002 0.288
51.689 101.025 0.281
40.260 77.654 1.865
0.095 83.427 1.713
38.826 66.932 1.804
66.759 82.203 0.103
56.035 84.630 0.802
93.149 101.463 0.681
97.128 99.079 1.791
54.253 77.561 1.363
57.814 58.378 0.374
60.491 65.557 0.387
24.311 45.212 1.775
53.551 73.397 0.607
59.667 68.490 0.190
82.635 83.670 0.794
65.847 95.486 0.643
68.892 70.209 0.943
36.335 87.666 1.983
85.598 87.338 1.461
81.356 88.373 1.576
