41.859 89.622 1.217
8.365 28.281 0.302
8.734 53.546 0.635
62.914 66.706 0.666
61.452 73.320 0.286
82.498 102.890 0.878
22.095 64.188 0.215
26.460 70.572 0.015
77.056 102.208 0.215
36.943 72.270 1.808
22.266 61.211 0.605
31.062 86.270 0.829
84.161 92.660 0.778
72.417 76.548 1.470
8.173 88.720 1.506
63.781 82.788 0.719
9.439 27.737 0.831
34.312 51.471 1.827
31.031 55.814 0.309
18.229 36.119 0.545
17.246 23.484 0.671
50.191 93.295 1.927
44.646 56.605 1.826
48.192 86.800 0.944
24.860 47.893 1.873
29.954 90.122 1.645
62.990 64.857 1.590
26.096 99.411 0.579
85.946 98.315 1.035
25.617 64.569 1.842
9.354 18.061 1.652
28.263 76.613 0.768
51.509 59.497 0.863
97.497 97.674 0.149
91.479 100.383 0.823
18.766 54.526 0.203
67.794 96.997 1.055
83.718 93.621 0.543
87.045 102.543 0.298
53.838 57.531 0.441
20.463 36.704 0.395
19.953 70.019 1.914
73.879 93.865 0.589
78.613 101.387 1.843
84.433 86.854 0.518
6.189 22.088 1.808
89.276 102.437 0.719
38.157 82.755 0.663
88.754 95.357 0.760
67.464 84.898 0.534
52.785 92.992 1.604
74.633 98.282 0.973
55.904 72.619 0.558
5.414 80.295 1.823
36.848 51.268 0.565
32.456 94.661 0.100
24.882 36.889 0.808
87.527 99.916 1.216
19.684 83.367 0.903
43.333 91.587 1.273
17.444 99.875 0.645
70.940 98.658 0.395
4.730 9.705 1.486
13.083 62.853 0.165
56.896 67.820 1.066
7.718 14.429 0.609
41.127 56.899 0.267
82.064 88.434 1.018
98.795 100.916 1.833
28.443 64.302 1.414
29.475 68.410 0.689
81.112 83.550 1.034
82.922 85.997 1.109
50.957 89.114 1.893
47.392 98.562 0.903
54.884 97.521 0.731
65.972 84.881 0.245
11.243 61.639 0.560
79.128 99.718 0.738
74.435 85.303 0.928
44.209 67.221 1.172
63.204 82.986 1.115
83.666 84.222 0.371
10.926 31.409 0.081
25.596 80.607 0.821
44.273 76.345 0.266
85.678 90.720 1.613
92.383 94.440 0.627
60.686 101.121 0.021
53.725 55.100 0.774
23.707 71.406 1.771
15.259 62.234 0.033
91.671 95.227 1.305
40.556 48.362 1.932
39.958 61.769 1.012
32.841 51.372 1.251
28.996 95.610 1.067
47.807 85.253 0.656
46.034 70.232 1.166
92.230 99.470 0.242
14.869 25.141 0.495
10.202 87.133 1.379
49.074 84.625 0.907
41.850 49.070 1.280
83.059 100.656 0.737
52.004 73.297 1.925
72.570 84.744 1.261
81.341 84.322 1.705
74.358 81.660 0.725
81.896 88.815 1.567
56.322 62.427 0.349
75.710 83.932 0.828
17.096 38.646 1.088
31.861 78.827 0.450
69.842 91.652 1.340
5.603 98.380 0.659
32.069 44.143 0.615
36.854 100.450 0.553
23.621 73.416 0.522
75.604 83.878 1.166
71.215 94.107 0.676
2.158 66.276 1.401
12.638 47.948 1.440
52.394 83.055 1.728
49.516 85.465 0.062
55.348 82.932 0.699
76.428 76.490 0.045
54.695 69.402 1.496
79.403 96.944 1.670
29.646 60.038 1.077
10.178 19.858 0.779
66.820 91.918 0.324
67.077 99.150 1.477
75.658 83.739 1.139
11.145 78.659 0.534
97.748 99.643 0.976
80.120 88.893 1.226
48.262 69.967 1.997
94.800 100.131 0.441
57.570 99.836 0.291
45.793 49.798 1.285
65.575 70.653 1.485
65.075 74.268 0.399
73.214 96.165 1.989
89.331 101.639 1.095
86.886 98.832 1.232
73.107 95.787 0.304
15.278 69.494 0.809
71.679 99.620 1.660
6.372 65.012 0.790
48.808 90.307 0.903
57.878 84.467 0.671
36.033 42.865 1.499
9.565 15.625 1.994
39.668 66.075 0.216
43.391 70.690 0.539
22.498 74.347 0.523
89.309 96.429 1.758
41.169 100.816 0.464
73.937 95.140 0.683
60.338 98.619 1.243
68.249 72.449 0.471
53.166 82.088 1.431
1.511 48.592 1.022
97.085 101.769 1.779
24.583 45.646 0.207
46.629 50.550 1.214
38.618 102.883 0.233
73.992 74.201 0.082
68.026 93.301 1.913
75.088 94.111 0.282
61.275 102.031 1.326
7.111 89.954 1.815
62.850 86.698 1.778
15.220 66.363 1.797
26.295 74.390 0.351
83.432 100.423 1.341
44.853 83.905 1.966
70.876 97.110 0.116
74.691 98.660 1.948
31.413 46.312 0.235
29.179 91.671 1.896
24.976 92.616 0.432
43.089 98.760 0.411
75.332 86.188 0.780
55.797 100.293 1.261
73.626 85.944 1.472
55.019 85.879 1.960
32.768 77.148 0.860
69.567 92.238 0.980
26.835 31.996 0.209
13.977 30.770 0.908
64.650 76.112 1.714
81.759 101.337 1.250
10.227 56.604 0.508
70.113 74.971 1.408
37.199 100.473 0.964
9.885 19.385 0.909
52.074 92.469 0.652
82.415 94.667 1.476
5.173 102.111 0.375
42.720 86.566 1.287
90.075 102.049 1.686
48.299 88.355 0.960
75.771 96.242 0.768
27.400 30.463 0.726
82.226 92.113 1.516
22.428 43.959 0.165
62.569 76.790 1.535
25.471 84.004 0.970
56.194 88.997 0.696
96.713 99.012 0.803
88.888 97.915 1.185
34.736 91.652 1.603
81.500 84.025 0.847
63.240 91.234 1.965
49.928 80.194 0.369
23.838 47.935 1.724
98.956 101.564 1.640
32.173 79.020 0.797
93.088 97.146 1.808
76.366 101.779 1.051
91.702 93.467 1.285
26.356 87.214 0.577
25.806 53.344 0.574
91.440 95.492 1.637
32.215 100.270 0.460
24.549 89.061 1.867
10.340 32.299 1.155
37.596 89.157 0.383
89.673 90.979 0.618
75.204 91.363 1.439
54.793 60.724 0.737
6.888 11.011 1.546
32.014 42.832 0.617
52.593 90.100 0.654
59.850 99.887 1.159
66.045 88.121 1.420
7.178 9.160 0.589
77.218 92.999 1.995
30.525 41.127 0.950
51.561 79.999 0.374
37.724 82.267 1.022
72.326 91.759 1.415
12.336 79.094 1.914
5.637 54.432 0.456
13.367 55.359 1.948
78.463 97.748 1.224
61.260 74.507 1.679
99.805 102.020 1.715
15.729 99.772 0.215
97.885 99.503 1.169
6.848 45.538 0.662
43.086 91.577 1.469
59.670 84.860 1.756
90.735 93.864 0.412
17.911 45.770 0.879
21.677 85.770 1.669
85.614 93.762 0.796
94.876 101.301 0.095
30.061 46.986 1.039
66.869 73.580 0.579
87.222 100.668 0.945
91.177 94.045 1.171
44.603 92.611 1.364
98.206 101.610 1.931
8.798 63.183 0.101
86.251 96.827 1.185
58.052 93.619 0.566
38.716 47.953 1.763
96.796 99.456 0.115
34.385 35.237 0.717
31.706 87.540 0.423
49.077 97.028 0.122
39.760 68.547 1.137
70.656 90.052 1.137
60.622 76.768 0.391
77.602 92.723 1.812
81.210 101.955 1.598
77.017 93.532 0.394
51.393 94.270 1.687
72.918 92.057 1.381
39.653 101.940 1.757
53.288 83.320 0.506
68.078 101.341 1.282
56.224 80.354 0.543
20.264 35.773 1.752
14.902 76.269 1.444
55.681 102.837 1.244
99.994 102.120 1.196
52.519 94.567 0.091
89.267 93.615 1.102
0.534 84.641 1.867
9.983 89.503 0.262
38.160 43.816 1.525
32.655 37.968 0.032
36.982 52.183 0.013
57.460 74.576 1.493
43.941 92.822 0.229
39.476 98.868 0.640
59.716 97.634 1.129
58.477 73.116 0.473
23.408 76.006 1.254
65.783 85.138 1.521
51.149 73.124 0.351
47.099 96.907 1.969
2.216 11.681 0.147
38.939 98.705 0.634
83.233 93.582 1.147
39.470 73.509 1.839
11.261 50.603 1.722
75.283 83.161 1.991
3.018 15.675 0.931
35.545 99.258 0.681
2.042 81.324 1.885
77.667 97.072 1.553
61.412 63.693 0.088
55.403 63.051 1.395
28.642 54.166 1.463
34.770 97.050 1.020
94.464 102.073 1.850
57.021 89.407 1.879
30.665 62.556 1.982
94.031 99.050 1.209
16.562 22.172 1.449
32.347 48.645 1.006
1.544 56.151 0.315
30.085 70.663 1.697
34.935 42.868 0.002
28.578 29.733 1.097
76.568 100.834 0.153
80.605 89.454 0.417
44.789 95.865 1.550
91.513 99.296 1.077
24.986 75.624 1.226
71.383 90.233 1.907
14.512 90.571 0.695
77.828 101.623 1.482
80.642 83.476 0.218
2.539 47.829 1.885
20.283 37.659 1.275
33.213 79.037 1.521
95.401 100.332 0.308
17.765 25.101 0.846
39.451 88.549 1.512
83.166 92.059 1.384
49.849 55.463 1.282
28.413 45.970 0.365
62.123 102.144 0.065
33.372 71.022 1.962
5.570 46.597 1.142
14.380 28.572 0.796
30.229 34.456 0.437
26.527 92.156 1.193
33.406 97.704 1.166
73.595 96.811 0.051
63.567 67.796 0.161
52.489 75.166 1.199
2.060 100.887 1.334
42.033 63.042 0.151
82.086 101.005 0.216
58.605 68.059 1.421
61.446 73.020 0.086
56.099 86.231 1.231
83.859 96.595 1.095
57.134 73.353 1.918
5.118 26.251 1.317
79.290 86.331 1.691
88.083 96.908 0.977
76.586 95.957 0.042
46.196 70.786 0.580
64.956 100.102 0.180
2.506 78.191 0.431
53.920 54.748 0.652
91.119 95.368 1.406
77.102 82.646 0.099
24.635 27.712 1.094
14.389 48.954 1.075
45.647 48.530 1.694
41.053 86.962 0.311
36.100 47.411 0.760
36.006 57.792 0.990
37.458 83.568 1.107
45.894 58.440 0.743
99.579 101.020 0.310
45.405 93.086 0.423
89.724 96.271 1.405
70.513 86.441 0.574
17.600 46.061 0.940
42.067 69.594 0.043
30.012 32.047 0.665
55.193 92.337 1.693
62.691 90.219 1.099
97.714 102.690 0.953
68.963 94.496 1.305
90.545 96.128 1.105
38.127 52.012 1.591
27.778 56.795 0.149
33.018 38.722 0.874
45.729 51.116 0.997
78.762 94.747 0.283
81.832 87.164 0.842
85.678 92.424 1.527
7.794 29.508 0.121
51.265 81.617 0.833
49.809 73.503 1.837
21.534 95.807 1.130
54.042 64.769 1.206
63.131 95.411 0.904
30.952 69.447 1.150
67.632 73.994 1.930
29.231 29.557 0.072
39.866 51.529 0.280
62.304 99.270 0.040
76.333 87.167 1.734
49.596 72.063 1.144
79.727 85.668 0.336
53.664 88.643 0.668
44.218 72.724 1.523
5.463 96.065 1.038
45.335 58.825 1.285
25.855 102.790 1.550
41.331 53.488 0.450
84.387 96.935 0.932
1.624 19.091 0.657
99.194 102.136 1.998
85.122 94.985 0.150
86.648 94.204 1.378
59.426 89.787 1.429
29.008 75.691 1.736
43.525 95.615 1.307
55.049 63.277 0.266
34.092 97.178 1.261
35.139 79.417 0.886
1.492 57.091 0.413
90.811 94.845 1.626
78.552 85.843 1.261
22.227 65.727 0.498
75.396 78.047 1.654
77.474 82.741 1.934
0.128 69.904 1.728
37.709 88.607 0.817
9.626 44.533 1.860
84.719 99.377 1.643
20.563 85.689 1.298
64.388 84.364 1.484
39.836 72.312 1.465
73.904 91.757 0.593
88.525 100.313 0.944
94.446 102.026 0.842
57.121 101.112 1.406
77.255 91.188 1.015
4.071 47.570 1.259
81.765 94.405 0.547
57.576 100.142 0.897
72.558 84.401 0.793
64.394 94.512 0.461
19.468 65.345 0.668
11.563 43.348 0.022
25.245 61.557 0.698
90.216 96.744 1.560
39.509 79.413 1.458
37.101 47.478 0.087
19.727 30.988 0.249
42.228 89.212 0.121
81.213 93.370 0.994
11.695 31.027 1.656
51.854 94.832 1.920
86.972 95.930 1.060
25.636 82.805 0.865
7.071 12.897 1.215
4.398 70.320 0.362
21.448 91.194 1.920
42.644 64.544 1.098
81.085 82.736 0.416
77.416 99.636 0.329
15.961 92.277 1.047
47.508 51.147 0.507
11.252 21.706 0.804
95.355 98.430 2.000
84.448 99.259 0.125
14.014 102.707 1.667
4.288 25.893 0.003
62.807 90.877 1.388
41.734 90.271 1.484
40.825 72.628 0.671
65.932 88.250 0.274
90.774 100.799 0.512
57.125 83.416 1.643
18.088 91.082 0.892
65.551 73.871 1.387
65.297 79.150 1.029
63.570 100.730 1.501
91.095 100.149 0.907
79.836 88.832 0.750
80.364 83.294 0.009
31.956 55.281 0.636
67.876 92.748 1.796
49.947 93.289 0.734
6.928 101.540 1.546
