25.076 54.261 1.209
29.573 34.077 0.027
42.074 45.957 0.483
2.912 17.071 0.771
2.324 22.200 1.761
53.363 54.872 1.133
16.405 64.738 1.683
7.268 54.401 1.411
3.681 65.996 0.175
64.779 69.130 0.681
52.115 56.315 1.538
48.938 59.823 1.063
16.375 23.383 1.635
37.620 67.304 1.515
59.186 67.030 0.547
44.369 62.339 0.715
67.945 72.638 1.446
68.671 70.080 1.333
41.198 52.936 1.642
51.258 61.056 1.015
0.743 41.009 1.116
34.728 48.646 1.826
19.188 40.309 1.459
22.720 72.556 1.090
63.078 65.929 0.436
20.867 28.737 1.723
62.318 71.807 0.464
38.477 71.200 0.481
31.002 33.158 1.501
30.252 44.609 1.418
46.840 51.288 0.360
30.855 69.762 0.378
69.897 71.751 1.617
40.788 54.896 1.858
60.017 63.690 0.219
18.430 37.879 1.343
69.827 72.194 1.013
38.960 59.044 1.395
20.461 72.861 1.767
5.134 19.564 1.712
33.777 59.199 0.319
46.133 68.197 1.283
61.534 71.633 1.282
67.595 69.522 1.852
2.831 63.091 1.728
47.665 62.592 1.503
39.299 61.168 0.509
68.562 72.308 0.479
67.340 70.549 0.788
50.107 69.155 1.609
61.675 63.067 0.060
9.244 16.151 0.208
68.139 71.959 0.761
36.832 43.298 0.283
50.256 62.772 1.722
38.302 65.321 0.531
26.905 63.674 0.488
47.398 67.060 0.283
21.451 41.852 1.106
10.382 20.953 1.404
69.688 72.630 1.690
10.931 49.757 0.471
8.423 30.128 1.092
61.976 70.498 1.643
42.679 45.915 0.656
48.904 57.828 1.614
50.466 59.683 1.486
67.394 68.805 1.303
34.311 46.563 0.238
37.537 56.111 1.641
11.320 34.261 1.346
2.707 7.253 0.229
42.707 48.907 1.109
55.215 57.886 1.043
3.036 18.804 1.398
60.455 72.075 1.980
2.566 56.228 0.203
15.176 67.718 0.108
56.913 63.095 0.995
22.901 65.778 1.297
20.562 49.302 1.295
38.825 50.190 0.670
28.090 36.754 1.038
26.710 46.455 0.307
3.283 22.296 1.637
9.936 56.704 0.074
55.366 72.577 1.323
56.791 60.046 1.663
66.800 70.105 1.602
5.121 53.123 0.026
42.784 72.327 1.718
22.179 65.371 1.787
1.908 5.343 1.274
40.812 43.730 0.030
24.557 28.040 1.636
61.722 62.797 0.415
24.138 37.476 0.909
62.111 66.743 0.095
19.897 59.231 1.231
62.418 68.652 1.640
32.553 49.635 1.215
13.807 59.331 0.397
49.323 54.431 0.747
68.191 71.273 0.617
26.422 48.320 0.392
8.881 19.129 0.589
38.962 58.048 1.472
1.935 24.820 1.142
23.833 43.519 1.852
14.790 70.854 0.434
4.480 27.116 0.722
28.639 63.644 0.275
31.299 66.972 1.580
52.858 60.081 0.472
31.143 58.971 0.302
52.369 59.046 1.208
18.423 65.794 1.050
51.094 51.838 0.380
21.581 52.485 0.872
24.990 56.551 0.548
26.680 46.136 0.657
65.744 70.365 1.734
57.870 64.446 1.666
49.374 59.166 1.228
16.390 48.664 1.577
11.863 32.346 0.853
19.408 24.159 1.993
64.937 72.212 1.206
0.929 34.630 1.019
38.274 65.209 0.410
3.228 29.687 1.961
58.312 64.236 1.156
2.256 30.586 0.783
57.163 63.923 1.501
48.250 70.820 0.861
26.977 65.064 1.342
26.808 45.526 0.078
53.681 60.413 0.858
10.081 66.014 0.652
8.646 54.516 0.841
15.821 54.306 0.530
35.824 67.673 0.898
47.898 58.786 0.973
34.215 54.404 1.334
39.169 45.292 0.317
59.921 64.042 1.282
49.964 59.886 1.140
37.122 68.394 0.618
56.729 69.584 1.372
32.044 34.085 1.694
69.404 71.697 1.539
66.887 72.082 0.057
6.402 24.024 0.592
0.649 24.143 0.503
26.702 68.724 1.879
69.669 71.677 1.140
32.794 54.291 0.984
10.752 71.312 1.013
50.594 57.252 0.724
3.653 70.802 1.341
5.642 32.258 1.693
24.960 72.907 1.984
63.809 72.202 1.745
42.068 53.772 0.466
32.070 40.033 0.843
31.692 45.142 0.102
55.324 57.864 1.140
21.649 52.940 1.682
61.692 70.565 0.140
5.841 37.886 1.103
65.610 72.624 1.647
59.372 71.407 0.397
8.663 10.708 1.154
52.282 67.880 1.226
66.486 70.991 1.590
25.255 56.766 1.205
29.731 36.450 0.245
47.419 70.424 1.679
22.126 66.104 0.403
4.055 49.202 0.060
2.316 42.724 0.036
19.218 60.411 1.822
32.767 51.075 1.059
63.651 72.377 1.876
11.762 21.555 0.413
20.921 59.756 1.740
7.710 47.605 0.850
62.946 71.136 0.747
51.718 62.903 0.946
38.827 63.439 1.894
29.154 62.850 0.953
57.097 70.778 0.959
46.804 63.553 1.699
19.419 32.780 0.551
13.429 51.079 0.215
2.871 50.690 1.998
11.570 15.562 0.360
66.163 71.117 0.662
41.198 56.246 1.599
21.972 49.455 1.729
54.834 60.657 0.611
51.288 52.319 0.888
33.189 34.775 0.731
65.093 72.145 0.939
43.427 50.408 1.705
22.858 63.292 0.459
3.014 4.520 0.979
24.576 57.224 1.433
34.482 47.339 0.163
22.444 58.487 0.555
53.636 57.512 0.505
48.447 58.475 0.867
30.239 43.087 1.538
63.730 68.092 1.883
19.049 27.099 1.727
3.647 63.500 0.503
24.486 37.571 1.184
7.319 69.336 1.166
17.761 26.036 0.632
11.278 60.148 1.085
14.696 43.851 1.972
12.126 25.943 0.193
69.579 72.212 0.369
21.671 65.956 1.011
38.881 62.261 1.870
38.584 44.954 0.162
42.316 58.923 0.567
2.091 49.132 1.991
51.286 67.894 1.360
64.040 69.543 0.957
39.968 68.944 0.816
34.905 72.832 0.387
45.932 61.618 1.589
45.627 69.421 0.088
48.915 53.927 1.740
8.977 12.753 1.410
32.113 48.487 1.225
30.936 43.208 0.951
3.689 69.929 0.108
22.179 60.759 0.375
60.859 63.705 0.935
11.777 51.141 1.114
68.940 70.713 1.421
57.761 59.408 0.184
46.484 55.247 1.434
61.382 71.256 0.309
59.066 71.247 0.403
52.427 62.743 1.246
2.247 45.211 0.034
0.295 47.110 0.812
32.162 66.234 0.842
38.928 67.625 1.003
14.202 64.394 1.636
41.376 51.338 1.919
69.789 72.174 1.219
10.974 18.244 1.259
12.273 69.812 1.100
49.079 50.842 1.175
19.133 31.811 1.558
33.286 72.369 0.497
62.666 67.007 0.934
53.465 54.737 0.074
9.167 36.536 1.931
34.589 43.035 1.372
50.630 53.165 1.234
4.151 40.433 0.893
67.304 72.783 0.071
16.377 71.767 0.566
37.667 45.669 1.818
4.582 32.263 0.366
68.150 72.521 0.508
45.255 71.042 1.199
22.228 25.256 1.486
61.888 64.261 0.875
20.921 30.288 0.691
61.645 63.633 0.970
37.975 53.721 0.347
32.664 50.202 0.842
37.065 48.423 0.508
62.724 66.014 0.229
18.648 28.809 0.155
59.991 61.725 1.026
54.655 66.982 0.659
62.341 70.203 1.164
13.647 37.723 0.575
11.985 49.347 0.394
61.143 70.982 0.317
35.791 52.858 0.280
43.324 66.197 0.344
37.214 55.781 0.265
50.983 71.789 1.507
22.196 54.029 1.381
38.109 53.534 1.232
47.274 55.936 0.412
39.763 48.617 0.647
32.354 36.155 1.212
60.496 64.823 1.768
31.846 71.450 1.804
1.318 57.100 0.684
4.837 45.860 0.975
63.965 69.612 0.653
66.556 70.456 1.684
49.472 59.512 0.272
18.180 70.251 1.889
17.902 28.558 0.804
28.925 41.000 1.666
30.899 47.940 1.416
21.940 72.151 1.997
2.576 69.939 1.960
52.758 57.874 0.539
40.733 47.297 0.025
64.463 70.682 0.388
53.234 70.234 0.798
56.229 72.418 0.463
47.419 54.781 0.825
0.152 31.571 0.040
57.379 62.947 0.488
4.057 7.076 0.251
68.438 70.003 1.037
4.091 45.661 1.462
44.309 54.840 0.623
8.990 67.958 0.418
63.407 69.693 0.298
36.759 65.260 0.321
50.949 70.022 1.469
42.991 60.040 1.685
6.161 56.539 1.229
6.719 31.217 1.250
43.044 56.113 1.475
43.382 65.089 1.635
2.361 41.679 0.104
34.085 37.810 1.016
55.828 58.102 1.959
44.298 67.011 1.194
4.174 25.747 0.057
42.521 54.903 1.238
53.130 69.336 1.938
68.737 71.606 1.630
38.637 57.089 0.258
42.673 62.350 1.847
19.094 44.306 1.017
41.525 57.298 1.769
11.198 42.274 1.503
54.755 70.160 1.469
61.485 66.774 1.281
18.526 53.973 0.095
1.072 68.611 1.644
53.189 61.085 1.919
60.684 64.048 0.136
12.378 37.015 1.439
