17.842 30.015 0.495
12.243 104.016 1.379
58.889 101.096 0.907
50.220 58.594 1.280
99.671 120.243 0.737
62.404 87.486 1.925
87.084 101.310 1.261
97.609 100.829 1.705
89.230 97.740 0.725
98.276 106.187 1.567
67.586 74.777 0.349
90.852 100.432 0.828
20.516 46.066 1.088
38.234 94.167 0.450
83.810 109.500 1.340
6.724 117.478 0.659
38.483 52.771 0.615
44.225 119.959 0.553
28.346 87.685 0.522
90.724 100.321 1.166
85.458 112.461 0.676
2.589 79.049 1.401
15.165 57.131 1.440
62.873 99.170 1.728
59.420 102.151 0.062
66.418 99.115 0.699
91.713 91.778 0.045
65.634 82.899 1.496
95.284 115.806 1.670
35.575 71.674 1.077
12.214 23.631 0.779
80.184 109.867 0.324
80.492 118.414 1.477
90.790 100.161 1.139
13.374 93.922 0.534
117.297 119.289 0.976
96.144 106.303 1.226
57.914 83.486 1.997
113.760 119.747 0.441
69.084 119.241 0.291
54.952 59.484 1.285
78.690 84.457 1.485
78.090 88.920 0.399
87.857 114.848 1.989
107.197 121.408 1.095
104.263 118.097 1.232
87.729 114.476 0.304
18.333 82.962 0.809
86.015 118.974 1.660
7.647 77.590 0.790
58.570 107.868 0.903
69.454 100.954 0.671
43.240 51.114 1.499
11.477 18.342 1.994
47.602 79.015 0.216
52.069 84.497 0.539
26.998 88.794 0.523
107.171 115.252 1.758
49.403 120.398 0.464
88.725 113.697 0.683
72.406 117.780 1.243
81.898 86.790 0.471
63.800 98.041 1.431
1.813 57.924 1.022
116.503 121.596 1.779
29.499 54.585 0.207
55.955 60.399 1.214
46.342 122.860 0.233
88.791 89.022 0.082
81.631 111.425 1.913
90.105 112.508 0.282
73.530 121.845 1.326
8.533 107.378 1.815
75.420 103.541 1.778
18.263 79.138 1.797
31.554 88.866 0.351
100.118 119.955 1.341
53.824 100.156 1.966
85.051 116.038 0.116
89.629 117.826 1.948
37.695 55.413 0.235
35.014 109.440 1.896
29.972 110.608 0.432
51.707 117.949 0.411
90.398 103.103 0.780
66.956 119.772 1.261
88.351 102.719 1.472
66.023 102.533 1.960
39.321 92.137 0.860
83.480 110.220 0.980
32.202 38.317 0.209
16.773 36.667 0.908
77.580 90.924 1.714
98.111 121.033 1.250
12.272 67.576 0.508
84.136 89.649 1.408
44.639 119.984 0.964
11.862 23.041 0.909
62.488 110.461 0.652
98.898 113.134 1.476
6.207 121.938 0.375
51.264 103.375 1.287
108.090 121.881 1.686
57.958 105.538 0.960
90.926 115.005 0.768
32.879 36.396 0.726
98.671 110.103 1.516
26.914 52.567 0.165
75.083 91.745 1.535
30.565 100.306 0.970
67.432 106.336 0.696
116.056 118.534 0.803
106.666 117.040 1.185
41.683 109.430 1.603
97.800 100.626 0.847
75.889 108.945 1.965
59.914 95.861 0.369
28.606 57.104 1.724
118.748 121.439 1.640
38.607 94.375 0.797
111.705 116.147 1.808
91.640 121.553 1.051
110.042 111.887 1.285
31.627 104.158 0.577
30.968 63.727 0.574
109.727 114.196 1.637
38.658 119.744 0.460
29.459 106.314 1.867
12.408 38.444 1.155
45.115 106.500 0.383
107.607 109.026 0.618
90.244 109.173 1.439
65.752 72.672 0.737
8.266 12.897 1.546
38.417 51.205 0.617
63.111 107.641 0.654
71.820 119.292 1.159
79.254 105.277 1.420
8.614 10.867 0.589
92.662 111.083 1.995
36.630 49.107 0.950
61.873 95.636 0.374
45.269 98.248 1.022
86.791 109.632 1.415
14.803 94.372 1.914
6.764 64.974 0.456
16.041 65.945 1.948
94.156 116.778 1.224
73.512 88.996 1.679
119.766 121.994 1.715
18.875 119.147 0.215
117.462 119.128 1.169
8.218 54.327 0.662
51.703 109.353 1.469
71.604 101.341 1.756
108.881 112.435 0.412
21.494 54.612 0.879
26.013 102.381 1.669
102.736 112.160 0.796
113.851 121.084 0.095
36.073 56.089 1.039
80.243 88.096 0.579
104.666 120.266 0.945
109.413 112.561 1.171
53.523 110.592 1.364
117.847 121.435 1.931
10.558 75.464 0.101
103.502 115.736 1.185
69.663 111.846 0.566
46.459 57.161 1.763
116.155 119.084 0.115
41.262 42.140 0.717
38.047 104.560 0.423
58.892 115.898 0.122
47.711 81.863 1.137
84.788 107.618 1.137
72.746 91.847 0.391
93.123 110.772 1.812
97.452 121.760 1.598
92.420 111.831 0.394
61.672 112.570 1.687
87.501 109.992 1.381
47.583 121.732 1.757
63.946 99.584 0.506
81.693 121.026 1.282
67.469 96.066 0.543
24.317 42.534 1.752
17.883 91.019 1.444
66.817 122.806 1.244
119.993 122.120 1.196
63.023 112.977 0.091
107.120 112.020 1.102
0.641 101.010 1.867
11.979 106.883 0.262
45.792 52.255 1.525
39.186 45.511 0.032
44.379 62.480 0.013
68.952 89.086 1.493
52.729 110.882 0.229
47.371 118.073 0.640
71.659 116.608 1.129
70.172 87.482 0.473
28.089 90.727 1.254
78.939 101.714 1.521
61.379 87.456 0.351
56.519 115.711 1.969
2.659 13.935 0.147
46.726 117.878 0.634
99.880 111.886 1.147
47.364 87.722 1.839
13.514 60.272 1.722
90.340 99.349 1.991
3.622 18.575 0.931
42.654 118.536 0.681
2.450 97.038 1.885
93.200 115.959 1.553
73.695 76.383 0.088
66.484 75.338 1.395
34.370 64.606 1.463
41.724 115.895 1.020
113.357 121.919 1.850
68.425 106.757 1.879
36.798 74.584 1.982
112.837 118.443 1.209
19.875 26.301 1.449
38.816 58.086 1.006
1.853 67.029 0.315
36.102 84.314 1.697
41.921 51.371 0.002
34.293 35.460 1.097
91.881 120.447 0.153
96.727 107.063 0.417
53.747 114.475 1.550
109.815 118.692 1.077
29.983 90.275 1.226
85.659 107.773 1.907
17.414 108.150 0.695
93.394 121.365 1.482
96.771 100.062 0.218
3.047 56.920 1.885
24.339 44.867 1.275
39.856 94.348 1.521
114.481 119.996 0.308
21.318 29.918 0.846
47.342 105.728 1.512
99.799 110.063 1.384
59.819 66.271 1.282
34.095 54.969 0.365
74.548 121.986 0.065
40.046 84.725 1.962
6.684 55.534 1.142
17.256 34.060 0.796
36.274 41.233 0.437
31.832 110.039 1.193
40.087 116.673 1.166
88.314 115.697 0.051
76.280 81.264 0.161
62.987 89.803 1.199
2.472 120.472 1.334
50.440 75.425 0.151
98.503 120.659 0.216
70.326 81.327 1.421
73.735 87.446 0.086
67.319 103.008 1.231
100.631 115.450 1.095
68.560 87.570 1.918
6.142 31.168 1.317
95.148 103.195 1.691
105.699 115.866 0.977
91.903 114.706 0.042
55.435 84.621 0.580
77.947 119.565 0.180
3.007 93.357 0.431
64.704 65.565 0.652
109.343 114.073 1.406
92.522 99.032 0.099
29.561 33.026 1.094
17.267 58.382 1.075
54.776 57.891 1.694
49.264 103.895 0.311
43.320 56.670 0.760
43.207 69.026 0.990
44.950 99.795 1.107
55.072 69.885 0.743
119.495 120.966 0.310
54.487 111.193 0.423
107.669 115.106 1.405
84.616 103.381 0.574
21.120 54.951 0.940
50.480 83.237 0.043
36.014 38.315 0.665
66.231 110.264 1.693
75.229 107.786 1.099
117.257 122.658 0.953
82.755 112.883 1.305
108.654 114.983 1.105
45.752 62.042 1.591
33.334 67.905 0.149
39.622 46.262 0.874
54.875 61.108 0.997
94.515 113.284 0.283
98.199 104.334 0.842
102.813 110.506 1.527
9.353 35.255 0.121
61.518 97.522 0.833
59.771 87.737 1.837
25.841 114.401 1.130
64.851 77.410 1.206
75.757 113.974 0.904
37.142 82.912 1.150
81.158 88.378 1.930
35.077 35.452 0.072
47.840 61.680 0.280
74.764 118.579 0.040
91.599 104.161 1.734
59.515 86.096 1.144
95.672 102.604 0.336
64.396 105.910 0.668
53.062 86.825 1.523
6.555 114.706 1.038
54.402 70.259 1.285
31.026 122.749 1.550
49.597 63.998 0.450
101.264 115.864 0.932
1.948 22.700 0.657
119.033 122.059 1.998
102.147 113.640 0.150
103.978 112.635 1.378
71.311 107.242 1.429
34.809 90.325 1.736
52.231 114.181 1.307
66.059 75.788 0.266
40.911 116.044 1.261
42.167 94.849 0.886
1.791 68.145 0.413
108.973 113.426 1.626
94.262 102.669 1.261
26.672 78.505 0.498
90.475 93.315 1.654
92.969 98.872 1.934
0.154 83.368 1.728
45.250 105.825 0.817
11.551 52.986 1.860
101.663 118.711 1.643
24.676 102.299 1.298
77.266 100.789 1.484
47.803 86.327 1.465
88.684 109.698 0.593
106.230 119.857 0.944
113.335 121.886 0.842
68.546 120.748 1.406
92.705 109.016 1.015
4.885 56.682 1.259
98.118 112.890 0.547
69.091 119.598 0.897
87.069 100.958 0.793
77.273 112.928 0.461
23.361 78.026 0.668
13.876 51.806 0.022
30.294 73.515 0.698
108.259 115.654 1.560
47.411 94.813 1.458
44.522 56.865 0.087
23.673 37.062 0.249
50.674 106.585 0.121
97.455 111.630 0.994
14.034 36.849 1.656
62.225 113.234 1.920
104.366 114.700 1.060
30.763 98.879 0.865
8.485 15.216 1.215
5.277 83.960 0.362
25.738 108.865 1.920
51.172 77.100 1.098
97.302 99.170 0.416
92.900 119.034 0.329
19.153 110.181 1.047
57.010 61.246 0.507
13.503 25.840 0.804
114.426 117.677 2.000
101.337 118.628 0.125
16.817 122.649 1.667
5.145 30.940 0.003
75.369 108.553 1.388
50.081 107.790 1.484
48.990 86.784 0.671
79.119 105.518 0.274
108.929 120.452 0.512
68.549 99.619 1.643
21.706 108.758 0.892
78.661 88.306 1.387
78.357 94.637 1.029
76.284 120.294 1.501
109.314 119.687 0.907
95.804 106.283 0.750
96.437 99.873 0.009
38.347 66.057 0.636
81.451 110.772 1.796
59.936 111.431 0.734
8.313 121.253 1.546
83.718 94.584 0.135
81.162 91.512 1.984
43.870 63.004 0.116
23.944 117.056 0.883
64.235 78.349 1.391
68.238 109.486 0.825
8.485 120.539 1.595
66.414 71.581 0.748
65.345 94.976 1.324
84.052 97.971 1.107
47.378 53.467 0.316
22.329 31.144 0.583
79.899 108.408 1.434
74.112 76.676 1.680
92.640 122.665 1.325
20.611 110.603 0.355
116.254 118.801 1.150
104.626 120.048 0.374
23.043 66.920 0.913
45.877 77.909 1.636
31.880 52.082 0.898
69.264 101.675 0.409
95.961 111.429 1.770
52.666 117.009 1.645
3.838 100.909 1.329
82.440 88.105 0.485
4.127 106.700 0.893
6.819 104.744 0.923
87.223 98.395 0.143
55.300 70.236 1.733
78.650 93.579 0.193
60.170 101.127 0.356
12.953 73.576 0.954
10.719 114.375 1.711
59.368 111.697 0.717
44.873 95.779 0.201
76.119 92.164 1.619
113.529 120.819 0.644
33.949 59.752 0.455
53.582 73.115 0.833
66.066 116.225 0.487
52.179 114.362 0.094
46.862 64.226 0.629
91.746 115.128 1.876
89.593 105.242 1.987
108.241 111.722 1.231
99.546 109.326 0.446
88.256 109.045 1.424
118.403 122.753 0.005
69.765 93.141 0.917
42.987 91.389 1.209
50.696 58.179 0.027
72.127 78.238 0.483
4.992 28.407 0.771
3.984 36.567 1.761
91.479 93.230 1.133
28.122 108.978 1.683
12.459 91.444 1.411
6.310 111.198 0.175
111.050 117.215 0.681
89.340 95.297 1.538
83.894 101.203 1.063
28.071 38.822 1.635
64.492 113.415 1.515
101.462 113.555 0.547
76.061 105.347 0.715
116.477 122.490 1.446
117.722 119.155 1.333
70.626 89.249 1.642
87.871 103.342 1.015
1.274 68.763 1.116
59.533 81.811 1.826
32.894 67.645 1.459
38.948 122.251 1.090
108.134 112.244 0.436
35.773 47.921 1.723
106.831 121.167 0.464
65.960 120.009 0.481
53.146 55.753 1.501
51.861 75.106 1.418
80.298 87.366 0.360
52.893 117.595 0.378
119.824 121.689 1.617
69.923 92.451 1.858
102.886 108.489 0.219
31.594 63.573 1.343
119.703 122.148 1.013
66.788 99.565 1.395
35.077 122.763 1.767
8.800 32.140 1.712
57.903 100.020 0.319
79.086 114.996 1.283
105.487 120.821 1.282
115.876 117.840 1.852
4.852 106.145 1.728
81.711 105.625 1.503
67.370 103.350 0.509
117.535 122.129 0.479
115.441 119.593 0.788
85.897 116.587 1.609
105.728 107.823 0.060
15.846 27.328 0.208
116.810 121.622 0.761
63.140 73.689 0.283
86.154 105.910 1.722
65.660 110.233 0.531
46.122 107.380 0.488
81.254 113.272 0.283
36.772 70.439 1.106
17.798 34.746 1.404
119.465 122.579 1.690
18.740 83.837 0.471
14.440 50.426 1.092
106.245 118.970 1.643
73.164 78.097 0.656
83.836 97.659 1.614
86.513 100.856 1.486
115.532 116.990 1.303
58.819 79.036 0.238
64.349 94.532 1.641
19.406 57.349 1.346
4.640 12.148 0.229
73.211 82.814 1.109
94.654 98.353 1.043
5.204 30.996 1.398
103.637 121.477 1.980
4.398 94.726 0.203
26.016 114.133 0.108
97.565 106.960 0.995
39.259 110.800 1.297
35.249 82.940 1.295
66.557 85.030 0.670
48.155 62.021 1.038
45.789 78.604 0.307
5.629 36.804 1.637
17.033 95.605 0.074
94.914 122.307 1.323
97.356 101.644 1.663
114.514 118.666 1.602
8.778 89.547 0.026
73.343 121.868 1.718
38.021 110.057 1.787
3.270 8.210 1.274
69.963 74.754 0.030
42.097 46.862 1.636
105.809 107.243 0.415
41.379 63.208 0.909
106.475 113.477 0.095
34.110 99.731 1.231
107.003 116.018 1.640
55.805 83.705 1.215
23.669 99.999 0.397
84.553 92.470 0.747
116.898 120.741 0.617
45.294 81.688 0.392
15.224 32.110 0.589
66.792 97.870 1.472
3.318 41.320 1.142
40.856 72.973 1.852
25.354 119.389 0.434
7.680 45.443 0.722
49.096 107.374 0.275
53.655 112.819 1.580
90.614 102.039 0.472
53.388 99.601 0.302
89.776 99.999 1.208
31.583 110.835 1.050
87.589 88.563 0.380
36.996 88.448 0.872
42.841 95.409 0.548
45.737 77.932 0.657
112.705 118.915 1.734
99.206 108.942 1.666
84.641 100.067 1.228
28.097 81.730 1.577
20.336 54.342 0.853
33.271 39.953 1.993
111.321 121.796 1.206
1.593 57.987 1.019
65.612 110.065 0.410
5.534 49.224 1.961
99.964 108.828 1.156
3.867 51.250 0.783
97.994 108.118 1.501
82.715 119.403 0.861
46.247 109.606 1.342
45.957 77.146 0.078
92.024 102.466 0.858
17.282 111.213 0.652
14.821 91.762 0.841
27.122 91.536 0.530
61.412 114.089 0.898
82.111 99.487 0.973
58.654 91.712 1.334
67.147 77.085 0.317
102.722 108.576 1.282
85.652 101.315 1.140
63.638 115.327 0.618
97.250 117.410 1.372
54.933 57.213 1.694
