6.096 8.369 1.912
8.756 11.010 1.308
1.048 4.543 1.010
2.903 9.294 1.840
6.628 9.883 0.229
3.791 11.302 0.994
5.093 10.773 0.765
5.322 9.089 1.213
0.059 2.634 1.416
6.231 10.436 1.726
7.473 10.190 0.994
7.854 10.402 1.106
9.557 11.204 1.262
3.742 10.691 0.263
9.517 10.804 1.224
3.298 9.540 0.112
1.316 11.645 1.694
5.969 12.184 1.443
0.147 9.320 0.253
6.171 7.028 0.435
1.689 6.369 1.248
3.194 9.925 0.735
8.024 11.408 1.614
6.111 12.474 1.596
1.448 6.850 1.260
2.537 11.524 0.273
0.662 8.101 0.856
3.023 6.122 1.096
3.113 11.145 0.221
1.347 10.651 0.568
8.952 12.368 1.579
6.152 12.122 0.722
2.285 6.074 1.727
2.495 12.857 1.085
0.538 7.154 0.163
4.268 6.668 0.189
8.915 9.911 0.466
1.251 3.906 1.863
0.471 4.764 0.117
9.147 11.267 0.797
9.462 12.132 1.674
8.421 11.077 1.387
2.592 8.066 0.009
9.548 10.985 0.797
5.856 10.904 0.510
9.453 12.706 0.871
0.072 8.599 1.882
7.862 9.583 1.153
2.223 3.032 0.766
4.179 10.056 0.164
