23.886 40.711 1.129
23.391 30.018 0.473
9.363 31.841 1.254
26.313 35.411 1.521
20.460 30.127 0.351
18.840 40.493 1.969
0.886 4.919 0.147
15.575 41.186 0.634
33.293 38.670 1.147
15.788 30.871 1.839
4.505 21.595 1.722
30.113 34.598 1.991
1.207 6.975 0.931
14.218 41.425 0.681
0.817 34.183 1.885
31.067 40.412 1.553
24.565 25.622 0.088
22.161 26.188 1.395
11.457 22.849 1.463
13.908 40.515 1.020
37.786 42.533 1.850
22.808 37.355 1.879
12.266 26.471 1.982
37.612 40.873 1.209
6.625 9.784 1.449
12.939 20.324 1.006
0.618 23.514 0.315
12.034 29.710 1.697
13.974 17.358 0.002
11.431 12.552 1.097
30.627 41.993 0.153
32.242 36.626 0.417
17.916 40.037 1.550
36.605 41.108 1.077
9.994 31.670 1.226
28.553 37.611 1.907
5.805 37.832 0.695
31.131 42.396 1.482
32.257 33.718 0.218
1.016 20.557 1.885
8.113 16.033 1.275
13.285 33.103 1.521
38.160 41.342 0.308
7.106 10.647 0.846
15.781 37.012 1.512
33.266 38.049 1.384
19.940 23.041 1.282
11.365 18.973 0.365
24.849 42.621 0.065
13.349 29.915 1.962
2.228 19.786 1.142
5.752 12.108 0.796
12.091 14.125 0.437
10.611 38.506 1.193
13.362 40.796 1.166
29.438 40.151 0.051
25.427 27.392 0.161
20.996 31.257 1.199
0.824 42.134 1.334
16.813 25.894 0.151
32.834 42.041 0.216
23.442 28.253 1.421
24.578 29.744 0.086
22.440 35.903 1.231
33.544 40.032 1.095
22.853 30.703 1.918
2.047 11.498 1.317
31.716 35.738 1.691
35.233 40.033 0.977
30.634 39.709 0.042
18.478 29.283 0.580
25.982 41.711 0.180
1.002 32.694 0.431
21.568 22.295 0.652
36.448 39.250 1.406
30.841 33.485 0.099
9.854 11.771 1.094
5.756 20.669 1.075
18.259 20.445 1.694
16.421 36.165 0.311
14.440 19.635 0.760
14.402 24.091 0.990
14.983 34.884 1.107
18.357 24.105 0.743
39.832 41.181 0.310
18.162 38.766 0.423
35.890 39.766 1.405
28.205 35.621 0.574
7.040 19.391 0.940
16.827 28.664 0.043
12.005 13.244 0.665
22.077 38.553 1.693
25.076 37.516 1.099
39.086 42.788 0.953
27.585 39.334 1.305
36.218 39.563 1.105
15.251 21.924 1.591
11.111 23.465 0.149
13.207 16.102 0.874
18.292 21.138 0.997
31.505 39.137 0.283
32.733 35.657 0.842
34.271 38.178 1.527
3.118 12.268 0.121
20.506 33.900 0.833
19.924 30.801 1.837
8.614 40.022 1.130
21.617 26.846 1.206
25.252 39.719 0.904
12.381 29.054 1.150
27.053 30.841 1.930
11.692 11.872 0.072
15.947 21.075 0.280
24.921 41.345 0.040
30.533 36.184 1.734
19.838 29.966 1.144
31.891 34.859 0.336
21.465 36.845 0.668
17.687 30.421 1.523
2.185 40.141 1.038
18.134 24.524 1.285
10.342 42.914 1.550
16.532 21.958 0.450
33.755 40.149 0.932
0.649 8.265 0.657
39.678 42.367 1.998
34.049 39.021 0.150
34.659 38.910 1.378
23.770 37.419 1.429
11.603 31.790 1.736
17.410 39.917 1.307
22.020 25.744 0.266
13.637 40.581 1.261
14.056 33.120 0.886
0.597 23.932 0.413
36.324 39.101 1.626
31.421 35.366 1.261
8.891 27.394 0.498
30.158 32.242 1.654
30.990 34.347 1.934
0.051 29.512 1.728
15.083 36.950 0.817
3.850 19.176 1.860
33.888 41.373 1.643
8.225 35.858 1.298
25.755 35.089 1.484
15.934 30.267 1.465
29.561 37.933 0.593
35.410 41.680 0.944
37.778 42.447 0.842
22.849 42.204 1.406
30.902 37.706 1.015
1.628 20.235 1.259
32.706 38.951 0.547
23.030 41.776 0.897
29.023 34.730 0.793
25.758 39.266 0.461
7.787 27.302 0.668
4.625 17.973 0.022
10.098 25.680 0.698
36.086 40.016 1.560
15.804 33.214 1.458
14.841 19.317 0.087
7.891 12.763 0.249
16.891 37.092 0.121
32.485 38.591 0.994
4.678 13.563 1.656
20.742 39.625 1.920
34.789 39.622 1.060
10.254 34.584 0.865
2.828 5.940 1.215
1.759 29.402 0.362
8.579 38.181 1.920
17.057 26.877 1.098
32.434 33.433 0.416
30.967 41.441 0.329
6.384 38.565 1.047
19.003 20.848 0.507
4.501 9.305 0.804
38.142 40.686 2.000
33.779 41.153 0.125
5.606 42.880 1.667
1.715 10.753 0.003
25.123 37.848 1.388
16.694 37.715 1.484
16.330 30.161 0.671
26.373 36.444 0.274
36.310 41.839 0.512
22.850 34.806 1.643
7.235 38.053 0.892
26.220 30.566 1.387
26.119 32.691 1.029
25.428 42.038 1.501
36.438 41.534 0.907
31.935 36.480 0.750
32.146 33.554 0.009
12.782 22.951 0.636
27.150 38.677 1.796
19.979 38.863 0.734
2.771 42.403 1.546
