0.013 3.432 1.127
8.087 11.053 1.170
3.503 11.635 1.792
7.466 12.269 0.348
7.105 9.612 1.027
0.150 4.949 0.183
1.473 12.872 0.332
4.457 4.734 0.238
0.089 7.307 0.756
5.712 10.610 1.204
1.662 7.502 1.326
3.521 9.326 0.114
7.833 11.290 1.605
3.020 10.751 1.752
9.559 12.268 1.851
1.423 4.854 0.924
8.622 12.128 0.419
8.437 12.999 1.994
6.115 8.524 0.785
2.973 4.851 1.680
3.759 10.077 0.185
0.562 11.991 0.018
2.759 9.005 0.546
6.912 11.793 1.675
4.849 11.017 0.411
4.685 12.624 0.916
7.444 10.859 0.217
3.852 9.998 1.470
5.724 7.440 0.723
2.251 11.049 0.850
5.171 11.547 1.980
3.456 9.845 0.338
4.919 10.612 0.127
5.048 12.614 0.295
1.416 9.998 1.810
3.030 4.525 0.853
9.666 11.334 1.366
8.773 11.920 1.643
1.914 11.038 0.356
4.753 9.063 0.311
7.320 9.493 0.811
5.687 11.548 1.364
7.219 8.764 0.951
3.678 5.616 1.669
5.170 9.268 1.326
1.047 12.210 1.899
5.495 9.401 0.692
3.750 7.838 1.694
4.561 12.866 0.544
2.978 9.303 1.478
