0.063 11.205 1.127
40.437 47.074 1.170
17.515 47.031 1.792
37.330 50.839 0.348
35.525 41.552 1.027
0.749 19.908 0.183
7.366 52.480 0.332
22.285 22.665 0.238
0.446 28.741 0.756
28.559 43.872 1.204
8.312 29.185 1.326
17.606 39.159 0.114
39.166 47.129 1.605
15.098 43.119 1.752
47.795 51.455 1.851
7.117 18.621 0.924
43.112 50.914 0.419
42.183 52.997 1.994
30.575 37.121 0.785
14.864 17.410 1.680
18.793 42.018 0.185
2.811 48.926 0.018
13.794 37.069 0.546
34.559 48.414 1.675
24.247 45.737 0.411
23.423 51.543 0.916
37.222 46.761 0.217
19.262 40.382 1.470
28.620 32.928 0.723
11.255 44.939 0.850
25.855 46.748 1.980
17.278 40.874 0.338
24.595 44.510 0.127
25.240 51.615 0.295
7.079 39.453 1.810
15.152 18.609 0.853
48.331 50.203 1.366
43.863 49.868 1.643
9.568 45.125 0.356
23.763 38.651 0.311
36.601 41.770 0.811
28.437 47.336 1.364
36.096 39.009 0.951
18.390 21.216 1.669
25.851 38.183 1.326
5.234 49.394 1.899
27.477 39.883 0.692
18.749 30.759 1.694
22.805 52.495 0.544
14.890 37.149 1.478
9.799 46.308 1.523
19.883 49.473 1.002
1.373 31.784 1.989
2.525 13.177 1.063
42.152 49.715 1.254
9.893 16.685 1.684
5.496 21.435 1.486
47.053 49.433 0.572
7.013 45.637 1.466
35.400 48.854 1.200
12.636 12.990 0.289
3.050 45.876 1.612
10.529 34.128 0.231
0.713 24.602 0.228
37.611 46.601 1.372
3.694 14.348 0.873
34.811 43.081 0.581
11.621 34.199 1.156
31.434 42.465 0.320
48.152 52.740 1.392
9.497 17.808 0.672
49.759 52.995 0.915
4.875 10.550 1.250
21.886 25.166 1.863
44.731 47.059 0.580
38.453 42.047 0.821
31.404 41.819 1.208
23.318 42.594 1.196
42.740 49.772 1.658
36.045 43.113 1.132
9.214 34.177 1.476
45.254 47.112 0.486
30.236 44.125 1.397
17.565 21.323 0.989
37.037 47.405 1.224
34.556 38.675 1.609
28.802 51.013 1.735
30.735 33.090 1.455
33.389 40.904 1.953
28.460 33.233 0.612
5.428 46.181 1.738
37.216 42.584 0.310
3.967 35.451 0.153
41.000 46.981 1.090
20.449 35.923 0.597
25.060 34.293 0.305
36.900 50.318 0.628
47.954 52.093 1.747
15.003 21.485 1.888
3.287 30.112 1.570
30.482 33.883 1.912
43.782 47.638 1.308
5.240 16.866 1.010
14.515 36.552 1.840
33.140 43.038 0.229
18.957 46.171 0.994
25.463 44.651 0.765
26.608 37.771 1.213
0.295 6.871 1.416
31.153 42.769 1.726
37.367 43.925 0.994
39.268 44.883 1.106
47.786 49.745 1.262
18.712 44.265 0.263
47.586 48.927 1.224
16.492 39.869 0.112
6.581 46.932 1.694
29.844 49.829 1.443
0.734 37.807 0.253
30.857 32.724 0.435
8.446 24.461 1.248
15.970 40.696 0.735
40.120 47.666 1.614
30.555 50.928 1.596
7.241 26.408 1.260
12.685 47.202 0.273
3.308 32.164 0.856
15.114 24.509 1.096
15.567 45.857 0.221
6.735 43.317 0.568
44.761 51.294 1.579
30.761 49.916 0.722
11.425 22.294 1.727
12.477 52.402 1.085
2.690 29.164 0.163
21.340 29.674 0.189
44.577 46.209 0.466
6.255 11.714 1.863
2.355 19.470 0.117
45.735 49.331 0.797
47.308 51.129 1.674
42.105 47.273 1.387
12.958 34.008 0.009
47.740 49.613 0.797
29.278 45.665 0.510
47.264 52.466 0.871
0.359 32.775 1.882
39.308 42.247 1.153
11.116 12.058 0.766
20.896 42.138 0.164
42.755 51.089 0.130
33.103 49.347 1.383
26.507 31.465 1.371
34.475 49.206 1.456
1.553 35.329 1.737
35.328 45.159 0.171
47.395 49.022 0.118
7.259 36.364 1.964
14.612 29.888 1.845
34.727 37.945 0.437
12.027 49.098 1.043
5.321 27.390 1.805
4.006 13.718 1.564
48.720 52.646 1.552
10.532 11.601 0.913
37.532 43.928 0.228
15.557 18.910 1.985
12.604 22.895 0.379
7.675 47.947 1.241
46.954 51.754 0.391
32.278 51.237 1.314
22.773 43.468 1.843
7.538 33.978 1.273
21.102 39.212 1.886
28.928 35.873 1.073
19.848 21.737 0.701
39.763 41.058 0.393
19.471 22.947 1.181
9.883 37.776 0.312
22.716 44.200 1.209
22.065 35.158 1.369
41.786 44.972 1.184
47.473 50.704 1.752
49.373 52.660 0.371
28.722 44.282 0.884
35.426 40.515 0.099
13.010 48.899 0.815
35.510 51.333 1.457
19.678 49.873 0.795
15.430 37.200 0.776
17.678 44.379 1.467
36.819 40.346 1.479
10.009 39.436 0.545
45.557 49.765 0.736
5.469 16.567 1.815
25.898 38.518 1.310
34.382 36.030 0.181
3.789 21.299 0.056
15.361 21.927 1.395
19.742 42.260 0.136
36.247 47.995 0.397
30.786 43.467 1.310
4.915 8.338 1.091
48.729 52.900 0.928
36.393 48.024 1.062
34.640 42.230 0.744
2.498 12.406 1.620
3.041 42.367 0.621
10.623 31.494 0.644
0.458 27.575 0.880
30.297 40.311 1.517
17.490 51.049 1.685
31.166 34.221 1.995
28.143 38.816 1.727
15.320 16.880 0.568
30.628 31.813 0.782
1.552 45.821 0.911
46.838 51.539 0.804
30.580 50.408 1.617
29.130 32.112 1.190
39.659 47.917 0.924
29.472 48.882 1.138
33.638 34.516 0.687
13.366 23.089 0.683
38.551 51.216 0.743
5.843 36.040 1.451
44.697 49.314 0.366
45.100 52.779 1.560
9.868 44.628 1.803
47.670 52.602 1.698
31.436 44.881 0.371
13.250 42.489 0.501
39.405 49.208 0.342
24.047 47.430 0.163
42.767 46.086 0.249
28.666 47.435 0.946
9.593 52.791 1.456
0.768 37.293 1.295
8.707 20.991 0.144
33.831 45.246 1.678
18.561 27.766 1.559
31.912 36.595 0.463
48.552 49.204 0.563
38.461 39.433 0.304
0.462 34.539 0.697
17.162 32.573 0.829
4.534 38.753 1.090
16.900 48.695 1.315
26.774 29.268 1.140
23.289 36.268 0.520
