79.319 81.643 1.539
76.443 82.015 0.057
7.317 27.283 0.592
0.742 27.405 0.503
30.516 78.129 1.879
79.622 81.649 1.140
37.479 61.756 0.984
12.288 81.079 1.013
57.822 65.238 0.724
4.175 80.496 1.341
6.448 36.554 1.693
28.526 82.894 1.984
72.925 82.107 1.745
48.078 61.254 0.466
36.652 45.577 0.843
36.219 51.443 0.102
63.227 65.944 1.140
24.742 60.150 1.682
70.505 80.307 0.140
6.675 43.014 1.103
74.983 82.583 1.647
67.854 81.224 0.397
9.900 12.069 1.154
59.750 77.215 1.226
75.984 80.786 1.590
28.863 64.536 1.205
33.978 41.563 0.245
54.194 80.077 1.679
25.286 75.170 0.403
4.634 55.948 0.060
2.647 48.581 0.036
21.964 68.653 1.822
37.447 58.098 1.059
72.744 82.302 1.876
13.443 24.519 0.413
23.909 67.911 1.740
8.811 54.098 0.850
71.938 80.935 0.747
59.106 71.607 0.946
44.374 72.120 1.894
33.319 71.469 0.953
65.253 80.504 0.959
53.490 72.275 1.699
22.193 37.299 0.551
15.347 58.095 0.215
3.281 57.549 1.998
13.223 17.712 0.360
75.615 80.950 0.662
47.084 63.963 1.599
25.111 56.179 1.729
62.668 69.134 0.611
58.615 59.664 0.888
37.931 39.631 0.731
74.392 82.059 0.939
49.630 57.331 1.705
26.124 71.976 0.459
3.445 5.023 0.979
28.087 65.045 1.433
39.408 53.945 0.163
25.650 66.515 0.555
61.298 65.592 0.505
55.368 66.587 0.867
34.559 48.965 1.538
72.834 77.497 1.883
21.771 30.701 1.727
4.168 72.193 0.503
27.984 42.704 1.184
8.365 78.827 1.166
20.298 29.617 0.632
12.889 68.370 1.085
16.795 49.763 1.972
13.858 29.532 0.193
79.519 82.197 0.369
24.766 74.989 1.011
44.435 70.781 1.870
44.096 51.279 0.162
48.361 67.075 0.567
2.390 55.772 1.991
58.613 77.223 1.360
73.188 79.175 0.957
45.678 78.404 0.816
39.891 82.810 0.387
52.494 70.082 1.589
52.145 78.964 0.088
55.903 61.355 1.740
10.259 14.364 1.410
36.700 55.142 1.225
35.355 49.164 0.951
4.216 79.509 0.108
25.347 69.101 0.375
69.553 72.622 0.935
13.460 58.116 1.114
78.789 80.582 1.421
66.013 67.829 0.184
53.124 62.869 1.434
70.151 81.066 0.309
67.505 81.045 0.403
59.916 71.410 1.246
2.568 51.407 0.034
0.337 53.524 0.812
36.756 75.320 0.842
44.489 76.903 1.003
16.231 73.194 1.636
47.287 58.356 1.919
79.758 82.161 1.219
12.542 20.646 1.259
14.026 79.371 1.100
56.091 57.930 1.175
21.866 36.089 1.558
38.041 82.285 0.497
71.618 76.339 0.934
61.103 62.521 0.074
10.476 41.416 1.931
39.530 48.943 1.372
57.863 60.568 1.234
4.744 45.925 0.893
76.919 82.768 0.071
18.716 81.598 0.566
43.048 51.903 1.818
5.237 36.669 0.366
77.886 82.492 0.508
51.720 80.781 1.199
25.404 28.645 1.486
70.730 73.272 0.875
23.909 34.460 0.691
70.451 72.556 0.970
43.400 61.177 0.347
37.330 57.123 0.842
42.360 55.159 0.508
71.684 75.292 0.229
21.312 32.828 0.155
68.562 70.380 1.026
62.463 76.236 0.659
71.247 79.881 1.164
15.596 42.891 0.575
13.697 56.113 0.394
69.878 80.761 0.317
40.905 60.193 0.280
49.513 75.313 0.344
42.531 63.511 0.265
58.266 81.629 1.507
25.367 61.407 1.381
43.554 60.900 1.232
54.028 63.748 0.412
45.443 55.386 0.647
36.976 41.130 1.212
69.138 73.789 1.768
36.395 81.235 1.804
1.506 64.903 0.684
5.528 52.099 0.975
73.103 79.263 0.653
76.064 80.194 1.684
56.540 67.811 0.272
20.777 79.866 1.889
20.460 32.466 0.804
33.058 46.572 1.666
35.314 54.499 1.416
25.074 82.032 1.997
2.944 79.508 1.960
60.295 65.983 0.539
46.552 53.963 0.025
73.672 80.457 0.388
60.839 79.884 0.798
64.262 82.347 0.463
54.194 62.407 0.825
0.173 35.893 0.040
65.576 71.749 0.488
4.636 8.035 0.251
78.215 79.814 1.037
4.675 51.844 1.462
50.639 62.465 0.623
10.274 77.267 0.418
72.466 79.358 0.298
42.011 74.236 0.321
58.227 79.628 1.469
49.132 68.274 1.685
7.041 64.251 1.229
7.678 35.409 1.250
49.193 63.829 1.475
49.579 74.014 1.635
2.698 47.388 0.104
38.954 43.046 1.016
63.803 66.120 1.959
50.627 76.212 1.194
4.771 29.286 0.057
48.595 62.473 1.238
60.720 78.844 1.938
78.557 81.510 1.630
44.157 64.999 0.258
48.769 70.890 1.847
21.822 50.361 1.017
47.458 65.148 1.769
12.798 47.993 1.503
62.578 79.791 1.469
70.268 76.034 1.281
21.173 61.400 0.095
1.226 77.997 1.644
60.788 69.486 1.919
69.353 73.070 0.136
14.146 42.010 1.439
45.614 61.504 1.315
1.184 80.425 1.005
49.652 77.475 1.016
68.679 70.209 0.931
11.861 76.376 1.374
8.101 9.228 0.806
51.945 82.942 1.923
26.085 78.733 0.917
64.240 72.251 0.504
49.589 69.840 1.639
13.399 68.984 0.703
49.276 78.208 1.514
46.017 80.185 0.414
29.754 75.930 0.883
44.577 55.729 1.029
34.220 68.361 0.499
59.672 71.675 1.079
53.749 70.649 0.853
44.674 81.264 0.002
7.825 74.827 1.221
14.085 17.418 1.445
22.918 34.723 0.917
42.584 82.549 1.327
49.740 62.129 0.212
26.312 40.847 0.048
77.602 80.638 0.032
51.220 66.971 0.982
75.527 82.640 1.205
5.337 54.639 0.982
5.090 7.215 0.900
22.608 35.909 1.342
18.770 53.132 1.216
65.412 76.440 1.652
10.249 69.207 1.922
51.298 59.115 0.670
29.593 42.505 1.416
16.363 80.568 1.743
6.279 11.956 0.138
53.517 71.726 1.932
27.052 67.118 0.445
58.498 80.806 1.862
63.154 65.444 1.345
29.630 59.433 1.862
62.966 82.117 0.877
49.494 55.762 1.264
51.191 74.208 0.581
57.363 71.898 0.218
34.635 63.185 0.515
30.826 33.638 1.121
77.309 81.280 1.154
3.320 54.822 0.172
43.976 49.034 1.206
21.256 79.023 0.764
71.411 73.782 1.415
20.296 82.535 1.760
20.560 32.682 0.863
4.807 63.158 1.333
40.443 66.323 1.450
57.817 76.000 1.341
66.049 70.527 1.386
40.809 80.824 0.270
67.602 73.707 0.895
13.528 53.457 0.992
57.551 66.170 0.153
63.449 80.412 1.109
54.198 57.618 0.040
32.823 58.147 0.790
47.379 59.821 1.796
18.367 64.949 1.976
41.683 45.760 1.432
24.254 70.543 1.898
76.704 79.446 1.920
63.786 65.862 1.257
71.323 81.101 0.147
58.251 75.688 1.422
60.629 65.201 1.478
43.651 52.522 1.863
19.026 61.599 1.928
76.592 80.388 0.943
42.167 77.392 1.470
40.331 48.206 0.525
42.853 61.683 1.373
20.159 68.427 1.684
32.611 45.126 0.664
14.319 81.468 1.568
0.632 8.014 1.362
2.510 28.394 0.250
55.834 61.437 0.028
18.502 41.969 1.591
75.303 79.564 1.909
36.681 63.758 1.862
13.970 35.537 0.548
34.413 42.305 0.499
5.330 47.094 1.627
62.800 67.481 1.037
72.031 80.201 0.136
38.063 62.551 1.311
37.855 69.951 1.996
23.970 52.342 0.644
58.889 76.381 0.307
62.778 77.089 0.203
41.950 57.189 1.615
17.964 27.008 1.286
22.203 61.948 0.304
66.565 80.201 1.203
59.548 78.466 0.636
32.137 42.709 1.921
34.745 40.245 1.381
11.519 55.421 0.984
11.524 81.537 0.554
9.195 23.662 1.684
29.605 80.424 0.905
42.770 55.227 0.197
76.453 81.686 1.554
71.184 74.046 1.839
1.834 79.846 0.989
54.430 70.067 0.768
19.473 27.921 0.592
49.291 58.310 1.793
73.979 81.139 1.325
50.107 71.396 1.620
28.875 42.701 0.405
66.936 74.432 0.112
43.026 70.777 0.909
25.428 35.165 0.222
57.787 82.182 0.633
43.600 55.779 0.485
66.254 78.110 0.361
60.099 62.177 0.445
68.542 71.362 1.241
26.993 78.506 1.566
23.477 46.453 1.497
66.999 69.481 0.121
17.210 54.045 1.428
20.953 56.771 0.623
13.223 45.252 1.872
45.800 59.269 0.779
55.773 72.017 0.217
16.661 74.462 1.953
0.295 79.622 0.960
48.627 71.893 0.964
29.444 45.651 1.903
14.612 80.680 1.984
32.247 50.435 1.672
65.236 82.616 1.605
26.683 79.954 0.554
24.886 46.619 0.000
2.251 40.568 1.885
75.237 80.534 0.842
19.317 53.204 0.750
73.193 77.159 0.446
55.915 62.537 1.685
74.841 77.811 0.777
30.367 39.391 0.749
40.194 70.717 1.717
59.445 66.989 1.004
5.632 49.605 1.558
66.987 74.183 1.263
1.614 46.126 1.413
26.761 39.116 1.337
32.892 39.507 1.260
56.086 75.970 0.038
16.629 49.193 0.948
3.001 60.517 0.227
60.930 81.058 0.986
60.109 74.454 1.422
32.032 58.299 1.497
21.932 78.927 0.210
52.958 81.067 1.623
50.451 71.590 1.105
49.691 67.063 0.180
74.765 79.166 0.907
42.997 54.894 1.699
76.050 79.652 1.229
24.771 67.285 0.447
67.883 76.622 1.937
47.318 79.096 0.780
24.617 43.411 0.042
42.267 51.219 1.593
26.971 53.845 1.368
42.894 82.838 1.829
54.052 78.623 1.296
79.277 82.611 1.329
45.060 79.289 1.352
60.414 66.152 0.984
11.470 79.611 1.564
60.585 71.872 0.370
71.955 79.234 1.677
79.304 81.475 0.183
37.435 75.904 0.678
75.032 82.657 0.954
2.598 23.866 0.886
12.286 42.890 1.069
32.809 67.937 1.464
20.130 66.568 0.248
1.816 63.592 1.670
26.976 55.936 1.619
25.777 66.631 1.962
62.509 76.564 0.561
2.993 44.617 0.220
