20.930 46.112 1.217
4.183 14.572 0.302
4.367 27.648 0.635
31.457 33.778 0.666
30.726 37.184 0.286
41.249 52.939 0.878
11.048 32.924 0.215
13.230 36.154 0.015
38.528 52.561 0.215
18.471 37.350 1.808
11.133 31.481 0.605
15.531 44.380 0.829
42.080 47.194 0.778
36.209 39.079 1.470
4.086 45.746 1.506
31.890 42.295 0.719
4.720 14.488 0.831
17.156 26.783 1.827
15.516 28.521 0.309
9.114 18.585 0.545
8.623 12.153 0.671
25.095 48.045 1.927
22.323 29.321 1.826
24.096 44.591 0.944
12.430 25.040 1.873
14.977 46.439 1.645
31.495 33.229 1.590
13.048 51.148 0.579
42.973 50.370 1.035
12.809 33.490 1.842
4.677 9.908 1.652
14.132 39.408 0.768
25.755 30.330 0.863
48.749 48.919 0.149
45.740 51.425 0.823
9.383 27.956 0.203
33.897 49.827 1.055
41.859 47.696 0.543
43.522 52.732 0.298
26.919 29.072 0.441
10.231 18.801 0.395
9.977 36.289 1.914
36.940 48.046 0.589
39.306 52.152 1.843
42.216 43.817 0.518
3.095 12.036 1.808
44.638 52.669 0.719
19.079 42.509 0.663
44.377 48.544 0.760
33.732 43.312 0.534
26.392 47.852 1.604
37.317 50.467 0.973
27.952 37.012 0.558
2.707 41.508 1.823
18.424 26.174 0.565
16.228 48.659 0.100
12.441 19.007 0.808
43.764 51.265 1.216
9.842 42.934 0.903
21.667 47.125 1.273
8.722 51.394 0.645
35.470 50.650 0.395
2.365 5.623 1.486
6.542 32.292 0.165
28.448 34.654 1.066
3.859 7.596 0.609
20.563 28.927 0.267
41.032 44.992 1.018
49.397 51.446 1.833
14.222 33.232 1.414
14.737 35.156 0.689
40.556 42.359 1.034
41.461 43.651 1.109
25.478 45.904 1.893
23.696 50.696 0.903
27.442 50.129 0.731
32.986 43.262 0.245
5.622 31.766 0.560
39.564 51.198 0.738
37.217 43.488 0.928
22.105 34.543 1.172
31.602 42.505 1.115
41.833 42.309 0.371
5.463 16.069 0.081
12.798 41.485 0.821
22.137 39.049 0.266
42.839 46.318 1.613
46.191 47.703 0.627
30.343 51.994 0.021
26.862 27.950 0.774
11.853 36.953 1.771
7.630 31.927 0.033
45.836 48.456 1.305
20.278 25.199 1.932
19.979 31.724 1.012
16.420 26.531 1.251
14.498 49.207 1.067
23.904 43.745 0.656
23.017 36.077 1.166
46.115 50.773 0.242
7.434 12.958 0.495
5.101 44.926 1.379
24.537 43.450 0.907
20.925 25.260 1.280
41.530 51.690 0.737
26.002 37.823 1.925
36.285 43.328 1.261
40.670 43.055 1.705
37.179 41.461 0.725
40.948 45.388 1.567
28.161 31.553 0.349
37.855 42.683 0.828
8.548 20.098 1.088
15.931 40.478 0.450
34.921 47.030 1.340
2.802 50.634 0.659
16.034 22.574 0.615
18.427 51.677 0.553
11.811 37.743 0.522
37.802 42.770 1.166
35.607 48.221 0.676
1.079 34.343 1.401
6.319 24.991 1.440
26.197 42.768 1.728
24.758 43.750 0.062
27.674 42.474 0.699
38.214 38.268 0.045
27.348 35.662 1.496
39.702 49.788 1.670
14.823 30.948 1.077
5.089 10.426 0.779
33.410 47.046 0.324
33.538 50.990 1.477
37.829 42.686 1.139
5.573 40.501 0.534
48.874 50.527 0.976
40.060 45.369 1.226
24.131 36.169 1.997
47.400 51.093 0.441
28.785 51.323 0.291
22.897 25.583 1.285
32.788 36.145 1.485
32.537 37.638 0.399
36.607 49.458 1.989
44.665 52.217 1.095
43.443 50.668 1.232
36.554 49.065 0.304
7.639 35.825 0.809
35.839 51.234 1.660
3.186 33.568 0.790
24.404 46.404 0.903
28.939 43.248 0.671
18.017 22.243 1.499
4.782 8.832 1.994
19.834 33.723 0.216
21.696 36.172 0.539
11.249 38.230 0.523
44.655 49.372 1.758
20.585 51.863 0.464
36.969 48.749 0.683
30.169 50.716 1.243
34.124 36.598 0.471
26.583 42.205 1.431
0.755 25.260 1.022
48.543 52.203 1.779
12.291 23.299 0.207
23.315 25.925 1.214
19.309 52.939 0.233
36.996 37.148 0.082
34.013 47.991 1.913
37.544 48.118 0.282
30.638 52.495 1.326
3.555 46.395 1.815
31.425 44.589 1.778
7.610 34.425 1.797
13.147 38.198 0.351
41.716 51.594 1.341
22.427 43.277 1.966
35.438 49.790 0.116
37.346 50.743 1.948
15.706 23.558 0.235
14.589 47.249 1.896
12.488 47.636 0.432
21.545 50.788 0.411
37.666 43.900 0.780
27.898 51.595 1.261
36.813 44.005 1.472
27.509 44.246 1.960
16.384 39.675 0.860
34.783 47.284 0.980
13.417 16.194 0.209
6.989 16.028 0.908
32.325 39.084 1.714
40.880 52.096 1.250
5.113 29.176 0.508
35.057 38.277 1.408
18.600 51.697 0.964
4.942 10.244 0.909
26.037 47.488 0.652
41.208 48.501 1.476
2.586 52.543 0.375
21.360 44.544 1.287
45.038 52.469 1.686
24.149 45.400 0.960
37.886 49.336 0.768
13.700 15.630 0.726
41.113 47.137 1.516
11.214 22.439 0.165
31.285 39.401 1.535
12.735 43.250 0.970
28.097 45.648 0.696
48.357 50.207 0.803
44.444 50.100 1.185
17.368 47.207 1.603
40.750 42.523 0.847
31.620 46.956 1.965
24.964 41.028 0.369
11.919 25.014 1.724
49.478 51.876 1.640
16.086 40.633 0.797
46.544 49.642 1.808
38.183 52.343 1.051
45.851 47.417 1.285
13.178 44.856 0.577
12.903 27.386 0.574
45.720 48.730 1.637
16.108 51.586 0.460
12.275 45.927 1.867
5.170 16.937 1.155
18.798 45.800 0.383
44.836 45.863 0.618
37.602 46.837 1.439
27.396 30.854 0.737
3.444 6.299 1.546
16.007 21.897 0.617
26.296 46.246 0.654
29.925 51.375 1.159
33.023 45.230 1.420
3.589 4.892 0.589
38.609 47.788 1.995
15.262 21.177 0.950
25.781 40.908 0.374
18.862 42.314 1.022
36.163 47.075 1.415
6.168 40.901 1.914
2.818 28.079 0.456
6.684 28.894 1.948
39.232 50.174 1.224
30.630 38.284 1.679
49.902 52.085 1.715
