5.947 10.521 0.495
4.081 36.485 1.379
19.630 35.215 0.907
16.740 20.498 1.280
33.224 41.897 0.737
20.801 30.728 1.925
29.028 35.045 1.261
32.536 34.802 1.705
29.743 33.421 0.725
32.759 36.702 1.567
22.529 25.378 0.349
30.284 34.434 0.828
6.839 16.388 1.088
12.745 32.808 0.450
27.937 38.105 1.340
2.241 41.085 0.659
12.828 18.260 0.615
14.742 41.923 0.553
9.449 30.608 0.522
30.241 34.549 1.166
28.486 39.044 0.676
0.863 27.956 1.401
5.055 20.400 1.440
20.958 34.711 1.728
19.807 35.407 0.062
22.139 34.383 0.699
30.571 30.624 0.045
21.878 28.913 1.496
31.761 40.357 1.670
11.858 25.129 1.077
4.071 8.540 0.779
26.728 38.071 0.324
26.831 41.358 1.477
30.263 34.475 1.139
4.458 32.869 0.534
39.099 40.704 0.976
32.048 36.664 1.226
19.305 29.410 1.997
37.920 41.285 0.441
23.028 41.620 0.291
18.317 20.740 1.285
26.230 29.243 1.485
26.030 30.312 0.399
29.286 40.117 1.989
35.732 42.332 1.095
34.754 41.035 1.232
29.243 39.720 0.304
6.111 29.091 0.809
28.672 41.556 1.660
2.549 27.279 0.790
19.523 37.623 0.903
23.151 35.004 0.671
14.413 18.119 1.499
3.826 7.473 1.994
15.867 27.253 0.216
17.356 29.268 0.539
8.999 31.006 0.523
35.724 39.961 1.758
16.468 42.072 0.464
29.575 39.471 0.683
24.135 41.136 1.243
27.299 29.428 0.471
21.267 34.228 1.431
0.604 20.594 1.022
38.834 42.290 1.779
9.833 18.830 0.207
18.652 21.001 1.214
15.447 42.950 0.233
29.597 29.737 0.082
27.210 38.929 1.913
30.035 38.920 0.282
24.510 42.588 1.326
2.844 37.683 1.815
25.140 36.168 1.778
6.088 28.038 1.797
10.518 30.960 0.351
33.373 41.829 1.341
17.941 35.151 1.966
28.350 40.326 0.116
29.876 41.160 1.948
12.565 19.007 0.235
11.671 38.364 1.896
9.991 38.640 0.432
17.236 41.193 0.411
30.133 35.442 0.780
22.319 41.856 1.261
29.450 35.617 1.472
22.008 35.920 1.960
13.107 32.181 0.860
27.827 38.293 0.980
10.734 13.033 0.209
5.591 13.079 0.908
25.860 31.679 1.714
32.704 42.247 1.250
4.091 23.690 0.508
28.045 30.938 1.408
14.880 41.942 0.964
3.954 8.416 0.909
20.829 38.492 0.652
32.966 39.268 1.476
2.069 42.630 0.375
17.088 36.140 1.287
36.030 42.553 1.686
19.319 36.809 0.960
30.309 39.955 0.768
10.960 12.663 0.726
32.890 38.142 1.516
8.971 18.135 0.165
25.028 31.923 1.535
10.188 35.100 0.970
22.477 36.979 0.696
38.685 40.446 0.803
35.555 40.537 1.185
13.894 38.318 1.603
32.600 34.223 0.847
25.296 38.100 1.965
19.971 33.194 0.369
9.535 20.430 1.724
39.583 41.938 1.640
12.869 32.956 0.797
37.235 40.142 1.808
30.547 42.456 1.051
36.681 38.207 1.285
10.542 36.384 0.577
10.323 22.194 0.574
36.576 39.378 1.637
12.886 41.849 0.460
9.820 37.301 1.867
4.136 13.864 1.155
15.038 37.129 0.383
35.869 36.840 0.618
30.081 37.931 1.439
21.917 24.880 0.737
2.755 5.356 1.546
12.806 17.710 0.617
21.037 37.475 0.654
23.940 41.673 1.159
26.418 36.651 1.420
2.871 4.039 0.589
30.887 38.746 1.995
12.210 17.187 0.950
20.624 33.090 0.374
15.090 34.324 1.022
28.930 38.138 1.415
4.934 33.262 1.914
2.255 22.808 0.456
5.347 23.601 1.948
31.385 40.659 1.224
24.504 31.039 1.679
39.922 42.098 1.715
6.292 41.647 0.215
39.154 40.628 1.169
2.739 19.171 0.662
17.234 38.251 1.469
23.868 35.419 1.756
36.294 38.148 0.412
7.165 19.243 0.879
8.671 35.935 1.669
34.245 38.569 0.796
37.950 41.952 0.095
12.024 19.678 1.039
26.748 30.030 0.579
34.889 41.873 0.945
36.471 38.495 1.171
17.841 38.665 1.364
39.282 42.132 1.931
3.519 26.337 0.101
34.501 40.099 1.185
23.221 38.939 0.566
15.486 20.328 1.763
38.718 40.575 0.115
13.754 14.528 0.717
12.682 36.479 0.423
19.631 40.420 0.122
15.904 28.599 1.137
28.263 37.357 1.137
24.249 31.529 0.391
31.041 38.579 1.812
32.484 42.538 1.598
30.807 38.634 0.394
20.557 39.370 1.687
29.167 38.253 1.381
15.861 42.563 1.757
21.315 34.530 0.506
27.231 42.286 1.282
22.490 33.219 0.543
8.106 15.487 1.752
5.961 32.020 1.444
22.272 42.931 1.244
39.998 42.122 1.196
21.008 39.335 0.091
35.707 38.400 1.102
0.214 35.532 1.867
3.993 37.362 0.262
15.264 18.499 1.525
13.062 15.340 0.032
14.793 21.293 0.013
22.984 31.047 1.493
17.576 38.641 0.229
15.790 41.254 0.640
