43.167 44.915 0.973
28.291 47.840 1.419
43.211 47.282 1.701
43.219 50.850 1.290
41.432 51.714 1.531
45.416 50.247 1.825
22.008 33.119 0.215
41.153 43.875 0.855
0.043 41.306 1.315
3.186 22.508 0.180
34.194 38.459 1.615
7.143 23.079 0.097
0.928 35.341 1.957
2.683 35.421 1.828
21.586 29.238 0.042
19.597 46.000 1.308
1.141 9.744 1.652
31.713 52.667 1.101
23.171 32.441 0.430
39.108 46.140 0.685
30.401 52.651 0.205
37.791 44.897 0.302
35.582 49.538 1.997
32.083 51.940 1.242
34.408 45.203 0.580
14.519 42.247 1.096
12.322 32.916 1.093
47.603 52.047 1.340
31.169 48.786 0.892
37.277 42.067 1.978
31.474 44.946 1.820
45.920 49.901 1.011
22.486 51.287 1.779
9.146 18.451 0.504
36.525 47.529 1.882
2.068 5.064 1.283
27.818 39.660 1.089
3.069 11.185 1.992
30.045 34.095 0.101
33.012 39.782 0.665
32.679 41.836 0.821
11.081 19.190 1.357
24.877 47.652 1.015
21.754 32.367 0.009
18.795 47.138 0.257
36.665 47.809 1.782
32.530 47.828 1.029
36.859 45.400 1.914
18.163 49.700 0.224
41.061 43.169 0.910
43.472 45.308 1.523
20.833 24.758 1.872
8.243 13.849 0.423
29.556 44.141 0.237
29.005 46.929 1.381
45.782 48.876 1.339
40.443 52.970 0.756
38.626 41.417 0.409
19.413 39.078 0.362
9.781 19.559 1.920
19.086 23.718 0.608
9.908 43.160 0.092
38.052 39.837 1.762
22.431 47.102 0.853
23.067 45.746 0.990
11.925 16.750 1.119
46.101 52.269 1.788
2.982 34.956 0.982
37.361 42.486 1.512
45.495 48.261 1.584
27.642 40.932 0.102
39.518 41.217 1.408
36.587 51.687 1.107
43.777 47.701 1.594
19.747 22.409 0.964
32.598 48.279 0.002
37.809 40.532 0.439
2.876 5.812 1.341
17.293 46.074 1.396
21.813 42.349 1.963
14.765 48.316 0.954
3.964 11.160 0.202
7.150 22.575 1.836
18.691 21.843 1.628
40.710 51.794 0.480
12.825 21.609 0.539
11.469 48.014 1.692
44.385 50.294 1.690
2.045 11.691 0.347
17.795 25.043 0.899
44.723 49.811 1.246
45.584 51.284 1.045
49.966 52.855 1.939
42.010 46.308 0.293
14.219 51.991 0.342
37.091 38.971 1.433
32.252 47.950 1.625
40.909 49.671 0.249
18.754 50.214 1.300
44.484 51.086 0.064
22.443 29.441 0.015
20.923 50.428 0.313
25.085 46.265 0.486
45.326 45.986 0.427
38.559 46.799 0.456
40.320 45.664 1.704
26.946 49.855 1.984
32.344 49.218 0.455
18.552 20.465 0.734
28.065 31.752 0.796
16.247 25.087 1.798
47.009 52.135 0.250
44.697 47.235 0.891
31.738 45.427 1.120
21.183 48.682 0.033
6.981 20.796 0.535
34.083 52.267 1.123
30.361 40.841 1.576
40.919 43.838 1.479
25.826 26.056 0.040
37.416 51.540 0.668
23.113 26.081 1.536
31.549 46.203 0.048
48.454 51.959 1.001
13.297 39.551 1.645
29.861 49.478 0.527
23.003 34.520 1.496
0.725 33.830 0.953
20.194 21.846 0.767
14.441 48.661 1.194
21.609 34.780 1.863
26.656 52.322 0.020
43.260 50.337 0.875
16.648 35.375 1.205
27.981 37.492 0.078
11.652 47.455 1.875
48.206 51.512 1.218
3.822 19.402 0.814
24.929 49.505 0.160
15.213 50.569 1.563
29.421 36.319 0.432
28.036 35.590 1.749
15.070 48.134 1.454
11.554 30.283 0.381
44.517 45.877 1.149
49.762 51.812 0.118
12.847 17.810 0.340
11.574 51.375 0.990
2.464 19.634 0.159
13.987 33.650 1.031
20.614 40.818 1.849
14.608 30.597 0.952
47.566 52.284 1.097
39.721 48.246 1.603
43.504 52.461 0.636
13.396 42.393 1.887
6.381 29.244 1.550
8.795 10.687 0.053
22.739 28.348 1.725
0.723 43.591 0.426
39.860 49.045 1.559
14.937 50.135 1.563
42.106 47.783 0.485
1.151 2.899 0.151
17.811 33.076 1.431
9.021 17.517 0.596
37.245 38.416 0.269
26.281 47.975 0.718
7.941 15.443 1.800
1.462 43.690 0.363
12.461 27.269 1.141
26.997 49.811 1.330
46.626 48.988 1.891
7.662 44.167 1.116
44.757 51.966 0.145
41.121 47.990 0.777
33.598 39.705 0.902
47.473 52.031 1.964
29.740 33.283 0.545
9.897 31.519 1.201
17.766 34.863 0.460
34.590 47.569 1.896
49.129 51.348 0.475
11.791 32.677 1.796
16.323 37.719 1.075
16.826 23.526 0.696
14.508 50.063 0.439
36.984 47.966 1.614
34.335 48.775 0.540
3.221 46.188 1.444
17.078 34.521 0.089
1.039 33.817 1.676
27.029 42.319 1.208
38.868 49.103 1.280
37.997 41.829 1.736
21.175 23.396 1.573
21.918 37.697 0.084
13.463 23.247 0.137
49.103 51.891 1.013
3.551 50.834 0.735
43.004 45.933 0.675
14.476 52.720 0.102
8.623 18.499 0.138
15.046 40.253 1.574
4.184 11.300 0.526
10.877 19.310 1.125
31.614 41.434 0.214
37.942 39.436 0.668
14.125 48.249 1.389
28.379 31.975 1.737
39.770 48.901 1.999
30.943 44.509 1.190
9.713 21.239 1.958
2.115 15.454 0.478
20.341 30.396 1.590
45.003 51.028 0.759
10.324 36.167 0.106
17.699 41.524 0.722
48.802 52.609 0.447
17.348 41.700 1.907
10.083 25.702 0.565
26.600 32.861 0.582
4.981 39.105 0.213
42.190 51.288 1.344
0.288 32.548 0.983
46.767 50.772 0.581
37.346 51.779 1.748
41.505 45.852 1.212
39.212 46.831 0.300
34.452 52.879 0.789
5.097 7.211 0.823
34.371 37.950 0.518
11.432 47.324 0.378
38.165 45.383 0.095
2.808 8.833 1.922
28.274 43.284 1.925
43.933 48.076 0.817
20.675 47.523 1.317
47.259 47.837 0.566
30.813 45.403 0.099
21.097 41.121 1.909
10.044 25.219 0.829
31.156 32.871 1.617
5.263 19.050 0.789
15.839 47.798 1.648
15.577 36.881 0.395
23.453 37.382 1.990
18.424 32.246 0.838
29.022 38.275 1.755
19.669 37.573 1.902
