8.977 12.195 0.015
8.369 21.841 0.313
10.034 19.936 0.486
18.130 18.700 0.427
15.423 19.843 0.456
16.128 19.546 1.704
10.779 21.662 1.984
12.937 21.202 0.455
7.421 8.674 0.734
11.226 13.337 0.796
6.499 11.259 1.798
18.804 22.405 0.250
17.879 19.710 0.891
12.695 19.547 1.120
8.473 21.031 0.033
2.792 9.071 0.535
13.633 22.661 1.123
12.145 17.643 1.576
16.368 18.546 1.479
10.331 10.459 0.040
14.966 22.279 0.668
9.245 11.398 1.536
12.619 19.719 0.048
19.382 22.231 1.001
5.319 17.333 1.645
11.944 21.360 0.527
9.201 15.023 1.496
0.290 14.873 0.953
8.078 9.236 0.767
5.777 21.139 1.194
8.643 15.291 1.863
10.663 22.683 0.020
17.304 21.552 0.875
6.659 15.410 1.205
11.192 15.707 0.078
4.661 20.687 1.875
19.282 21.960 1.218
1.529 8.650 0.814
9.972 21.389 0.160
6.085 21.970 1.563
11.769 15.217 0.432
11.214 15.473 1.749
6.028 20.930 1.454
4.622 13.044 0.381
17.807 19.072 1.149
19.905 21.866 0.118
5.139 7.513 0.340
4.630 22.301 0.990
0.986 8.524 0.159
5.595 14.658 1.031
8.245 17.852 1.849
5.843 13.304 0.952
19.026 22.525 1.097
15.889 20.757 1.603
17.402 22.698 0.636
5.358 18.569 1.887
2.553 13.039 1.550
3.518 4.380 0.053
9.096 12.478 1.725
0.289 18.956 0.426
15.944 21.123 1.559
5.975 21.786 1.563
16.843 20.157 0.485
0.460 1.303 0.151
7.124 14.475 1.431
3.609 7.627 0.596
14.898 15.623 0.269
10.512 20.725 0.718
3.176 7.352 1.800
0.585 18.988 0.363
4.984 11.979 1.141
10.799 21.595 1.330
18.650 20.800 1.891
3.065 19.241 1.116
17.903 22.368 0.145
16.448 20.394 0.777
13.439 16.777 0.902
18.989 22.443 1.964
11.896 13.834 0.545
3.959 13.854 1.201
7.107 14.950 0.460
13.836 20.610 1.896
19.651 21.602 0.475
4.716 14.498 1.796
6.529 16.392 1.075
6.731 10.062 0.696
5.803 21.707 0.439
14.794 20.696 1.614
13.734 20.966 0.540
1.288 20.144 1.444
6.831 14.708 0.089
0.416 15.024 1.676
10.811 18.264 1.208
15.547 21.128 1.280
15.199 17.893 1.736
8.470 10.321 1.573
8.767 16.015 0.084
5.385 9.801 0.137
19.641 22.098 1.013
1.420 22.073 0.735
