0.075 13.148 1.127
48.524 56.079 1.170
21.017 55.880 1.792
44.796 60.481 0.348
42.630 49.537 1.027
0.899 23.648 0.183
8.839 62.382 0.332
26.742 27.148 0.238
0.535 34.099 0.756
34.271 52.187 1.204
9.974 34.606 1.326
21.127 46.617 0.114
46.999 56.088 1.605
18.117 51.211 1.752
57.354 61.252 1.851
8.540 22.063 0.924
51.734 60.610 0.419
50.619 62.997 1.994
36.690 44.270 0.785
17.837 20.550 1.680
22.552 50.003 0.185
3.373 58.159 0.018
16.553 44.085 0.546
41.471 57.570 1.675
29.096 54.417 0.411
28.108 61.273 0.916
44.666 55.736 0.217
23.114 47.978 1.470
34.344 39.300 0.723
13.506 53.411 0.850
31.026 55.548 1.980
20.734 48.631 0.338
29.514 52.984 0.127
30.288 61.366 0.295
8.495 46.817 1.810
18.183 22.130 0.853
57.997 59.920 1.366
52.635 59.355 1.643
11.481 53.647 0.356
28.516 46.048 0.311
43.921 49.840 0.811
34.125 56.283 1.364
43.315 46.570 0.951
22.069 25.116 1.669
31.021 45.412 1.326
6.281 58.690 1.899
32.973 47.503 0.692
22.499 36.490 1.694
27.366 62.402 0.544
17.868 44.110 1.478
11.759 55.017 1.523
23.859 58.811 1.002
1.648 37.628 1.989
3.030 15.525 1.063
50.583 59.178 1.254
11.871 19.653 1.684
6.596 25.330 1.486
56.464 59.042 0.572
8.416 54.215 1.466
42.480 58.116 1.200
15.163 15.529 0.289
3.660 54.493 1.612
12.635 40.601 0.231
0.855 29.225 0.228
45.133 55.469 1.372
4.433 16.957 0.873
41.773 51.370 0.581
13.946 40.611 1.156
37.721 50.624 0.320
57.783 62.712 1.392
11.397 21.152 0.672
59.711 62.995 0.915
5.850 12.377 1.250
26.264 29.816 1.863
53.677 56.244 0.580
46.144 50.204 0.821
37.684 49.780 1.208
27.981 50.645 1.196
51.288 59.227 1.658
43.254 51.369 1.132
11.056 40.548 1.476
54.305 56.342 0.486
36.283 52.483 1.397
21.078 25.357 0.989
44.445 56.421 1.224
41.467 46.047 1.609
34.562 60.638 1.735
36.882 39.403 1.455
40.067 48.629 1.953
34.152 39.675 0.612
6.513 54.855 1.738
44.659 50.863 0.310
4.761 42.146 0.153
49.200 55.987 1.090
24.539 42.764 0.597
30.072 40.916 0.305
44.280 59.864 0.628
57.544 61.980 1.747
18.003 25.376 1.888
3.944 35.670 1.570
36.578 40.262 1.912
52.538 56.795 1.308
6.288 19.947 1.010
17.418 43.367 1.840
39.768 51.327 0.229
22.748 54.888 0.994
30.556 53.121 0.765
31.929 44.941 1.213
0.353 7.930 1.416
37.384 50.852 1.726
44.840 52.359 0.994
47.122 53.503 1.106
57.343 59.381 1.262
22.455 52.659 0.263
57.103 58.457 1.224
19.791 47.451 0.112
7.898 55.753 1.694
35.813 59.241 1.443
0.881 44.929 0.253
37.029 39.148 0.435
10.135 28.984 1.248
19.164 48.389 0.735
48.144 56.730 1.614
36.666 60.541 1.596
8.689 31.298 1.260
15.222 56.121 0.273
3.970 38.180 0.856
18.137 29.105 1.096
18.681 54.535 0.221
8.083 51.484 0.568
53.714 61.025 1.579
36.913 59.364 0.722
13.710 26.350 1.727
14.973 62.288 1.085
3.228 34.666 0.163
25.608 35.425 0.189
53.492 55.283 0.466
7.506 13.665 1.863
2.825 23.146 0.117
54.882 58.848 0.797
56.770 60.878 1.674
50.526 56.322 1.387
15.550 40.493 0.009
57.288 59.270 0.797
35.134 54.356 0.510
56.717 62.406 0.871
0.430 38.819 1.882
47.169 50.413 1.153
13.340 14.315 0.766
25.075 50.159 0.164
51.306 60.815 0.130
39.724 58.680 1.383
31.808 37.437 1.371
41.370 58.516 1.456
1.864 41.885 1.737
42.394 53.845 0.171
56.874 58.644 0.118
8.711 43.115 1.964
17.535 35.412 1.845
41.672 45.367 0.437
14.433 58.356 1.043
6.385 32.401 1.805
4.807 16.099 1.564
58.464 62.613 1.552
12.638 13.737 0.913
45.038 52.443 0.228
18.668 22.287 1.985
15.125 27.268 0.379
9.210 56.976 1.241
56.345 61.620 0.391
38.733 60.915 1.314
27.327 51.639 1.843
9.046 40.322 1.273
25.322 46.556 1.886
34.714 42.734 1.073
23.817 25.927 0.701
47.715 49.155 0.393
23.365 27.274 1.181
11.860 44.922 0.312
27.260 52.549 1.209
26.478 41.786 1.369
50.143 53.657 1.184
56.968 60.396 1.752
59.247 62.647 0.371
34.467 52.696 0.884
42.511 48.433 0.099
15.612 58.125 0.815
42.612 61.032 1.457
23.614 59.290 0.795
18.516 44.231 0.776
21.213 52.733 1.467
44.183 48.077 1.479
12.010 46.880 0.545
54.668 59.336 0.736
6.563 19.470 1.815
31.078 45.812 1.310
41.259 43.155 0.181
4.547 25.338 0.056
18.434 25.988 1.395
23.691 50.298 0.136
43.496 57.154 0.397
36.943 51.715 1.310
5.898 9.768 1.091
58.475 62.892 0.928
43.672 57.153 1.062
41.568 50.352 0.744
2.998 14.517 1.620
3.649 50.343 0.621
12.748 37.435 0.644
0.549 32.698 0.880
36.357 47.951 1.517
20.988 60.674 1.685
37.399 40.655 1.995
33.771 46.135 1.727
18.384 20.129 0.568
36.754 38.010 0.782
1.862 54.444 0.911
56.206 61.366 0.804
36.695 59.924 1.617
34.956 38.268 1.190
47.591 57.070 0.924
35.366 58.127 1.138
40.365 41.277 0.687
16.039 27.463 0.683
46.261 60.919 0.743
7.011 42.763 1.451
53.637 58.821 0.366
54.120 62.745 1.560
11.842 53.002 1.803
57.204 62.551 1.698
37.723 53.459 0.371
15.900 50.521 0.501
47.287 58.602 0.342
28.856 56.426 0.163
51.321 55.084 0.249
34.399 56.419 0.946
11.512 62.751 1.456
0.921 44.257 1.295
10.448 25.003 0.144
40.598 53.812 1.678
22.274 32.940 1.559
38.294 43.717 0.463
58.262 58.921 0.563
46.153 47.234 0.304
0.555 41.010 0.697
20.595 38.741 0.829
5.440 46.018 1.090
20.280 57.876 1.315
32.129 34.874 1.140
27.946 43.205 0.520
51.800 53.668 0.973
33.949 56.878 1.419
51.853 56.322 1.701
51.863 60.507 1.290
49.718 61.495 1.531
54.499 59.809 1.825
26.410 39.503 0.215
49.383 52.406 0.855
0.051 49.043 1.315
3.823 26.756 0.180
41.033 45.784 1.615
8.571 27.475 0.097
1.113 41.883 1.957
3.219 41.990 1.828
25.903 34.934 0.042
23.517 54.673 1.308
1.370 11.325 1.652
38.056 62.606 1.101
27.805 38.689 0.430
46.930 55.009 0.685
36.481 62.590 0.205
45.349 53.569 0.302
42.698 58.891 1.997
38.499 61.746 1.242
41.290 53.854 0.580
17.423 50.206 1.096
14.786 39.092 1.093
57.123 61.935 1.340
37.402 58.028 0.892
44.732 50.043 1.978
37.768 53.431 1.820
55.104 59.484 1.011
26.983 60.959 1.779
10.976 21.939 0.504
43.829 56.518 1.882
2.481 5.808 1.283
33.381 47.204 1.089
3.682 12.998 1.992
36.055 40.794 0.101
39.614 47.458 0.665
39.215 49.853 0.821
13.298 22.702 1.357
29.853 56.661 1.015
26.104 38.636 0.009
22.554 56.060 0.257
43.998 56.858 1.782
39.036 56.898 1.029
44.230 53.996 1.914
21.796 59.093 0.224
49.273 51.576 0.910
