16.491 33.162 1.849
11.686 24.833 0.952
38.053 42.364 1.097
31.777 39.083 1.603
34.803 42.540 0.636
10.717 34.452 1.887
5.105 23.842 1.550
7.036 8.585 0.053
18.191 23.058 1.725
0.579 35.379 0.426
31.888 39.738 1.559
11.950 40.685 1.563
33.685 38.574 0.485
0.920 2.367 0.151
14.248 26.875 1.431
7.217 14.221 0.596
29.796 30.818 0.269
21.025 38.891 0.718
6.353 12.746 1.800
1.169 35.456 0.363
9.969 22.173 1.141
21.597 40.406 1.330
37.301 39.592 1.891
6.129 35.858 1.116
35.806 42.100 0.145
32.897 38.792 0.777
26.878 32.063 0.902
37.978 42.169 1.964
23.792 26.800 0.545
7.918 25.631 1.201
14.213 28.226 0.460
27.672 38.583 1.896
39.303 41.433 0.475
9.433 26.617 1.796
13.058 30.610 1.075
13.461 19.038 0.696
11.607 40.611 0.439
29.587 38.876 1.614
27.468 39.505 0.540
2.577 37.506 1.444
13.663 27.916 0.089
0.831 27.553 1.676
21.623 34.301 1.208
31.095 39.778 1.280
30.398 33.850 1.736
16.940 19.038 1.573
17.535 30.469 0.084
10.771 18.765 0.137
39.282 41.960 1.013
2.841 41.247 0.735
34.403 36.994 0.675
11.581 42.772 0.102
6.898 14.953 0.138
12.037 32.702 1.574
3.347 9.213 0.526
8.701 15.740 1.125
25.291 33.443 0.214
30.354 31.709 0.668
11.300 39.158 1.389
22.703 25.948 1.737
31.816 39.648 1.999
24.754 36.060 1.190
7.770 17.431 1.958
1.692 12.587 0.478
16.272 24.712 1.590
36.002 41.300 0.759
8.260 29.305 0.106
14.159 33.668 0.722
39.042 42.634 0.447
13.879 33.886 1.907
8.067 20.848 0.565
21.280 26.512 0.582
3.984 31.722 0.213
33.752 41.571 1.344
0.231 26.479 0.983
37.413 41.027 0.581
29.876 42.002 1.748
33.204 37.033 1.212
31.369 37.818 0.300
27.562 42.900 0.789
4.077 5.946 0.823
27.497 30.548 0.518
9.146 38.387 0.378
30.532 36.606 0.095
2.246 7.469 1.922
22.619 35.136 1.925
35.146 38.800 0.817
16.540 38.559 1.317
37.808 38.384 0.566
24.650 36.723 0.099
16.878 33.411 1.909
8.035 20.489 0.829
24.925 26.622 1.617
4.210 15.520 0.789
12.671 38.799 1.648
12.461 29.878 0.395
18.763 30.391 1.990
14.739 26.131 0.838
23.217 31.055 1.755
15.735 30.551 1.902
16.744 37.410 1.217
3.346 11.831 0.302
3.494 22.469 0.635
25.166 27.193 0.666
24.581 29.957 0.286
32.999 42.949 0.878
8.838 26.671 0.215
10.584 29.270 0.015
30.822 42.632 0.215
14.777 30.366 1.808
8.907 25.535 0.605
12.425 36.002 0.829
33.664 38.101 0.778
28.967 31.585 1.470
3.269 37.151 1.506
25.512 34.197 0.719
3.776 11.838 0.831
13.725 21.846 1.827
12.412 23.062 0.309
7.291 15.078 0.545
6.898 9.887 0.671
20.076 38.995 1.927
17.858 23.864 1.826
19.277 36.149 0.944
9.944 20.469 1.873
11.982 37.702 1.645
25.196 26.903 1.590
10.439 41.496 0.579
34.378 40.781 1.035
10.247 27.274 1.842
3.742 8.278 1.652
11.305 31.967 0.768
20.604 24.497 0.863
38.999 39.168 0.149
36.592 41.634 0.823
7.506 22.642 0.203
27.118 40.394 1.055
33.487 38.511 0.543
34.818 42.770 0.298
21.535 23.380 0.441
8.185 15.220 0.395
7.981 29.543 1.914
29.552 38.883 0.589
31.445 42.305 1.843
33.773 35.209 0.518
2.476 10.026 1.808
35.710 42.715 0.719
15.263 34.460 0.663
35.502 39.181 0.760
26.986 34.994 0.534
21.114 38.824 1.604
29.853 40.904 0.973
22.362 29.891 0.558
2.166 33.750 1.823
14.739 21.155 0.565
12.983 39.458 0.100
9.953 15.431 0.808
35.011 41.535 1.216
7.874 34.847 0.903
17.333 38.232 1.273
6.978 41.698 0.645
28.376 41.049 0.395
1.892 4.807 1.486
5.233 26.180 0.165
22.758 28.021 1.066
3.087 6.230 0.609
16.451 23.333 0.267
32.826 36.304 1.018
39.518 41.552 1.833
11.377 27.017 1.414
11.790 28.506 0.689
32.445 34.120 1.034
33.169 35.182 1.109
20.383 37.262 1.893
18.957 41.123 0.903
21.954 40.651 0.731
26.389 34.938 0.245
4.497 25.791 0.560
31.651 41.495 0.738
29.774 35.125 0.928
17.684 28.007 1.172
25.282 34.409 1.115
33.467 33.927 0.371
4.370 13.001 0.081
10.238 33.661 0.821
17.709 31.590 0.266
34.271 37.437 1.613
36.953 38.356 0.627
24.274 42.169 0.021
21.490 22.521 0.774
9.483 30.062 1.771
6.104 25.866 0.033
36.669 39.102 1.305
16.222 20.566 1.932
15.983 25.715 1.012
13.136 21.562 1.251
11.598 39.926 1.067
19.123 35.444 0.656
18.414 29.246 1.166
36.892 41.033 0.242
