100.516 108.218 0.653
104.588 109.405 1.684
77.742 92.708 0.272
28.568 108.713 1.889
28.132 44.190 0.804
45.454 63.289 1.666
48.556 74.177 1.416
34.477 111.676 1.997
4.049 108.216 1.960
82.905 90.310 0.539
64.009 73.964 0.025
101.299 109.782 0.388
83.654 108.836 0.798
88.361 112.137 0.463
74.516 85.284 0.825
0.238 48.859 0.040
90.167 98.155 0.488
6.375 10.912 0.251
107.546 109.245 1.037
6.429 70.394 1.462
69.628 85.342 0.623
14.126 105.194 0.418
99.640 108.352 0.298
57.765 101.166 0.321
80.062 108.447 1.469
67.557 92.978 1.685
9.682 87.386 1.229
10.558 47.984 1.250
67.641 86.979 1.475
68.171 100.790 1.635
3.710 64.516 0.104
53.562 58.755 1.016
87.729 90.172 1.959
69.611 103.813 1.194
6.560 39.901 0.057
66.818 85.185 1.238
83.489 107.366 1.938
108.016 111.224 1.630
60.715 88.728 0.258
67.057 96.511 1.847
30.005 68.525 1.017
65.254 88.697 1.769
17.598 65.152 1.503
86.044 108.685 1.469
96.619 103.814 1.281
29.112 83.681 0.095
1.685 106.152 1.644
83.583 94.688 1.919
95.360 100.136 0.136
19.451 56.995 1.439
62.720 83.820 1.315
1.628 109.484 1.005
68.272 105.531 1.016
94.433 96.154 0.931
16.308 103.950 1.374
11.139 12.382 0.806
71.424 112.921 1.923
35.867 107.192 0.917
88.330 98.772 0.504
68.185 95.116 1.639
18.423 93.903 0.703
67.755 106.494 1.514
63.273 109.205 0.414
40.912 103.386 0.883
61.293 76.042 1.029
47.052 93.156 0.499
82.049 97.795 1.079
73.905 96.368 0.853
61.427 110.664 0.002
10.759 101.837 1.221
19.367 23.392 1.445
31.512 47.256 0.917
58.553 112.387 1.327
68.393 84.963 0.212
36.179 55.863 0.048
106.703 110.243 0.032
70.427 91.353 0.982
103.850 112.543 1.205
7.338 74.284 0.982
6.999 9.571 0.900
31.086 48.745 1.342
25.809 72.249 1.216
89.942 104.188 1.652
14.093 94.113 1.922
70.535 80.831 0.670
40.691 57.782 1.416
22.499 109.674 1.743
8.634 16.311 0.138
73.586 97.663 1.932
37.196 91.437 0.445
80.435 110.024 1.862
86.836 89.450 1.345
40.741 80.791 1.862
86.578 111.822 0.877
68.054 76.098 1.264
70.387 101.167 0.581
78.874 98.190 0.218
47.623 86.140 0.515
42.386 45.808 1.121
106.301 110.897 1.154
4.566 74.630 0.172
60.467 66.901 1.206
29.226 107.586 0.764
98.190 100.863 1.415
27.907 112.364 1.760
28.270 44.467 0.863
6.610 85.879 1.333
55.609 90.304 1.450
79.498 103.558 1.341
90.818 96.334 1.386
56.113 110.061 0.270
92.953 100.728 0.895
18.601 72.704 0.992
79.132 90.569 0.153
87.243 109.540 1.109
74.523 79.079 0.040
45.132 79.245 0.790
65.147 81.439 1.796
25.255 88.290 1.976
57.315 62.345 1.432
33.349 95.963 1.898
105.468 108.442 1.920
87.706 90.060 1.257
98.069 110.565 0.147
80.096 103.132 1.422
83.365 89.013 1.478
60.020 71.440 1.863
26.161 83.713 1.928
105.314 109.777 0.943
57.979 105.371 1.470
55.455 65.925 0.525
58.923 84.025 1.373
27.719 93.080 1.684
44.840 61.590 0.664
19.689 110.906 1.568
0.869 10.463 1.362
3.451 38.619 0.250
76.772 84.236 0.028
25.440 56.928 1.591
103.541 108.518 1.909
50.436 86.728 1.862
19.209 48.375 0.548
47.317 57.838 0.499
7.328 63.872 1.627
86.350 92.257 1.037
99.043 109.429 0.136
52.336 85.179 1.311
52.051 95.172 1.996
32.959 71.309 0.644
80.972 104.180 0.307
86.319 105.182 0.203
57.681 77.849 1.615
24.701 36.575 1.286
30.529 84.406 0.304
91.526 109.275 1.203
81.878 106.941 0.636
44.189 57.933 1.921
47.774 54.766 1.381
15.838 75.374 0.984
15.845 111.007 0.554
12.643 31.816 1.684
40.707 109.497 0.905
58.809 75.541 0.197
105.122 111.336 1.554
97.878 101.079 1.839
2.521 108.693 0.989
74.842 95.606 0.768
26.776 38.056 0.592
67.775 79.402 1.793
101.722 110.593 1.325
68.896 97.237 1.620
39.704 58.319 0.405
92.037 101.801 0.112
59.161 96.438 0.909
34.964 48.095 0.222
79.458 111.904 0.633
59.950 76.230 0.485
91.100 106.572 0.361
82.637 85.257 0.445
94.245 97.579 1.241
37.115 106.865 1.566
32.281 63.103 1.497
92.124 95.331 0.121
23.664 73.452 1.428
28.810 77.316 0.623
18.182 61.331 1.872
62.975 80.912 0.779
76.688 98.323 0.217
22.908 101.313 1.953
0.406 108.387 0.960
66.862 97.981 0.964
40.486 61.943 1.903
20.092 109.823 1.984
44.340 68.553 1.672
89.700 112.484 1.605
36.689 108.862 0.554
34.218 63.681 0.000
3.095 54.881 1.885
103.450 109.897 0.842
26.561 72.429 0.750
100.641 105.566 0.446
76.883 85.260 1.685
102.907 106.451 0.777
41.755 53.747 0.749
55.267 96.255 1.717
81.737 91.517 1.004
7.745 67.321 1.558
92.107 101.265 1.263
2.219 62.573 1.413
36.796 53.159 1.337
45.226 53.778 1.260
77.118 103.624 0.038
22.865 66.914 0.948
4.126 82.379 0.227
83.778 110.399 0.986
82.650 101.485 1.422
44.044 79.317 1.497
30.156 107.470 0.210
72.817 110.377 1.623
69.370 97.569 1.105
68.326 91.595 0.180
102.803 108.139 0.907
59.121 74.713 1.699
104.568 108.785 1.229
34.060 91.652 0.447
93.339 104.422 1.937
65.063 107.725 0.780
33.849 59.318 0.042
58.117 69.730 1.593
37.085 73.239 1.368
58.980 112.779 1.829
74.321 107.082 1.296
109.006 112.567 1.329
61.957 107.961 1.352
83.070 90.423 0.984
15.771 108.367 1.564
83.305 98.197 0.370
98.939 108.021 1.677
109.043 111.361 0.183
51.473 103.381 0.678
103.168 112.566 0.954
3.572 32.280 0.886
16.893 58.266 1.069
45.112 92.467 1.464
27.679 90.677 0.248
2.498 86.435 1.670
37.092 76.045 1.619
35.444 90.608 1.962
85.950 104.446 0.561
4.116 60.726 0.220
71.505 73.955 1.939
105.233 106.599 0.329
84.698 107.553 1.322
107.425 112.413 0.221
103.350 112.679 0.651
106.012 110.527 1.601
88.156 106.128 0.742
78.108 80.042 1.179
1.517 102.127 0.316
5.271 101.442 0.501
23.130 28.889 0.104
15.946 39.654 1.768
49.573 109.248 1.328
27.585 105.765 1.499
7.009 16.688 0.627
92.584 99.776 1.882
64.687 85.498 0.725
36.286 53.646 0.283
61.498 111.270 1.824
43.709 86.994 0.086
86.924 90.045 1.342
77.208 98.563 1.852
19.974 111.987 1.310
34.796 106.525 0.142
64.099 110.846 1.745
101.111 111.895 1.405
51.205 61.425 0.984
64.321 65.855 1.313
82.553 86.233 0.401
16.295 49.964 1.225
77.266 88.391 1.529
73.670 98.614 0.113
109.174 110.312 0.492
68.010 73.550 1.731
48.472 66.526 0.166
17.685 110.919 0.217
24.949 111.012 0.842
56.180 62.758 1.898
13.146 71.805 1.598
84.987 96.857 0.187
15.385 20.086 1.367
28.055 68.297 1.225
75.003 91.721 1.085
102.074 108.766 1.727
8.067 58.664 0.504
77.329 108.335 0.445
55.989 57.744 1.585
70.327 104.717 0.144
92.741 95.393 1.047
16.251 51.228 1.156
57.392 66.651 1.894
99.932 112.018 1.701
64.150 95.229 1.837
72.381 80.606 1.571
87.024 101.139 1.739
39.778 60.154 1.553
22.996 94.877 1.727
76.436 78.744 0.563
55.280 61.930 0.738
37.458 76.967 0.953
65.338 92.614 1.277
52.900 70.320 1.202
67.909 108.429 1.178
18.363 88.615 1.415
5.650 31.079 0.610
9.890 37.398 1.965
8.289 54.993 1.558
87.944 89.704 0.522
24.030 40.468 0.858
79.867 105.179 0.814
97.018 103.696 0.808
66.254 81.201 1.064
102.658 108.292 1.653
17.739 78.115 0.321
101.668 108.530 0.148
48.798 94.645 0.200
21.985 47.257 0.082
87.951 91.598 1.028
94.457 110.779 0.510
92.711 111.662 0.319
91.902 104.034 1.558
37.075 75.849 1.242
100.711 112.332 0.459
42.413 80.805 0.305
98.160 104.350 0.035
53.515 82.331 0.435
105.878 111.561 0.568
13.760 54.397 0.877
49.436 61.907 0.012
80.847 101.359 0.451
73.935 108.347 1.153
20.713 101.680 0.701
95.313 102.574 1.755
66.379 93.102 1.693
14.999 66.029 1.347
33.671 60.379 0.962
10.454 15.191 0.182
41.486 55.004 0.496
84.970 103.685 0.407
53.471 110.024 1.074
15.375 25.053 0.847
85.309 100.958 0.855
94.920 106.270 1.226
60.128 76.908 1.227
29.018 71.868 1.454
58.298 100.182 0.708
63.240 104.728 0.968
80.391 100.137 0.454
3.532 74.668 0.352
37.297 63.259 1.957
88.122 98.565 0.773
13.176 32.632 1.901
86.524 94.449 0.430
18.585 76.420 0.413
73.378 83.342 1.461
6.919 21.031 1.993
71.082 85.342 1.867
40.560 87.075 0.856
5.287 56.458 1.180
37.935 74.889 1.186
68.943 93.923 0.164
62.538 108.539 1.395
103.377 110.406 1.938
33.822 50.291 0.981
107.036 111.025 0.905
91.295 102.581 0.315
2.837 61.903 0.938
71.021 110.073 0.905
32.785 89.482 1.662
1.856 26.711 1.604
31.519 52.758 1.686
10.501 15.396 0.124
68.463 108.810 0.518
94.178 108.163 0.337
109.204 110.265 0.770
80.757 84.308 1.403
99.848 108.963 1.614
72.153 72.605 0.118
102.030 105.806 1.284
12.058 70.699 0.069
19.612 73.172 1.165
16.654 64.328 1.753
19.874 83.133 0.808
101.117 103.678 1.696
90.660 112.399 0.396
49.063 75.520 1.355
39.489 92.669 0.902
50.137 99.153 1.173
19.743 95.944 0.822
56.908 61.036 1.057
61.199 95.077 0.026
59.416 95.920 0.864
106.734 109.817 0.308
28.142 106.250 0.532
102.014 108.502 0.859
17.463 30.176 0.528
79.740 86.022 1.358
55.643 98.893 0.494
22.905 91.294 1.916
57.758 63.661 0.705
81.532 95.038 0.064
8.493 55.968 0.379
3.139 45.418 0.430
86.189 92.996 0.238
77.450 94.355 1.146
21.586 101.612 1.391
39.398 51.019 0.421
8.231 40.654 1.633
60.202 89.672 1.537
40.150 62.975 1.095
102.531 112.334 0.895
19.951 73.130 0.937
71.804 99.844 1.933
10.736 96.617 0.750
109.799 110.556 0.111
51.856 66.841 1.822
108.036 110.478 0.753
55.217 77.975 1.565
25.342 33.669 0.848
39.697 54.003 0.565
25.644 36.363 1.956
19.387 60.220 1.076
16.735 95.527 0.617
1.266 23.201 1.608
67.711 96.085 1.129
42.732 78.051 1.814
100.426 108.238 1.750
53.249 103.761 0.392
37.357 71.173 1.310
0.869 20.539 1.470
83.879 95.996 1.307
7.184 51.872 1.139
45.270 86.993 0.966
17.326 93.800 0.726
7.218 27.599 1.735
108.637 112.944 0.291
91.194 97.775 1.565
6.076 91.227 1.961
22.227 63.911 0.219
28.582 88.748 1.270
84.829 112.562 1.193
1.581 42.445 0.998
21.425 95.515 1.664
91.147 92.460 1.261
96.381 101.385 1.633
7.704 104.245 1.093
45.159 107.183 1.238
86.652 93.130 1.710
22.073 71.337 1.361
22.193 97.207 1.353
19.414 101.823 1.427
94.165 105.197 1.201
104.988 112.974 1.885
68.265 101.375 0.761
72.213 107.077 1.525
92.486 97.855 0.428
66.473 108.288 1.877
9.813 32.804 0.004
91.395 104.225 0.504
33.731 39.928 1.932
48.506 85.652 0.518
81.851 110.601 0.295
101.617 103.355 1.201
18.527 66.823 0.294
22.261 93.834 0.508
42.718 107.775 1.361
13.324 77.974 0.762
46.874 63.212 1.472
93.225 101.772 0.174
79.642 100.769 1.801
101.601 103.917 1.272
83.775 86.185 0.978
8.164 104.748 1.113
54.179 94.738 1.994
107.586 112.005 1.517
23.660 100.822 1.560
74.301 82.323 0.804
109.151 111.539 0.741
80.414 85.470 1.811
72.707 98.303 0.105
35.880 74.135 0.639
103.585 111.535 1.842
82.372 99.925 0.832
33.043 82.258 0.428
98.643 112.677 0.789
17.242 40.762 1.773
5.130 10.347 0.389
98.002 101.350 1.645
97.297 102.728 0.365
1.333 58.218 0.677
29.881 67.313 1.077
102.400 103.228 0.822
6.486 41.873 0.302
16.896 63.798 1.835
9.171 89.092 0.750
56.955 59.967 1.568
100.463 109.161 1.393
47.482 67.666 1.813
63.223 98.246 0.733
10.877 60.200 1.283
1.769 91.544 0.933
57.697 98.267 0.480
8.611 70.661 1.746
91.708 94.677 0.737
94.343 103.227 0.388
24.097 71.959 1.066
22.062 69.239 0.441
86.464 103.914 0.663
31.214 45.578 1.547
90.106 108.151 1.466
47.207 81.212 0.513
73.160 82.365 1.062
12.257 67.998 1.572
71.408 79.434 0.967
17.067 66.027 1.314
36.776 84.775 1.902
2.182 22.602 0.408
13.462 59.686 1.588
50.181 58.583 1.905
88.690 92.577 0.894
34.144 43.895 0.967
37.676 76.058 0.222
53.041 104.733 1.490
103.679 108.467 1.048
69.293 76.622 1.544
77.756 98.041 0.765
86.783 112.044 0.167
63.576 96.185 1.675
27.508 34.018 0.887
52.857 60.943 0.423
50.856 61.710 0.931
31.559 93.394 1.538
109.748 112.714 1.364
89.102 109.139 1.377
41.547 100.022 0.870
56.224 96.314 1.837
47.156 105.438 0.676
15.943 111.229 0.008
48.110 99.804 0.486
29.434 64.066 1.712
