55.134 66.942 0.283
57.283 61.411 0.842
59.974 65.301 1.527
5.456 20.888 0.121
35.885 57.758 0.833
34.866 52.152 1.837
15.074 67.914 1.130
37.830 45.807 1.206
44.191 67.565 0.904
21.666 49.251 1.150
47.342 52.417 1.930
20.461 20.715 0.072
27.906 36.302 0.280
43.612 70.308 0.040
53.433 61.676 1.734
34.717 51.015 1.144
55.809 60.264 0.336
37.565 62.744 0.668
30.953 51.572 1.523
3.824 68.103 1.038
31.735 41.674 1.285
18.099 72.852 1.550
28.932 37.723 0.450
59.071 68.542 0.932
1.137 13.678 0.657
69.436 72.251 1.998
59.586 67.003 0.150
60.654 66.557 1.378
41.598 63.603 1.429
20.305 53.741 1.736
30.468 67.766 1.307
38.535 44.511 0.266
23.865 68.880 1.261
24.597 56.268 0.886
1.045 40.512 0.413
63.568 66.973 1.626
54.986 60.604 1.261
15.559 46.561 0.498
52.777 55.144 1.654
54.232 58.544 1.934
0.090 49.708 1.728
26.396 62.778 0.817
6.738 31.855 1.860
59.304 70.375 1.643
14.394 60.773 1.298
45.072 59.727 1.484
27.885 51.289 1.465
51.733 64.845 0.593
61.968 70.997 0.944
66.112 72.237 0.842
39.985 71.658 1.406
54.078 64.447 1.015
2.850 33.902 1.259
57.236 66.678 0.547
40.303 70.959 0.897
50.790 59.566 0.793
45.076 66.889 0.461
13.627 46.323 0.668
8.094 30.660 0.022
17.671 43.618 0.698
63.151 68.380 1.560
27.656 56.313 1.458
25.971 33.397 0.087
13.809 21.875 0.249
29.560 63.152 0.121
56.849 65.980 0.994
8.186 22.295 1.656
36.298 67.229 1.920
60.880 67.776 1.060
17.945 58.695 0.865
4.950 9.419 1.215
3.078 49.861 0.362
15.014 64.688 1.920
29.850 45.711 1.098
56.759 58.085 0.416
54.191 70.538 0.329
11.173 65.421 1.047
33.256 35.997 0.507
7.877 15.506 0.804
66.749 69.558 2.000
59.113 70.206 0.125
9.810 72.793 1.667
3.001 18.323 0.003
43.965 64.363 1.388
29.214 63.993 1.484
28.577 51.395 0.671
46.153 62.347 0.274
63.542 71.319 0.512
39.987 59.111 1.643
12.662 64.568 0.892
45.885 52.219 1.387
45.708 55.921 1.029
44.499 71.384 1.501
63.766 70.841 0.907
55.885 62.656 0.750
56.255 58.424 0.009
22.369 39.116 0.636
47.513 65.713 1.796
34.963 66.076 0.734
4.849 71.971 1.546
48.836 55.557 0.135
47.345 54.297 1.984
25.591 37.090 0.116
13.967 69.479 0.883
37.471 46.432 1.391
39.806 64.890 0.825
4.950 71.552 1.595
38.742 42.142 0.748
38.118 56.305 1.324
49.030 57.878 1.107
27.637 31.406 0.316
13.025 18.493 0.583
46.608 64.260 1.434
43.232 45.438 1.680
54.040 72.797 1.325
12.023 65.635 0.355
67.815 69.972 1.150
61.032 71.098 0.374
13.442 39.795 0.913
26.761 46.357 1.636
18.596 30.943 0.898
40.404 60.129 0.409
55.977 66.015 1.770
30.722 69.456 1.645
2.239 59.983 1.329
48.090 51.732 0.485
2.408 63.371 0.893
3.978 62.214 0.923
50.880 57.825 0.143
32.258 41.799 1.733
45.879 55.058 0.193
35.099 59.855 0.356
7.556 43.783 0.954
6.253 67.927 1.711
34.631 66.236 0.717
26.176 56.714 0.201
44.403 54.620 1.619
66.225 71.485 0.644
19.803 35.348 0.455
31.256 43.243 0.833
38.539 68.922 0.487
30.438 67.813 0.094
27.336 37.946 0.629
53.518 68.282 1.876
52.262 62.403 1.987
63.140 65.807 1.231
58.069 64.391 0.446
51.483 64.585 1.424
69.069 72.789 0.005
40.696 55.087 0.917
25.076 54.261 1.209
29.573 34.077 0.027
42.074 45.957 0.483
2.912 17.071 0.771
2.324 22.200 1.761
53.363 54.872 1.133
16.405 64.738 1.683
7.268 54.401 1.411
3.681 65.996 0.175
64.779 69.130 0.681
52.115 56.315 1.538
48.938 59.823 1.063
16.375 23.383 1.635
37.620 67.304 1.515
59.186 67.030 0.547
44.369 62.339 0.715
67.945 72.638 1.446
68.671 70.080 1.333
41.198 52.936 1.642
51.258 61.056 1.015
0.743 41.009 1.116
34.728 48.646 1.826
19.188 40.309 1.459
22.720 72.556 1.090
63.078 65.929 0.436
20.867 28.737 1.723
62.318 71.807 0.464
38.477 71.200 0.481
31.002 33.158 1.501
30.252 44.609 1.418
46.840 51.288 0.360
30.855 69.762 0.378
69.897 71.751 1.617
40.788 54.896 1.858
60.017 63.690 0.219
18.430 37.879 1.343
69.827 72.194 1.013
38.960 59.044 1.395
20.461 72.861 1.767
5.134 19.564 1.712
33.777 59.199 0.319
46.133 68.197 1.283
61.534 71.633 1.282
67.595 69.522 1.852
2.831 63.091 1.728
47.665 62.592 1.503
39.299 61.168 0.509
68.562 72.308 0.479
67.340 70.549 0.788
50.107 69.155 1.609
61.675 63.067 0.060
9.244 16.151 0.208
68.139 71.959 0.761
36.832 43.298 0.283
50.256 62.772 1.722
38.302 65.321 0.531
26.905 63.674 0.488
47.398 67.060 0.283
21.451 41.852 1.106
10.382 20.953 1.404
69.688 72.630 1.690
10.931 49.757 0.471
8.423 30.128 1.092
61.976 70.498 1.643
42.679 45.915 0.656
48.904 57.828 1.614
50.466 59.683 1.486
67.394 68.805 1.303
34.311 46.563 0.238
37.537 56.111 1.641
11.320 34.261 1.346
2.707 7.253 0.229
42.707 48.907 1.109
55.215 57.886 1.043
3.036 18.804 1.398
60.455 72.075 1.980
2.566 56.228 0.203
15.176 67.718 0.108
56.913 63.095 0.995
22.901 65.778 1.297
20.562 49.302 1.295
38.825 50.190 0.670
28.090 36.754 1.038
26.710 46.455 0.307
3.283 22.296 1.637
9.936 56.704 0.074
55.366 72.577 1.323
56.791 60.046 1.663
66.800 70.105 1.602
5.121 53.123 0.026
42.784 72.327 1.718
22.179 65.371 1.787
1.908 5.343 1.274
40.812 43.730 0.030
24.557 28.040 1.636
61.722 62.797 0.415
24.138 37.476 0.909
62.111 66.743 0.095
19.897 59.231 1.231
62.418 68.652 1.640
32.553 49.635 1.215
13.807 59.331 0.397
49.323 54.431 0.747
68.191 71.273 0.617
26.422 48.320 0.392
8.881 19.129 0.589
38.962 58.048 1.472
1.935 24.820 1.142
23.833 43.519 1.852
14.790 70.854 0.434
4.480 27.116 0.722
28.639 63.644 0.275
31.299 66.972 1.580
52.858 60.081 0.472
31.143 58.971 0.302
52.369 59.046 1.208
18.423 65.794 1.050
51.094 51.838 0.380
21.581 52.485 0.872
24.990 56.551 0.548
26.680 46.136 0.657
65.744 70.365 1.734
57.870 64.446 1.666
49.374 59.166 1.228
16.390 48.664 1.577
11.863 32.346 0.853
19.408 24.159 1.993
64.937 72.212 1.206
0.929 34.630 1.019
38.274 65.209 0.410
3.228 29.687 1.961
58.312 64.236 1.156
2.256 30.586 0.783
57.163 63.923 1.501
48.250 70.820 0.861
26.977 65.064 1.342
26.808 45.526 0.078
53.681 60.413 0.858
10.081 66.014 0.652
8.646 54.516 0.841
15.821 54.306 0.530
35.824 67.673 0.898
47.898 58.786 0.973
34.215 54.404 1.334
39.169 45.292 0.317
59.921 64.042 1.282
49.964 59.886 1.140
37.122 68.394 0.618
56.729 69.584 1.372
32.044 34.085 1.694
69.404 71.697 1.539
66.887 72.082 0.057
6.402 24.024 0.592
0.649 24.143 0.503
26.702 68.724 1.879
69.669 71.677 1.140
32.794 54.291 0.984
10.752 71.312 1.013
50.594 57.252 0.724
3.653 70.802 1.341
5.642 32.258 1.693
24.960 72.907 1.984
63.809 72.202 1.745
42.068 53.772 0.466
32.070 40.033 0.843
31.692 45.142 0.102
55.324 57.864 1.140
21.649 52.940 1.682
61.692 70.565 0.140
5.841 37.886 1.103
65.610 72.624 1.647
59.372 71.407 0.397
8.663 10.708 1.154
52.282 67.880 1.226
66.486 70.991 1.590
25.255 56.766 1.205
29.731 36.450 0.245
47.419 70.424 1.679
22.126 66.104 0.403
4.055 49.202 0.060
2.316 42.724 0.036
19.218 60.411 1.822
32.767 51.075 1.059
63.651 72.377 1.876
11.762 21.555 0.413
20.921 59.756 1.740
7.710 47.605 0.850
62.946 71.136 0.747
51.718 62.903 0.946
38.827 63.439 1.894
29.154 62.850 0.953
57.097 70.778 0.959
46.804 63.553 1.699
19.419 32.780 0.551
13.429 51.079 0.215
2.871 50.690 1.998
11.570 15.562 0.360
66.163 71.117 0.662
41.198 56.246 1.599
21.972 49.455 1.729
