2.654 8.687 0.994
3.565 8.232 0.765
3.725 6.938 1.213
0.041 2.317 1.416
4.361 8.011 1.726
5.231 7.660 0.994
5.498 7.816 1.106
6.690 8.313 1.262
2.620 8.173 0.263
6.662 7.945 1.224
2.309 7.265 0.112
0.921 8.998 1.694
4.178 9.361 1.443
0.103 7.183 0.253
4.320 5.101 0.435
1.182 5.012 1.248
2.236 7.617 0.735
5.617 8.689 1.614
4.278 9.590 1.596
1.014 5.383 1.260
1.776 8.849 0.273
0.463 6.296 0.856
2.116 4.743 1.096
2.179 8.541 0.221
0.943 8.201 0.568
6.267 9.448 1.579
4.307 9.287 0.722
1.599 4.858 1.727
1.747 9.891 1.085
0.377 5.503 0.163
2.988 4.943 0.189
6.241 7.189 0.466
0.876 3.321 1.863
0.330 3.661 0.117
6.403 8.412 0.797
