58.063 102.020 1.604
82.096 107.846 0.973
61.494 79.740 0.558
5.955 88.052 1.823
40.533 56.287 0.565
35.702 103.861 0.100
27.370 40.466 0.808
96.280 109.646 1.216
21.653 91.454 0.903
47.667 100.480 1.273
19.189 109.571 0.645
78.034 108.260 0.395
5.203 10.522 1.486
14.392 68.965 0.165
62.585 74.453 1.066
8.490 15.796 0.609
45.239 62.494 0.267
90.271 97.123 1.018
108.674 110.811 1.833
31.288 70.517 1.414
32.422 75.061 0.689
89.223 91.789 1.034
91.214 94.466 1.109
56.052 97.756 1.893
52.131 108.136 0.903
60.373 106.999 0.731
72.569 93.204 0.245
12.367 67.613 0.560
87.041 109.422 0.738
81.878 93.665 0.928
48.630 73.756 1.172
69.524 91.082 1.115
92.033 92.604 0.371
12.018 34.477 0.081
28.155 88.432 0.821
48.701 83.804 0.266
94.245 99.600 1.613
101.621 103.788 0.627
66.755 110.946 0.021
59.097 60.529 0.774
26.077 78.297 1.771
16.785 68.295 0.033
100.839 104.581 1.305
44.612 52.995 1.932
43.954 67.778 1.012
36.125 56.340 1.251
31.895 104.890 1.067
52.588 93.554 0.656
50.638 77.063 1.166
101.453 109.210 0.242
16.355 27.578 0.495
11.223 95.575 1.379
53.981 92.860 0.907
46.035 53.832 1.280
91.365 110.450 0.737
57.204 80.391 1.925
79.827 93.027 1.261
89.475 92.575 1.705
81.794 89.700 0.725
90.086 97.501 1.567
61.954 68.602 0.349
83.281 92.182 0.828
18.806 42.356 1.088
35.047 86.497 0.450
76.826 100.576 1.340
6.164 107.929 0.659
35.276 48.457 0.615
40.540 110.204 0.553
25.983 80.550 0.522
83.164 92.099 1.166
78.336 103.284 0.676
2.373 72.663 1.401
13.901 52.540 1.440
57.634 91.112 1.728
54.468 93.808 0.062
60.883 91.024 0.699
84.070 84.134 0.045
60.165 76.151 1.496
87.343 106.375 1.670
32.610 65.856 1.077
11.196 21.745 0.779
73.502 100.893 0.324
73.784 108.782 1.477
83.224 91.950 1.139
12.260 86.290 0.534
107.523 109.466 0.976
88.132 97.598 1.226
53.088 76.726 1.997
104.280 109.939 0.441
63.327 109.538 0.291
50.372 54.641 1.285
72.133 77.555 1.485
71.582 81.594 0.399
80.535 105.506 1.989
98.264 111.524 1.095
95.575 108.464 1.232
80.418 105.131 0.304
16.805 76.228 0.809
78.847 109.297 1.660
7.009 71.301 0.790
53.689 99.087 0.903
63.666 92.711 0.671
39.637 46.990 1.499
10.521 16.983 1.994
43.635 72.545 0.216
47.730 77.594 0.539
24.748 81.570 0.523
98.240 105.840 1.758
45.286 110.607 0.464
81.331 104.418 0.683
66.372 108.199 1.243
75.073 79.620 0.471
58.483 90.064 1.431
1.662 53.258 1.022
106.794 111.683 1.779
27.041 50.116 0.207
51.292 55.474 1.214
42.480 112.871 0.233
81.391 81.612 0.082
74.828 102.363 1.913
82.597 103.309 0.282
67.403 111.938 1.326
7.822 98.666 1.815
69.135 95.119 1.778
16.742 72.750 1.797
28.924 81.628 0.351
91.775 110.189 1.341
49.338 92.031 1.966
77.964 106.574 0.116
82.160 108.243 1.948
34.554 50.862 0.235
32.097 100.556 1.896
27.474 101.612 0.432
47.398 108.354 0.411
82.865 94.645 0.780
61.377 110.032 1.261
80.988 94.332 1.472
60.521 94.206 1.960
36.044 84.642 0.860
76.524 101.229 0.980
29.518 35.156 0.209
15.375 33.719 0.908
71.115 83.518 1.714
89.935 111.185 1.250
11.249 62.090 0.508
77.125 82.310 1.408
40.919 110.228 0.964
10.873 21.213 0.909
57.281 101.465 0.652
90.657 103.901 1.476
5.690 112.024 0.375
46.992 94.970 1.287
99.083 111.965 1.686
53.128 96.947 0.960
83.348 105.624 0.768
30.139 33.430 0.726
90.449 101.108 1.516
24.671 48.263 0.165
68.826 84.267 1.535
28.018 92.155 0.970
61.813 97.666 0.696
106.384 108.773 0.803
97.777 107.478 1.185
38.210 100.541 1.603
89.650 92.325 0.847
69.565 100.089 1.965
54.921 88.027 0.369
26.222 52.520 1.724
108.852 111.501 1.640
35.390 86.698 0.797
102.396 106.647 1.808
84.003 111.666 1.051
100.872 102.677 1.285
28.991 95.686 0.577
28.387 58.535 0.574
100.584 104.844 1.637
35.437 110.007 0.460
27.004 97.688 1.867
11.374 35.372 1.155
41.355 97.829 0.383
98.640 100.003 0.618
82.724 100.268 1.439
60.272 66.698 0.737
7.577 11.954 1.546
35.215 47.018 0.617
57.852 98.871 0.654
65.835 109.590 1.159
72.650 96.699 1.420
7.896 10.013 0.589
84.940 102.041 1.995
33.577 45.117 0.950
56.717 87.818 0.374
41.496 90.257 1.022
79.558 100.696 1.415
13.569 86.733 1.914
6.200 59.703 0.456
14.704 60.652 1.948
86.309 107.263 1.224
67.386 81.752 1.679
109.785 112.007 1.715
17.302 109.460 0.215
107.674 109.316 1.169
7.533 49.932 0.662
47.395 100.465 1.469
65.637 93.101 1.756
99.808 103.149 0.412
19.702 50.191 0.879
23.845 94.076 1.669
94.175 102.961 0.796
104.364 111.193 0.095
33.067 51.538 1.039
73.556 80.838 0.579
95.944 110.467 0.945
100.295 103.303 1.171
49.063 101.601 1.364
108.026 111.522 1.931
9.678 69.323 0.101
94.877 106.282 1.185
63.858 102.732 0.566
42.587 52.557 1.763
106.475 109.270 0.115
37.824 38.689 0.717
34.876 96.050 0.423
53.984 106.463 0.122
43.735 75.205 1.137
77.722 98.835 1.137
66.684 84.307 0.391
85.363 101.747 1.812
89.331 111.858 1.598
84.718 102.681 0.394
56.532 103.420 1.687
80.210 101.025 1.381
43.618 111.836 1.757
58.617 91.452 0.506
74.885 111.183 1.282
61.847 88.210 0.543
22.291 39.153 1.752
16.392 83.644 1.444
61.249 112.821 1.244
109.993 112.120 1.196
57.771 103.772 0.091
98.193 102.818 1.102
0.587 92.825 1.867
10.981 98.193 0.262
41.976 48.036 1.525
35.920 41.739 0.032
40.681 57.332 0.013
63.206 81.831 1.493
48.335 101.852 0.229
43.423 108.470 0.640
65.687 107.121 1.129
64.324 80.299 0.473
25.748 83.366 1.254
72.361 93.426 1.521
56.264 80.290 0.351
51.809 106.309 1.969
2.437 12.808 0.147
42.832 108.291 0.634
91.556 102.734 1.147
43.417 80.616 1.839
12.387 55.438 1.722
82.811 91.255 1.991
3.320 17.125 0.931
39.099 108.897 0.681
2.246 89.181 1.885
85.433 106.515 1.553
67.554 70.038 0.088
60.944 69.194 1.395
31.506 59.386 1.463
38.247 106.472 1.020
103.910 111.996 1.850
62.723 98.082 1.879
33.731 68.570 1.982
103.434 108.747 1.209
18.219 24.237 1.449
35.581 53.366 1.006
1.699 61.590 0.315
33.094 77.489 1.697
38.428 47.119 0.002
31.435 32.596 1.097
84.225 110.641 0.153
88.666 98.258 0.417
49.268 105.170 1.550
100.664 108.994 1.077
27.484 82.949 1.226
78.521 99.003 1.907
15.963 99.360 0.695
85.611 111.494 1.482
88.706 91.769 0.218
2.793 52.375 1.885
22.311 41.263 1.275
36.535 86.693 1.521
104.941 110.164 0.308
19.541 27.510 0.846
43.396 97.138 1.512
91.483 101.061 1.384
54.834 60.867 1.282
31.254 50.469 0.365
68.336 112.065 0.065
36.709 77.874 1.962
6.127 51.066 1.142
15.818 31.316 0.796
33.251 37.845 0.437
29.179 101.098 1.193
36.746 107.189 1.166
80.955 106.254 0.051
69.924 74.530 0.161
57.738 82.485 1.199
2.266 110.680 1.334
46.236 69.234 0.151
90.294 110.832 0.216
64.465 74.693 1.421
67.591 80.233 0.086
61.709 94.620 1.231
92.245 106.023 1.095
62.847 80.462 1.918
5.630 28.709 1.317
87.219 94.763 1.691
96.891 106.387 0.977
84.245 105.332 0.042
50.815 77.704 0.580
71.451 109.834 0.180
2.756 85.774 0.431
59.312 60.156 0.652
100.231 104.721 1.406
84.812 90.839 0.099
27.098 30.369 1.094
15.828 53.668 1.075
50.211 53.211 1.694
45.159 95.429 0.311
39.710 52.040 0.760
39.606 63.409 0.990
41.204 91.681 1.107
50.483 64.163 0.743
109.537 110.993 0.310
49.946 102.139 0.423
98.697 105.689 1.405
77.564 94.911 0.574
19.360 50.506 0.940
46.273 76.415 0.043
33.013 35.181 0.665
60.712 101.300 1.693
68.960 99.003 1.099
107.486 112.674 0.953
75.859 103.690 1.305
99.600 105.556 1.105
41.939 57.027 1.591
30.556 62.350 0.149
36.320 42.492 0.874
50.302 56.112 0.997
86.638 104.015 0.283
90.016 95.749 0.842
94.245 101.465 1.527
8.574 32.382 0.121
56.391 89.569 0.833
54.790 80.620 1.837
23.687 105.104 1.130
59.446 71.089 1.206
69.444 104.693 0.904
34.047 76.180 1.150
74.395 81.186 1.930
32.154 32.505 0.072
43.853 56.605 0.280
68.534 108.924 0.040
83.966 95.664 1.734
54.555 79.080 1.144
87.699 94.136 0.336
59.030 97.276 0.668
48.640 79.774 1.523
6.009 105.385 1.038
49.869 64.542 1.285
28.441 112.769 1.550
45.464 58.743 0.450
92.825 106.400 0.932
1.786 20.895 0.657
109.114 112.097 1.998
93.634 104.312 0.150
95.313 103.420 1.378
65.368 98.515 1.429
31.909 83.008 1.736
47.878 104.898 1.307
60.554 69.533 0.266
37.501 106.611 1.261
38.653 87.133 0.886
1.642 62.618 0.413
99.892 104.135 1.626
86.407 94.256 1.261
24.449 72.116 0.498
82.936 85.681 1.654
85.222 90.807 1.934
0.141 76.636 1.728
41.480 97.216 0.817
10.588 48.760 1.860
93.191 109.044 1.643
22.620 93.994 1.298
70.827 92.577 1.484
43.819 79.319 1.465
81.294 100.728 0.593
97.378 110.085 0.944
103.890 111.956 0.842
62.834 110.930 1.406
84.980 100.102 1.015
4.478 52.126 1.259
89.942 103.648 0.547
63.334 109.870 0.897
79.814 92.680 0.793
70.833 103.720 0.461
21.415 71.685 0.668
12.720 47.577 0.022
27.769 67.536 0.698
99.237 106.199 1.560
43.460 87.113 1.458
40.811 52.172 0.087
21.700 34.025 0.249
46.451 97.899 0.121
89.334 102.500 0.994
12.864 33.938 1.656
57.039 104.033 1.920
95.669 105.315 1.060
28.199 90.842 0.865
7.778 14.056 1.215
4.837 77.140 0.362
23.593 100.029 1.920
46.908 70.822 1.098
89.193 90.953 0.416
85.158 109.335 0.329
17.557 101.229 1.047
52.259 56.196 0.507
12.377 23.773 0.804
104.891 108.054 2.000
92.893 108.943 0.125
15.416 112.678 1.667
4.717 28.417 0.003
69.088 99.715 1.388
45.907 99.030 1.484
44.907 79.706 0.671
72.525 96.884 0.274
99.852 110.626 0.512
62.837 91.517 1.643
19.897 99.920 0.892
72.106 81.088 1.387
71.827 86.893 1.029
69.927 110.512 1.501
100.204 109.918 0.907
87.820 97.557 0.750
88.401 91.583 0.009
35.152 60.669 0.636
74.664 101.760 1.796
54.941 102.360 0.734
7.620 111.397 1.546
76.742 86.779 0.135
74.399 84.069 1.984
40.214 57.821 0.116
21.948 107.540 0.883
58.882 71.966 1.391
62.552 100.566 0.825
7.778 110.742 1.595
60.880 65.693 0.748
59.900 87.242 1.324
77.047 89.952 1.107
43.430 49.055 0.316
20.468 28.613 0.583
73.240 99.578 1.434
67.936 70.428 1.680
84.920 112.691 1.325
18.893 101.610 0.355
106.566 109.035 1.150
95.907 110.258 0.374
21.122 61.495 0.913
42.054 71.598 1.636
29.223 47.854 0.898
63.492 93.366 0.409
87.964 102.346 1.770
48.278 107.498 1.645
3.518 92.724 1.329
75.570 80.831 0.485
3.783 98.034 0.893
6.251 96.238 0.923
79.955 90.281 0.143
50.691 64.548 1.733
72.096 85.875 0.193
55.156 92.873 0.356
11.874 67.617 0.954
9.826 105.085 1.711
54.421 102.604 0.717
41.134 87.966 0.201
69.776 84.655 1.619
104.068 110.952 0.644
31.120 54.871 0.455
49.117 67.140 0.833
60.561 106.764 0.487
47.831 105.052 0.094
42.957 58.970 0.629
84.100 105.759 1.876
82.127 96.674 1.987
99.221 102.539 1.231
91.251 100.339 0.446
80.901 100.153 1.424
108.536 112.760 0.005
63.952 85.530 0.917
39.405 83.963 1.209
46.471 53.358 0.027
66.117 71.781 0.483
4.576 26.140 0.771
3.652 33.693 1.761
83.855 85.558 1.133
25.779 100.130 1.683
11.421 84.035 1.411
5.784 102.158 0.175
101.795 107.598 0.681
81.895 87.501 1.538
76.903 92.927 1.063
25.732 35.734 1.635
59.117 104.192 1.515
93.007 104.250 0.547
69.722 96.745 0.715
106.771 112.520 1.446
107.912 109.340 1.333
64.740 81.987 1.642
80.549 94.885 1.015
1.168 63.212 1.116
54.572 75.178 1.826
30.153 62.178 1.459
35.702 112.312 1.090
99.123 102.981 0.436
32.792 44.084 1.723
97.928 111.295 0.464
60.464 110.247 0.481
48.717 51.234 1.501
47.539 69.006 1.418
73.606 80.151 0.360
48.486 108.028 0.378
109.839 111.702 1.617
64.096 84.940 1.858
94.313 99.529 0.219
28.961 58.434 1.343
109.728 112.157 1.013
61.222 91.461 1.395
32.154 112.783 1.767
8.067 29.625 1.712
53.078 91.856 0.319
72.495 105.636 1.283
96.696 110.983 1.282
106.220 108.177 1.852
4.448 97.534 1.728
74.902 97.018 1.503
61.756 94.914 0.509
107.741 112.165 0.479
105.820 109.784 0.788
78.739 107.101 1.609
