5.856 7.879 0.811
4.550 9.758 1.364
5.775 7.252 0.951
2.942 4.836 1.669
4.136 7.822 1.326
0.837 10.350 1.899
4.396 7.877 0.692
3.000 6.692 1.694
3.649 10.884 0.544
2.382 7.911 1.478
1.568 9.730 1.523
3.181 10.251 1.002
0.220 7.243 1.989
0.404 3.317 1.063
6.744 9.972 1.254
1.583 4.221 1.684
0.879 5.077 1.486
7.529 9.076 0.572
1.122 9.609 1.466
5.664 9.955 1.200
2.022 2.325 0.289
0.488 9.688 1.612
1.685 6.941 0.231
0.114 5.186 0.228
6.018 9.352 1.372
0.591 3.390 0.873
5.570 8.268 0.581
1.859 7.268 1.156
5.029 8.198 0.320
7.704 10.857 1.392
1.520 3.762 0.672
7.961 10.996 0.915
0.780 2.877 1.250
3.502 5.638 1.863
7.157 8.479 0.580
6.153 7.787 0.821
5.025 8.386 1.208
3.731 8.781 1.196
6.838 10.060 1.658
5.767 8.437 1.132
