25.802 28.055 0.675
8.686 32.823 0.102
5.174 11.407 0.138
9.027 25.152 1.574
2.510 7.125 0.526
6.526 12.170 1.125
18.968 25.452 0.214
22.765 23.982 0.668
8.475 30.068 1.389
17.027 19.921 1.737
23.862 30.394 1.999
18.566 27.611 1.190
5.828 13.623 1.958
1.269 9.721 0.478
12.204 19.027 1.590
27.002 31.573 0.759
6.195 22.442 0.106
10.620 25.812 0.722
29.281 32.659 0.447
10.409 26.073 1.907
6.050 15.993 0.565
15.960 20.162 0.582
2.988 24.339 0.213
25.314 31.853 1.344
0.173 20.410 0.983
28.060 31.282 0.581
22.407 32.224 1.748
24.903 28.214 1.212
23.527 28.805 0.300
20.671 32.921 0.789
3.058 4.680 0.823
20.623 23.145 0.518
6.859 29.450 0.378
22.899 27.829 0.095
1.685 6.105 1.922
16.964 26.987 1.925
26.360 29.525 0.817
12.405 29.595 1.317
28.356 28.931 0.566
18.488 28.043 0.099
12.658 25.700 1.909
6.026 15.759 0.829
18.694 20.372 1.617
3.158 11.990 0.789
9.503 29.800 1.648
9.346 22.875 0.395
14.072 23.400 1.990
11.054 20.016 0.838
17.413 23.835 1.755
11.802 23.528 1.902
12.558 28.708 1.217
2.510 9.089 0.302
2.620 17.289 0.635
18.874 20.607 0.666
18.436 22.729 0.286
24.749 32.959 0.878
6.629 20.419 0.215
7.938 22.386 0.015
23.117 32.702 0.215
11.083 23.382 1.808
6.680 19.589 0.605
9.319 27.624 0.829
25.248 29.007 0.778
21.725 24.091 1.470
2.452 28.556 1.506
19.134 26.098 0.719
2.832 9.188 0.831
10.294 16.908 1.827
9.309 17.604 0.309
5.469 11.571 0.545
5.174 7.621 0.671
15.057 29.945 1.927
13.394 18.407 1.826
14.458 27.707 0.944
7.458 15.898 1.873
8.986 28.965 1.645
18.897 20.577 1.590
7.829 31.843 0.579
25.784 31.192 1.035
7.685 21.058 1.842
2.806 6.647 1.652
8.479 24.526 0.768
15.453 18.664 0.863
29.249 29.417 0.149
27.444 31.842 0.823
5.630 17.329 0.203
20.338 30.960 1.055
25.116 29.326 0.543
26.113 32.808 0.298
16.151 17.688 0.441
6.139 11.640 0.395
5.986 22.796 1.914
22.164 29.719 0.589
23.584 32.458 1.843
25.330 26.602 0.518
1.857 8.015 1.808
26.783 32.762 0.719
11.447 26.411 0.663
26.626 29.819 0.760
20.239 26.677 0.534
15.835 29.796 1.604
22.390 31.340 0.973
16.771 22.769 0.558
1.624 25.993 1.823
11.054 16.136 0.565
9.737 30.258 0.100
7.465 11.855 0.808
26.258 31.805 1.216
5.905 26.761 0.903
13.000 29.340 1.273
5.233 32.002 0.645
21.282 31.447 0.395
1.419 3.990 1.486
3.925 20.068 0.165
17.069 21.388 1.066
2.315 4.863 0.609
12.338 17.738 0.267
24.619 27.615 1.018
29.638 31.658 1.833
8.533 20.803 1.414
8.842 21.855 0.689
24.334 25.882 1.034
24.877 26.712 1.109
15.287 28.620 1.893
14.218 31.550 0.903
16.465 31.172 0.731
19.792 26.614 0.245
3.373 19.817 0.560
23.739 31.791 0.738
22.330 26.762 0.928
13.263 21.472 1.172
18.961 26.313 1.115
25.100 25.544 0.371
3.278 9.933 0.081
7.679 25.836 0.821
13.282 24.131 0.266
25.703 28.557 1.613
27.715 29.009 0.627
18.206 32.344 0.021
16.117 17.091 0.774
7.112 23.171 1.771
4.578 19.805 0.033
27.501 29.748 1.305
12.167 15.933 1.932
11.987 19.706 1.012
9.852 16.594 1.251
8.699 30.646 1.067
14.342 27.142 0.656
13.810 22.415 1.166
27.669 31.294 0.242
