38.966 89.183 0.069
86.992 110.483 1.437
71.212 96.466 1.685
95.335 106.056 1.399
92.720 106.464 0.759
88.223 89.485 1.127
24.299 104.805 1.313
34.136 93.308 0.111
15.868 65.869 0.288
18.201 102.805 0.964
113.558 116.872 1.051
75.358 76.000 0.346
73.428 102.925 0.894
111.031 117.907 0.085
3.585 58.407 1.914
11.613 32.182 0.856
63.236 68.904 1.374
43.478 82.523 1.010
62.174 91.149 0.836
36.406 69.791 1.237
2.260 94.978 1.524
100.056 112.326 1.139
98.565 100.631 0.506
25.387 30.411 1.620
47.177 113.448 0.857
92.050 94.946 0.545
64.162 117.573 1.082
72.234 111.701 1.626
20.519 40.516 1.045
46.811 87.097 1.267
116.935 119.378 1.725
85.410 118.605 0.274
53.608 57.424 0.527
23.533 25.504 0.266
30.682 120.444 0.880
32.011 69.250 1.545
77.522 119.353 0.703
71.732 84.035 1.253
30.539 106.474 1.254
74.980 81.588 1.268
33.392 114.629 0.177
88.750 100.967 1.563
35.853 82.326 0.423
29.913 85.703 0.030
93.222 95.869 0.460
112.459 120.864 1.270
111.764 121.806 0.998
27.760 90.718 1.788
2.505 109.810 1.594
85.476 97.174 0.726
70.670 95.553 1.308
9.602 29.512 0.888
75.907 106.603 1.114
107.109 117.498 1.715
64.931 115.161 0.512
59.808 114.070 1.148
77.207 87.300 0.802
89.248 99.977 0.407
111.903 121.275 1.097
43.789 110.228 1.726
74.830 119.963 0.662
72.563 91.065 1.300
32.729 68.436 0.687
76.614 101.821 1.440
104.157 106.565 0.553
119.125 122.117 0.335
25.998 90.640 0.115
48.744 111.276 0.224
87.868 111.396 0.921
77.764 111.337 0.382
117.605 120.499 1.674
95.123 98.995 1.434
85.612 113.375 1.069
58.471 65.135 1.270
28.001 67.269 0.508
113.855 120.492 1.654
44.188 93.382 0.394
111.965 121.217 1.554
98.169 111.126 1.064
100.777 119.983 1.725
79.565 110.224 1.039
70.765 72.767 0.218
15.447 115.575 1.548
6.116 106.289 1.658
101.901 104.187 1.387
88.029 93.421 1.477
60.606 64.152 0.323
39.530 74.091 1.133
54.904 65.910 0.852
70.337 116.999 0.892
57.273 71.384 1.187
9.709 122.690 0.269
60.705 94.099 1.376
100.718 104.667 1.967
25.083 67.499 1.466
64.906 74.720 0.349
61.555 97.190 0.099
48.180 117.136 1.422
117.722 121.613 1.861
100.502 118.854 1.187
49.554 93.948 0.623
99.957 113.561 0.333
7.145 118.938 1.989
80.001 81.151 0.835
115.668 118.097 1.308
52.732 122.011 1.316
95.251 117.574 0.546
95.580 104.962 0.299
89.311 121.455 0.046
59.127 86.312 0.960
34.147 47.652 0.047
14.532 22.373 0.972
39.731 114.996 1.941
65.638 76.517 1.672
56.438 81.583 1.060
57.794 79.821 1.455
90.413 99.062 1.336
38.336 54.486 0.148
116.620 120.558 1.887
116.865 121.172 1.460
97.781 98.885 0.631
12.543 78.371 0.637
64.895 115.562 0.622
115.287 120.838 1.490
45.503 85.442 1.319
22.720 35.160 0.195
54.706 110.976 1.526
61.035 68.638 1.964
25.504 71.123 1.681
28.880 65.527 0.118
85.150 111.999 0.655
56.003 119.315 0.498
57.116 79.235 0.581
15.700 22.678 0.734
39.570 102.973 0.679
108.805 113.761 1.012
55.435 100.067 1.800
20.637 93.859 1.747
81.587 103.272 1.836
17.253 46.814 1.357
80.313 99.684 0.330
27.276 83.743 1.320
9.778 21.215 0.941
6.658 78.061 1.148
97.082 99.498 1.097
80.148 120.642 0.086
72.322 82.419 1.409
110.237 122.902 0.499
100.349 104.553 1.513
77.306 90.757 1.265
42.738 67.832 0.215
57.870 85.963 1.326
72.102 86.623 0.327
76.866 78.506 1.092
18.132 80.433 0.734
59.537 106.300 1.936
25.324 34.089 0.187
93.789 96.361 0.724
101.063 113.480 1.394
49.506 97.961 0.559
84.454 118.150 0.376
103.150 119.402 1.827
26.342 108.735 1.091
57.717 87.016 0.533
13.843 25.123 1.132
66.143 108.951 1.030
94.020 99.328 1.288
114.474 118.667 0.819
65.557 104.507 0.012
95.057 115.680 1.418
29.756 51.542 1.742
74.786 106.986 0.532
37.673 51.484 1.722
93.497 111.159 0.281
13.913 121.821 1.805
48.535 111.570 1.185
94.430 119.399 1.867
68.092 91.234 1.270
20.530 88.576 0.224
22.775 104.579 1.323
119.385 120.497 0.037
87.945 91.541 0.178
27.492 52.793 1.381
82.371 116.066 1.240
72.871 101.301 0.688
8.028 65.193 0.522
119.110 120.088 0.915
55.259 101.745 0.469
45.031 56.445 1.237
92.867 118.398 0.106
42.365 118.260 0.659
108.574 113.102 1.723
75.599 82.529 1.825
16.659 78.769 0.766
118.114 122.371 1.832
41.863 45.514 1.982
111.789 120.754 0.174
16.172 72.006 0.475
68.399 121.295 0.419
3.692 114.082 0.421
55.417 121.040 1.975
112.591 115.428 0.000
61.258 96.887 1.688
17.828 44.585 1.842
30.620 98.257 0.260
98.613 100.169 1.301
54.128 116.776 1.759
85.289 92.101 1.325
103.359 107.529 0.171
47.023 76.322 1.845
57.248 61.166 1.195
48.524 69.207 0.772
63.931 122.109 0.586
77.027 107.761 0.047
38.157 66.684 0.520
23.925 107.275 1.024
63.854 102.221 1.027
94.529 99.609 0.001
48.693 102.775 0.623
108.980 116.245 0.263
78.218 86.516 1.289
42.665 96.786 0.706
15.575 102.378 1.973
50.231 64.106 0.354
64.887 101.120 0.231
58.834 119.101 1.962
16.008 38.789 1.598
98.419 121.247 1.846
111.731 122.968 1.166
114.437 118.984 0.137
119.359 122.006 1.742
16.908 48.984 1.296
43.145 74.283 0.283
93.610 106.082 1.975
16.326 23.622 1.162
109.797 114.388 1.616
57.134 94.590 1.545
7.204 86.074 1.651
36.765 65.329 0.987
35.795 118.355 1.126
64.180 70.400 0.493
98.235 109.593 1.248
57.402 85.843 0.077
114.316 117.572 0.004
19.153 26.535 0.402
55.069 74.991 1.848
60.760 122.805 1.833
49.850 88.404 1.813
117.557 120.731 1.218
88.593 122.351 1.419
46.503 61.080 1.376
20.977 95.121 0.802
27.240 61.239 0.724
89.640 91.034 0.701
56.413 77.528 1.051
20.234 121.529 0.666
107.014 107.451 0.357
102.850 120.304 1.259
54.340 99.010 1.174
111.101 122.255 1.438
63.217 117.745 1.131
13.319 34.474 0.897
62.298 83.353 1.985
8.310 20.933 0.234
35.633 118.403 0.092
2.219 106.610 0.635
53.970 63.934 1.715
47.840 85.516 0.495
43.943 94.023 0.742
27.606 96.005 0.414
6.911 21.416 0.733
32.674 94.270 1.455
25.969 96.723 1.880
6.779 119.003 1.726
94.676 119.173 0.684
60.753 102.735 0.488
118.975 119.609 0.289
36.333 78.478 0.365
100.078 103.028 0.579
61.210 118.682 0.052
55.234 64.673 1.699
46.214 92.845 1.475
70.908 110.142 0.757
105.296 113.246 1.886
83.206 105.083 1.488
23.988 89.701 0.082
99.334 100.708 0.668
18.091 26.664 0.182
5.427 9.272 1.532
85.623 90.906 1.308
46.166 93.121 1.407
117.378 119.590 0.386
64.536 88.845 0.656
88.977 97.588 1.447
91.369 109.927 0.940
45.833 120.272 1.339
28.510 106.319 1.119
106.289 111.433 0.090
51.919 59.132 0.960
42.874 66.562 1.436
86.527 108.904 0.575
11.895 71.561 0.487
28.408 84.080 1.307
62.316 112.232 0.494
26.555 68.095 1.941
101.455 104.674 0.339
81.503 92.975 0.896
2.175 30.907 0.009
66.052 81.287 0.613
38.845 51.749 0.200
59.625 118.308 1.083
52.817 67.760 1.501
46.906 112.237 1.468
87.128 106.469 1.683
39.028 100.505 0.409
109.713 112.144 1.626
5.958 29.840 1.088
119.678 122.048 0.649
97.551 122.231 0.666
17.044 119.279 1.742
32.326 85.720 1.647
7.833 37.424 1.577
3.289 59.544 1.208
68.473 70.438 0.628
22.728 26.696 1.888
1.285 76.410 0.294
59.467 103.883 1.464
51.165 86.211 0.026
6.164 46.827 1.646
17.418 26.527 1.258
86.677 94.226 0.571
99.554 111.274 1.705
89.109 116.732 1.335
55.907 111.117 0.578
63.836 88.005 0.078
84.839 118.948 1.736
92.508 113.415 0.847
54.809 115.160 0.959
9.060 62.770 0.654
86.685 111.574 0.660
91.808 105.816 1.305
84.370 101.164 1.763
101.689 104.951 0.731
113.240 118.347 1.232
11.327 20.981 0.088
34.817 122.346 0.369
66.733 84.190 0.039
55.757 116.099 0.443
84.118 103.409 0.595
54.402 74.358 0.019
23.024 75.766 1.945
84.107 91.701 1.494
88.659 115.038 1.153
53.908 95.387 0.344
16.268 72.332 1.548
69.355 87.307 0.416
13.583 115.457 0.537
13.898 85.276 1.754
78.251 103.633 1.473
39.753 68.509 1.023
61.730 122.064 0.515
10.976 49.116 1.871
73.482 102.507 0.287
16.286 60.780 0.881
4.673 29.471 0.871
19.212 76.154 1.207
94.540 114.761 1.481
34.117 72.641 1.989
119.143 120.844 1.332
83.143 120.232 0.271
67.290 81.610 1.960
16.121 31.342 0.851
116.407 118.742 1.855
78.423 108.583 1.278
47.287 106.637 1.972
64.788 116.195 1.630
96.009 107.063 1.684
16.520 24.633 0.670
108.640 117.600 1.416
118.722 121.438 1.075
55.021 69.738 0.639
109.625 113.745 1.617
106.479 114.682 0.470
20.014 44.714 0.901
64.118 110.499 1.066
112.013 115.578 0.702
14.411 119.051 1.462
18.747 36.399 0.314
41.650 121.285 1.877
34.209 111.820 1.959
38.109 76.174 1.948
0.776 25.761 0.370
37.087 72.151 1.134
66.074 122.969 0.473
6.328 43.180 1.908
105.238 106.922 0.856
74.947 95.752 0.597
5.145 117.230 0.710
0.604 116.925 1.010
57.790 122.246 1.369
110.537 118.674 0.693
106.501 119.754 1.774
44.859 60.924 0.881
6.087 39.244 1.300
108.761 115.985 1.318
50.271 95.978 0.783
96.203 106.397 0.316
63.529 103.884 0.391
77.207 97.387 0.941
103.227 114.806 0.538
78.115 103.090 0.372
27.628 37.095 0.570
64.781 112.580 1.416
90.545 100.786 0.685
117.367 118.938 1.267
79.287 112.769 0.738
77.152 79.722 0.963
14.074 34.246 0.552
5.772 111.667 0.047
89.120 122.092 1.197
40.211 95.191 0.743
93.354 97.657 0.850
88.205 90.056 0.931
17.187 102.359 1.421
2.879 49.824 1.468
105.571 119.605 0.422
77.969 92.965 1.296
112.306 121.358 1.836
110.409 120.332 1.490
0.791 71.532 1.230
40.867 49.100 1.223
37.219 55.017 1.309
59.511 66.414 0.787
108.687 119.449 1.777
49.209 117.611 1.544
65.924 83.800 1.040
86.538 98.323 0.311
32.934 56.100 0.125
106.952 119.815 0.338
119.275 120.057 0.524
79.935 86.810 1.111
69.666 76.117 0.735
87.285 92.566 0.800
25.269 59.626 0.289
68.249 91.897 0.684
46.118 102.017 0.273
83.901 119.036 0.427
10.163 52.414 1.092
114.961 116.341 0.985
15.770 121.067 0.613
77.159 93.470 0.462
6.691 89.598 0.256
111.313 114.183 1.532
106.230 114.900 0.184
36.432 73.701 1.526
25.665 112.369 0.842
18.483 111.264 0.051
116.078 119.112 1.886
79.888 100.437 0.378
57.149 102.238 0.336
90.285 95.178 0.088
116.979 118.909 0.728
12.917 60.572 1.742
67.542 105.215 0.552
67.641 104.155 0.037
17.245 102.949 1.402
26.522 111.460 0.142
118.729 122.836 1.418
116.158 118.123 1.012
63.181 112.400 0.968
76.815 93.909 1.674
95.591 105.676 0.351
97.953 111.172 0.004
114.331 115.644 0.837
87.014 92.083 0.657
28.173 78.378 1.904
69.029 112.764 1.762
29.052 117.594 1.248
53.051 122.153 1.100
14.649 91.181 1.363
33.491 82.709 1.834
76.522 83.272 0.412
34.128 54.993 1.931
11.437 110.228 0.991
45.741 61.340 0.206
111.474 117.447 1.529
69.443 77.208 1.902
56.651 73.537 0.609
12.038 16.559 1.974
27.954 81.912 1.849
2.329 69.113 1.140
113.185 115.755 1.188
42.555 58.012 0.492
108.277 109.275 0.974
93.097 114.023 1.249
97.635 101.126 1.155
105.245 116.338 1.427
63.481 117.122 0.585
1.721 54.492 0.928
1.340 57.943 0.089
72.783 80.440 1.164
61.525 114.158 0.784
21.820 95.197 1.023
69.795 113.297 1.507
113.767 121.466 1.996
19.454 81.893 1.233
106.926 112.610 1.961
106.629 113.653 1.403
119.476 121.767 1.533
95.804 114.433 0.286
90.526 115.836 1.502
28.499 70.798 0.264
37.439 67.159 0.776
99.503 120.362 0.291
0.981 42.642 1.737
17.073 72.555 1.217
43.042 69.681 0.287
31.484 86.318 0.264
32.634 34.975 1.289
114.338 120.318 0.014
20.428 27.106 0.894
75.317 115.978 0.103
34.297 55.020 1.633
7.562 41.302 1.532
43.947 54.852 0.365
93.028 102.348 1.551
116.484 118.009 1.490
50.121 61.730 0.485
11.397 48.101 0.502
62.437 100.172 0.074
78.500 116.502 0.216
64.367 103.557 1.026
0.330 2.634 0.071
72.237 82.058 0.861
96.738 97.755 0.145
92.947 116.248 0.937
98.638 105.058 0.023
111.024 119.417 1.123
15.381 34.629 0.796
4.662 31.469 1.082
80.686 91.078 0.441
66.572 120.896 1.876
40.786 47.806 0.909
81.217 95.480 1.819
80.250 101.102 1.638
51.634 70.339 1.404
60.786 87.680 1.228
91.072 97.495 1.060
111.507 119.242 0.861
32.403 117.024 1.582
30.158 70.895 1.978
56.658 62.326 1.661
69.289 91.955 1.028
76.024 120.593 1.257
83.528 87.863 1.970
101.198 115.005 0.824
99.942 120.754 0.935
73.307 108.550 1.856
56.922 117.974 1.272
61.379 97.372 1.224
93.921 107.696 1.373
12.913 56.157 1.427
79.283 93.969 0.387
92.149 118.790 0.510
111.467 115.028 0.599
23.336 112.759 0.298
115.100 121.755 1.865
69.864 101.493 0.902
12.580 63.456 1.585
58.771 59.661 0.521
119.509 121.657 1.304
100.063 120.544 1.553
102.520 105.291 0.494
5.318 14.741 0.322
7.050 25.644 1.660
56.047 60.197 1.366
104.128 106.439 0.809
83.594 86.104 1.717
15.341 29.865 1.813
94.657 121.426 0.959
68.169 118.937 0.575
44.122 98.773 0.490
64.920 70.517 1.325
75.314 87.902 1.463
53.003 99.855 1.158
31.689 74.518 0.730
16.513 77.101 0.326
68.744 83.887 0.831
24.768 30.409 0.988
54.941 70.277 1.096
27.002 63.504 0.468
1.531 17.562 1.366
49.385 101.149 0.709
97.463 107.752 1.019
25.247 118.178 1.880
22.775 114.899 1.137
67.608 122.810 1.178
86.586 100.755 0.005
29.170 115.895 0.069
119.114 122.024 0.974
