62.175 90.717 1.223
29.856 86.820 0.964
24.445 102.050 1.281
1.733 3.882 0.366
73.315 102.048 1.569
12.638 37.340 1.787
42.796 60.232 1.665
34.898 61.424 0.827
27.494 98.720 1.693
3.861 43.663 1.318
92.682 95.148 0.094
42.042 63.796 1.966
38.737 62.448 1.429
86.053 99.372 1.383
49.135 68.296 2.000
56.276 98.394 0.616
69.100 91.993 1.930
18.757 49.395 1.707
3.879 33.857 1.889
65.535 79.148 0.210
52.947 100.284 0.966
96.146 99.239 0.200
72.503 88.347 1.665
31.587 83.567 1.394
45.604 51.942 0.751
45.421 59.687 0.808
99.457 101.003 1.079
67.101 82.296 1.147
5.835 97.665 1.748
12.964 49.308 0.090
95.309 100.007 0.241
42.543 78.973 0.125
71.450 97.249 0.878
35.011 43.717 0.731
90.597 97.326 1.143
44.868 64.280 0.881
37.465 59.837 1.582
39.787 44.166 1.162
40.638 66.147 0.115
59.835 83.823 0.685
96.194 101.339 0.170
77.966 99.346 1.481
65.709 101.884 0.173
99.811 102.170 1.597
48.595 91.099 1.884
28.327 56.629 0.866
60.942 85.463 1.164
48.985 69.331 1.510
46.309 49.393 1.128
75.469 89.130 0.664
60.332 97.278 0.686
47.841 93.559 0.830
73.736 82.366 1.294
6.485 51.031 0.335
89.203 93.738 1.682
88.726 92.882 0.493
29.487 55.857 0.624
23.444 93.460 0.456
89.550 101.119 1.675
44.459 53.980 1.995
16.700 39.624 1.543
18.583 32.131 1.962
52.593 67.684 1.562
1.825 74.808 1.136
1.428 98.894 1.903
9.046 41.827 1.808
42.927 74.305 0.915
21.815 47.677 0.153
48.650 77.389 1.574
78.094 95.916 0.245
48.671 58.552 1.724
98.486 101.153 1.943
95.135 98.173 0.821
19.623 56.316 1.907
41.929 80.610 1.517
38.353 97.390 1.041
68.636 89.418 1.904
32.878 90.700 1.867
84.036 92.585 1.796
32.163 79.738 1.073
12.717 44.786 0.337
64.232 100.243 0.890
59.835 95.252 0.732
40.904 82.039 1.340
26.649 89.421 1.245
42.918 70.281 1.033
75.503 94.350 0.042
67.965 98.839 0.239
79.690 88.918 1.256
7.587 91.104 1.804
4.163 12.658 1.007
39.302 52.533 0.204
9.171 22.370 1.368
70.550 71.820 0.058
13.776 69.950 1.544
63.482 84.351 1.852
61.757 82.856 1.221
16.581 81.399 1.815
61.596 93.281 1.290
93.487 102.817 0.027
87.213 91.579 0.224
83.203 98.331 1.200
89.627 90.973 0.628
62.154 67.458 1.422
44.124 98.378 1.958
19.242 84.406 0.671
5.402 31.172 0.583
13.120 24.711 0.472
26.865 87.990 1.309
68.630 96.933 1.750
82.546 85.410 1.548
99.145 102.268 1.206
73.284 90.101 0.760
76.229 86.861 0.413
65.358 78.474 1.749
69.695 90.181 1.742
62.355 90.191 1.279
62.642 64.672 0.362
11.945 66.131 1.413
19.672 70.050 1.110
61.321 81.601 0.240
64.815 93.338 0.333
60.164 99.566 1.562
21.134 52.613 1.103
31.568 62.599 1.823
89.346 95.683 0.647
50.804 83.263 1.369
9.900 91.719 0.830
52.702 100.517 0.316
75.369 88.235 1.189
92.373 101.505 1.020
48.921 93.776 0.660
74.129 102.104 1.774
13.874 98.575 2.000
1.849 8.333 0.024
40.272 75.203 1.256
53.581 54.053 0.454
20.347 46.445 0.663
5.808 88.527 1.890
7.678 21.137 0.375
91.916 94.388 1.480
7.620 41.024 1.691
36.238 55.647 1.133
21.384 59.651 1.121
23.582 82.607 0.162
55.773 72.505 0.075
5.490 48.729 1.521
87.317 101.803 0.349
72.130 89.575 1.420
25.983 39.744 0.204
94.705 96.920 1.525
72.344 87.717 0.895
30.116 48.629 1.733
15.213 85.794 0.338
40.052 59.374 1.892
87.597 101.986 0.335
72.832 92.285 1.071
98.581 102.910 1.814
51.253 84.051 1.283
1.611 81.487 1.938
65.160 66.396 1.233
56.282 71.380 1.177
46.663 64.256 0.922
5.280 93.460 0.522
70.992 92.149 0.027
31.999 59.506 0.431
39.335 73.519 0.174
0.394 22.582 0.894
24.555 38.109 1.747
19.599 39.842 1.583
58.455 70.373 0.020
33.726 69.449 1.550
73.034 98.035 1.362
25.031 76.614 0.682
40.495 47.330 0.329
48.479 94.631 1.343
49.828 59.893 0.871
0.302 11.263 1.528
74.444 80.349 1.896
74.990 88.562 1.787
87.887 100.223 1.253
96.399 97.035 0.250
35.560 88.809 1.170
32.588 77.738 0.699
32.441 53.285 0.452
32.011 42.603 0.926
91.943 92.692 0.608
64.434 91.732 1.855
62.526 100.040 0.840
24.989 66.778 1.454
18.320 56.694 0.595
77.261 82.720 0.357
80.645 91.737 0.581
83.322 102.941 1.838
1.489 59.133 1.873
7.855 82.178 0.397
80.026 81.448 0.351
2.594 43.177 0.093
71.676 79.380 0.403
88.202 98.810 1.093
48.729 57.391 1.837
66.778 86.202 1.944
44.276 63.074 1.617
31.080 54.027 1.106
20.099 99.530 1.464
99.155 101.424 1.524
6.326 12.003 1.975
8.124 90.052 1.709
28.843 50.068 1.777
60.381 88.853 1.241
32.057 57.363 0.784
42.067 74.108 0.997
82.159 92.957 1.925
40.458 52.161 0.005
61.943 86.987 0.204
85.150 89.119 0.936
5.283 52.825 1.679
41.545 79.644 0.015
29.582 91.152 0.386
5.536 8.095 1.929
70.840 74.985 0.417
98.428 100.725 1.276
70.830 81.049 1.675
53.618 60.994 0.582
71.306 84.637 1.533
33.604 99.940 0.047
99.509 102.892 0.815
30.061 72.200 1.379
44.075 73.413 1.675
93.802 99.846 0.397
84.106 91.180 1.096
27.485 76.863 1.925
8.396 87.701 1.286
64.785 99.930 1.071
9.827 69.882 1.386
67.684 73.877 0.467
23.615 36.444 1.854
11.405 26.170 0.832
60.372 102.148 1.972
6.168 59.255 1.369
28.089 72.604 0.332
39.686 95.442 0.491
3.797 85.549 0.156
26.029 27.279 1.229
68.105 76.483 0.148
27.873 53.041 0.789
16.883 98.111 1.543
92.895 96.595 1.335
76.257 97.417 1.256
23.283 95.137 0.339
32.340 61.901 1.965
92.911 100.797 1.137
8.591 73.148 0.654
51.878 92.017 0.802
43.226 86.668 1.957
25.584 75.215 0.418
99.908 102.841 1.821
37.388 64.883 1.486
48.988 89.432 0.750
73.431 100.373 0.876
46.611 101.918 0.490
76.879 77.742 0.568
77.477 88.993 1.702
20.188 81.231 0.776
76.482 86.170 1.218
69.652 102.774 1.103
67.293 98.679 0.098
39.607 54.532 1.370
14.713 74.845 0.166
46.336 62.132 1.034
44.890 59.127 1.286
26.560 98.562 0.785
5.643 90.825 0.552
95.041 98.855 1.370
80.749 86.817 0.047
92.474 95.670 0.047
99.509 101.166 0.195
31.462 70.758 1.731
59.056 84.538 1.168
96.817 98.266 0.937
63.594 78.134 1.589
9.818 49.292 1.442
45.213 60.049 0.143
36.680 59.929 0.370
27.219 84.347 1.964
21.455 78.405 1.364
85.586 99.407 1.935
66.179 94.856 0.984
19.843 40.975 1.742
78.045 87.193 0.655
23.838 29.907 0.746
67.626 101.831 0.609
11.734 31.421 0.851
26.218 81.091 1.642
68.273 84.216 0.732
46.358 84.338 0.341
16.535 89.883 1.320
90.536 92.223 0.990
94.482 99.207 0.584
71.044 77.376 1.862
65.142 86.026 1.593
91.617 92.500 0.368
17.765 60.976 1.943
31.394 43.421 1.733
10.218 102.790 1.015
36.372 71.806 0.781
19.626 44.685 0.555
35.121 60.003 1.328
70.779 75.287 1.900
27.183 40.305 1.774
62.749 89.877 0.122
16.025 92.919 0.093
76.162 89.388 1.647
86.871 93.975 1.680
78.823 99.710 1.784
75.112 95.660 0.835
18.790 27.541 0.323
46.385 50.737 0.108
63.607 97.042 1.168
26.551 75.986 0.710
75.137 101.446 0.155
92.068 98.697 0.863
63.582 102.431 1.931
70.443 85.249 0.610
4.163 52.914 0.375
19.337 37.153 0.468
88.592 100.872 1.760
64.174 71.780 0.630
82.736 98.305 1.841
89.715 93.102 0.496
34.822 101.542 1.737
14.313 29.031 0.303
87.280 92.769 0.894
38.038 49.794 0.887
52.510 97.939 1.032
60.875 73.549 1.300
81.140 82.053 0.859
26.746 66.696 0.442
42.772 68.460 1.838
75.829 93.337 1.260
16.953 87.401 0.661
94.110 101.487 1.674
17.881 90.172 0.508
47.771 96.439 0.470
13.440 66.356 0.960
93.280 100.903 0.223
9.409 62.468 1.814
74.584 85.227 0.047
15.995 32.979 1.270
69.033 78.686 1.994
58.611 92.649 0.276
35.972 62.631 1.342
0.424 63.137 0.482
69.088 90.907 0.233
73.370 87.798 1.494
67.785 88.539 1.225
29.246 89.086 0.240
36.872 55.942 1.708
86.169 93.145 1.422
9.937 14.971 0.965
19.877 67.494 1.595
82.595 90.373 0.196
97.375 100.762 0.515
49.861 51.340 1.369
34.129 54.012 0.387
79.528 93.485 0.457
38.261 100.229 0.706
33.335 68.120 1.885
48.363 54.645 1.789
82.351 89.405 0.879
38.148 39.926 0.120
64.568 69.396 0.346
13.688 98.320 1.440
14.444 46.512 1.998
29.991 38.167 1.495
67.415 81.216 1.046
65.551 79.097 1.622
21.012 54.691 1.053
78.848 94.722 1.220
29.600 51.982 1.837
92.151 94.898 1.906
34.874 88.410 1.792
67.547 94.609 0.943
1.840 20.121 1.934
20.981 22.442 0.706
51.851 98.156 1.699
23.978 53.057 0.691
73.699 78.204 1.110
32.954 89.507 1.188
62.590 100.307 1.836
24.357 43.966 1.416
98.080 100.212 1.979
63.387 102.705 1.954
37.706 50.412 1.479
56.819 80.680 1.936
86.258 101.948 0.043
99.319 101.936 1.956
13.126 61.278 0.753
79.778 93.808 0.178
45.241 100.119 1.201
32.472 74.622 0.069
72.494 92.475 1.437
59.343 80.772 1.685
79.446 88.708 1.399
77.267 89.011 0.759
73.519 74.760 1.127
20.249 87.785 1.313
28.446 78.096 0.111
13.224 55.149 0.288
15.168 86.105 0.964
94.632 97.656 1.051
62.798 63.394 0.346
61.190 86.126 0.894
92.526 98.548 0.085
2.988 49.073 1.914
9.677 27.025 0.856
52.696 57.669 1.374
36.232 69.098 1.010
51.811 76.266 0.836
30.338 58.476 1.237
1.883 79.590 1.524
83.380 93.953 1.139
82.138 83.971 0.506
21.155 25.621 1.620
39.314 94.995 0.857
76.708 79.244 0.545
53.468 98.447 1.082
60.195 93.532 1.626
17.100 33.999 1.045
39.009 72.943 1.267
97.446 99.804 1.725
71.175 99.284 0.274
44.673 47.960 0.527
19.611 21.306 0.266
25.568 100.860 0.880
26.676 58.063 1.545
64.602 99.930 0.703
59.777 70.302 1.253
25.449 89.176 1.254
62.484 68.234 1.268
27.827 95.980 0.177
73.959 84.478 1.563
29.878 68.903 0.423
24.928 71.720 0.030
77.685 79.999 0.460
93.716 101.154 1.270
93.136 101.966 0.998
23.133 76.029 1.788
2.087 91.982 1.594
71.230 81.212 0.726
58.892 79.976 1.308
8.002 24.801 0.888
63.256 89.224 1.114
89.257 98.332 1.715
54.109 96.411 0.512
49.840 95.514 1.148
64.339 72.960 0.802
74.374 83.516 0.407
93.252 101.508 1.097
36.491 92.322 1.726
62.358 100.444 0.662
60.469 76.203 1.300
27.274 57.295 0.687
63.845 85.228 1.440
86.798 88.937 0.553
99.271 102.154 0.335
21.665 75.873 0.115
40.620 93.157 0.224
73.223 93.213 0.921
64.803 93.168 0.382
98.004 100.767 1.674
79.269 82.759 1.434
71.343 94.894 1.069
48.726 54.515 1.270
23.334 56.313 0.508
94.879 100.835 1.654
36.824 78.154 0.394
93.304 101.469 1.554
81.808 92.944 1.064
83.981 100.454 1.725
66.305 92.255 1.039
58.971 60.692 0.218
12.873 96.796 1.548
5.097 89.042 1.658
84.918 87.066 1.387
73.357 78.126 1.477
50.505 53.537 0.323
32.942 62.057 1.133
45.753 55.121 0.852
58.614 97.959 0.892
47.728 59.745 1.187
8.090 102.740 0.269
50.587 78.788 1.376
83.932 87.567 1.967
20.902 56.602 1.466
54.088 62.397 0.349
51.296 81.288 0.099
40.150 98.092 1.422
98.102 101.767 1.861
83.752 99.486 1.187
