3.621 72.370 0.375
29.904 61.353 1.287
63.053 72.301 1.686
33.809 62.582 0.960
53.040 68.099 0.768
19.180 21.563 0.726
57.558 65.127 1.516
15.700 31.047 0.165
43.798 54.357 1.535
17.830 59.552 0.970
39.336 62.988 0.696
67.699 69.729 0.803
62.222 69.226 1.185
24.315 64.985 1.603
57.050 59.124 0.847
44.268 64.667 1.965
34.950 56.694 0.369
16.687 34.182 1.724
69.269 71.751 1.640
22.521 55.988 0.797
65.161 68.644 1.808
53.457 72.117 1.051
64.191 65.837 1.285
18.449 61.799 0.577
18.065 37.769 0.574
64.008 67.435 1.637
22.551 71.059 0.460
17.184 63.181 1.867
7.238 23.082 1.155
26.317 63.143 0.383
62.771 63.910 0.618
52.643 64.647 1.439
38.355 42.802 0.737
4.822 8.184 1.546
22.410 30.271 0.617
36.815 63.787 0.654
41.895 70.780 1.159
46.232 62.386 1.420
5.025 6.599 0.589
54.053 65.872 1.995
21.367 29.157 0.950
36.093 56.545 0.374
26.407 58.295 1.022
50.628 64.949 1.415
8.635 56.178 1.914
3.946 38.620 0.456
9.357 39.480 1.948
54.924 69.204 1.224
42.882 52.773 1.679
69.863 72.059 1.715
11.010 70.709 0.215
68.520 70.065 1.169
4.794 32.354 0.662
30.160 64.914 1.469
41.769 60.139 1.756
63.514 66.006 0.412
12.538 32.506 0.879
15.174 60.853 1.669
59.930 66.165 0.796
66.413 71.627 0.095
21.043 33.332 1.039
46.808 51.805 0.579
61.055 71.271 0.945
63.824 66.270 1.171
31.222 65.638 1.364
68.744 71.871 1.931
6.159 44.760 0.101
60.376 68.463 1.185
40.637 66.279 0.566
27.101 34.140 1.763
67.757 70.016 0.115
24.070 24.882 0.717
22.194 62.009 0.423
34.354 68.724 0.122
27.832 48.573 1.137
49.460 63.705 1.137
42.435 54.148 0.391
54.322 65.651 1.812
56.847 72.247 1.598
53.912 66.083 0.394
35.975 66.820 1.687
51.043 65.155 1.381
27.757 72.251 1.757
37.302 58.925 0.506
47.654 71.813 1.282
39.357 56.787 0.543
14.185 25.630 1.752
10.432 54.144 1.444
38.977 72.884 1.244
69.996 72.121 1.196
36.764 66.951 0.091
62.487 66.007 1.102
0.374 60.086 1.867
6.988 63.432 0.262
26.712 31.158 1.525
22.858 26.654 0.032
25.888 36.738 0.013
40.222 52.811 1.493
30.758 65.732 0.229
27.633 70.061 0.640
41.801 69.172 1.129
40.934 51.567 0.473
16.385 53.923 1.254
46.048 60.275 1.521
35.804 51.625 0.351
32.969 68.700 1.969
1.551 8.300 0.147
27.257 69.945 0.634
58.263 66.126 1.147
27.629 52.190 1.839
7.883 36.099 1.722
52.698 58.880 1.991
2.113 11.325 0.931
24.881 70.342 0.681
1.429 57.754 1.885
54.367 68.742 1.553
42.989 44.658 0.088
38.782 44.619 1.395
20.049 38.508 1.463
24.339 68.782 1.020
66.125 72.303 1.850
39.915 63.381 1.879
21.465 44.513 1.982
65.821 69.962 1.209
11.594 15.978 1.449
22.643 34.485 1.006
1.081 39.832 0.315
21.060 50.187 1.697
24.454 30.113 0.002
20.004 21.143 1.097
53.598 71.413 0.153
56.424 63.040 0.417
31.352 67.951 1.550
64.059 70.202 1.077
17.490 53.647 1.226
49.968 63.922 1.907
10.158 64.201 0.695
54.480 72.009 1.482
56.449 58.597 0.218
1.777 34.193 1.885
14.198 26.846 1.275
23.249 56.070 1.521
66.781 70.837 0.308
12.435 17.874 0.846
27.616 62.780 1.512
58.216 65.054 1.384
34.894 39.252 1.282
19.889 32.471 0.365
43.486 72.383 0.065
23.360 50.469 1.962
3.899 33.192 1.142
10.066 20.340 0.796
21.160 24.291 0.437
18.569 65.331 1.193
23.384 69.250 1.166
51.517 68.481 0.051
44.497 47.594 0.161
36.742 53.211 1.199
1.442 71.511 1.334
29.423 44.468 0.151
57.460 71.523 0.216
41.023 48.156 1.421
43.012 51.382 0.086
39.269 61.067 1.231
58.701 68.314 1.095
39.994 52.028 1.918
3.583 18.874 1.317
55.503 61.034 1.691
61.658 68.470 0.977
53.610 67.833 0.042
32.337 50.034 0.580
45.469 70.907 0.180
1.754 55.443 0.431
37.744 38.521 0.652
63.783 67.309 1.406
53.971 58.065 0.099
17.244 19.741 1.094
10.073 34.811 1.075
31.953 34.488 1.694
28.737 61.564 0.311
25.270 33.523 0.760
25.204 40.942 0.990
26.221 59.226 1.107
32.126 41.273 0.743
69.705 71.100 0.310
31.784 65.926 0.423
62.807 68.019 1.405
49.359 61.031 0.574
12.320 32.726 0.940
29.447 49.129 0.043
21.008 22.646 0.665
38.635 65.445 1.693
43.884 63.867 1.099
68.400 72.739 0.953
48.274 66.915 1.305
63.382 67.845 1.105
26.689 36.968 1.591
19.445 40.130 0.149
23.113 27.412 0.874
32.010 36.127 0.997
55.134 66.942 0.283
57.283 61.411 0.842
59.974 65.301 1.527
5.456 20.888 0.121
35.885 57.758 0.833
34.866 52.152 1.837
15.074 67.914 1.130
37.830 45.807 1.206
44.191 67.565 0.904
21.666 49.251 1.150
47.342 52.417 1.930
20.461 20.715 0.072
27.906 36.302 0.280
43.612 70.308 0.040
53.433 61.676 1.734
34.717 51.015 1.144
55.809 60.264 0.336
37.565 62.744 0.668
30.953 51.572 1.523
3.824 68.103 1.038
31.735 41.674 1.285
18.099 72.852 1.550
28.932 37.723 0.450
59.071 68.542 0.932
1.137 13.678 0.657
69.436 72.251 1.998
59.586 67.003 0.150
60.654 66.557 1.378
41.598 63.603 1.429
20.305 53.741 1.736
30.468 67.766 1.307
38.535 44.511 0.266
23.865 68.880 1.261
24.597 56.268 0.886
1.045 40.512 0.413
63.568 66.973 1.626
54.986 60.604 1.261
15.559 46.561 0.498
52.777 55.144 1.654
54.232 58.544 1.934
0.090 49.708 1.728
26.396 62.778 0.817
6.738 31.855 1.860
59.304 70.375 1.643
14.394 60.773 1.298
45.072 59.727 1.484
27.885 51.289 1.465
51.733 64.845 0.593
61.968 70.997 0.944
66.112 72.237 0.842
39.985 71.658 1.406
54.078 64.447 1.015
2.850 33.902 1.259
57.236 66.678 0.547
40.303 70.959 0.897
50.790 59.566 0.793
45.076 66.889 0.461
13.627 46.323 0.668
8.094 30.660 0.022
17.671 43.618 0.698
63.151 68.380 1.560
27.656 56.313 1.458
25.971 33.397 0.087
13.809 21.875 0.249
29.560 63.152 0.121
56.849 65.980 0.994
8.186 22.295 1.656
36.298 67.229 1.920
60.880 67.776 1.060
17.945 58.695 0.865
4.950 9.419 1.215
3.078 49.861 0.362
15.014 64.688 1.920
29.850 45.711 1.098
56.759 58.085 0.416
54.191 70.538 0.329
11.173 65.421 1.047
33.256 35.997 0.507
7.877 15.506 0.804
66.749 69.558 2.000
59.113 70.206 0.125
9.810 72.793 1.667
3.001 18.323 0.003
43.965 64.363 1.388
29.214 63.993 1.484
28.577 51.395 0.671
46.153 62.347 0.274
63.542 71.319 0.512
39.987 59.111 1.643
12.662 64.568 0.892
45.885 52.219 1.387
45.708 55.921 1.029
44.499 71.384 1.501
63.766 70.841 0.907
55.885 62.656 0.750
56.255 58.424 0.009
22.369 39.116 0.636
47.513 65.713 1.796
34.963 66.076 0.734
4.849 71.971 1.546
48.836 55.557 0.135
47.345 54.297 1.984
25.591 37.090 0.116
13.967 69.479 0.883
37.471 46.432 1.391
39.806 64.890 0.825
4.950 71.552 1.595
38.742 42.142 0.748
38.118 56.305 1.324
49.030 57.878 1.107
27.637 31.406 0.316
13.025 18.493 0.583
46.608 64.260 1.434
43.232 45.438 1.680
54.040 72.797 1.325
12.023 65.635 0.355
67.815 69.972 1.150
61.032 71.098 0.374
13.442 39.795 0.913
26.761 46.357 1.636
18.596 30.943 0.898
40.404 60.129 0.409
55.977 66.015 1.770
30.722 69.456 1.645
2.239 59.983 1.329
48.090 51.732 0.485
2.408 63.371 0.893
3.978 62.214 0.923
50.880 57.825 0.143
32.258 41.799 1.733
45.879 55.058 0.193
35.099 59.855 0.356
7.556 43.783 0.954
6.253 67.927 1.711
34.631 66.236 0.717
26.176 56.714 0.201
44.403 54.620 1.619
66.225 71.485 0.644
19.803 35.348 0.455
31.256 43.243 0.833
38.539 68.922 0.487
30.438 67.813 0.094
27.336 37.946 0.629
53.518 68.282 1.876
52.262 62.403 1.987
63.140 65.807 1.231
58.069 64.391 0.446
51.483 64.585 1.424
69.069 72.789 0.005
40.696 55.087 0.917
