82.241 88.915 0.653
85.572 89.931 1.684
63.607 76.110 0.272
23.374 89.482 1.889
23.017 36.374 0.804
37.190 52.145 1.666
39.728 61.059 1.416
28.208 91.913 1.997
3.312 89.078 1.960
67.832 74.092 0.539
52.371 60.630 0.025
82.881 90.232 0.388
68.444 89.535 0.798
72.295 92.277 0.463
60.968 70.033 0.825
0.195 40.215 0.040
73.773 80.551 0.488
5.216 8.994 0.251
87.992 89.624 1.037
5.260 58.027 1.462
56.969 70.091 0.623
11.558 86.576 0.418
81.524 89.023 0.298
47.262 83.213 0.321
65.505 89.234 1.469
55.274 76.509 1.685
7.921 71.963 1.229
8.638 39.600 1.250
55.343 71.546 1.475
55.777 82.939 1.635
3.035 53.098 0.104
43.823 48.283 1.016
71.779 74.137 1.959
56.955 85.412 1.194
5.367 32.824 0.057
54.670 70.044 1.238
68.310 88.351 1.938
88.377 91.415 1.630
49.676 72.908 0.258
54.865 79.430 1.847
24.550 56.415 1.017
53.390 72.998 1.769
14.398 53.713 1.503
70.400 89.422 1.469
79.052 85.294 1.281
23.819 68.827 0.095
1.379 87.382 1.644
68.386 77.886 1.919
78.022 82.092 0.136
15.914 47.005 1.439
51.316 68.943 1.315
1.332 90.111 1.005
55.859 86.827 1.016
77.264 78.857 0.931
13.343 85.568 1.374
9.113 10.279 0.806
58.438 92.935 1.923
29.345 88.219 0.917
72.270 81.092 0.504
55.788 78.266 1.639
15.074 77.290 0.703
55.436 87.636 1.514
51.769 89.858 0.414
33.474 85.082 0.883
50.149 62.500 1.029
38.497 76.626 0.499
67.131 80.382 1.079
60.468 79.222 0.853
50.258 91.064 0.002
8.803 83.830 1.221
15.846 19.409 1.445
25.783 38.901 0.917
47.907 92.495 1.327
55.958 69.740 0.212
29.601 45.852 0.048
87.303 90.506 0.032
57.622 75.098 0.982
84.968 92.607 1.205
6.004 61.188 0.982
5.727 8.001 0.900
25.434 40.188 1.342
21.116 59.505 1.216
73.589 85.689 1.652
11.531 77.509 1.922
57.710 66.354 0.670
33.292 47.597 1.416
18.408 90.270 1.743
7.064 13.408 0.138
60.207 80.372 1.932
30.433 75.224 0.445
65.810 90.545 1.862
71.048 73.446 1.345
33.334 66.552 1.862
70.837 92.018 0.877
55.680 62.541 1.264
57.589 83.194 0.581
64.533 80.662 0.218
38.964 70.837 0.515
34.679 37.694 1.121
86.973 91.152 1.154
3.735 61.424 0.172
49.473 54.990 1.206
23.912 88.544 0.764
80.337 82.809 1.415
22.833 92.478 1.760
23.130 36.610 0.863
5.408 70.732 1.333
45.499 74.316 1.450
65.044 85.186 1.341
74.306 79.129 1.386
45.911 90.570 0.270
76.052 82.714 0.895
15.219 59.873 0.992
64.744 74.303 0.153
71.380 90.121 1.109
60.973 64.772 0.040
36.926 65.180 0.790
53.302 67.027 1.796
20.663 72.729 1.976
46.894 51.288 1.432
27.285 79.016 1.898
86.292 89.111 1.920
71.759 73.928 1.257
80.238 90.922 0.147
65.533 84.836 1.422
68.208 73.139 1.478
49.108 58.828 1.863
21.405 68.970 1.928
86.166 90.184 0.943
47.438 86.719 1.470
45.372 54.112 0.525
48.209 69.131 1.373
22.679 76.645 1.684
36.687 50.614 0.664
16.109 91.281 1.568
0.711 8.830 1.362
2.824 31.802 0.250
62.814 69.037 0.028
20.814 46.955 1.591
84.715 89.215 1.909
41.266 71.415 1.862
15.716 39.816 0.548
38.714 47.483 0.499
5.996 52.687 1.627
70.650 75.739 1.037
81.035 89.943 0.136
42.821 70.094 1.311
42.587 78.358 1.996
26.967 58.664 0.644
66.250 85.647 0.307
70.625 86.453 0.203
47.193 64.075 1.615
20.210 30.197 1.286
24.978 69.434 0.304
74.885 89.892 1.203
66.991 87.958 0.636
36.154 47.784 1.921
39.088 45.086 1.381
12.959 62.072 0.984
12.964 91.360 0.554
10.344 26.380 1.684
33.306 90.115 0.905
48.116 61.998 0.197
86.009 91.570 1.554
80.082 83.057 1.839
2.063 89.462 0.989
61.234 78.580 0.768
21.907 31.299 0.592
55.452 65.341 1.793
83.227 90.957 1.325
56.370 80.010 1.620
32.485 47.907 0.405
75.303 83.555 0.112
48.404 79.330 0.909
28.607 39.475 0.222
65.011 92.089 0.633
49.050 62.596 0.485
74.536 87.597 0.361
67.612 69.870 0.445
77.110 80.101 1.241
30.367 87.959 1.566
26.412 52.003 1.497
75.374 78.098 0.121
19.361 60.514 1.428
23.572 63.619 0.623
14.876 50.612 1.872
51.525 66.483 0.779
62.745 80.786 0.217
18.743 83.412 1.953
0.332 89.210 0.960
54.705 80.589 0.964
33.125 51.082 1.903
16.439 90.394 1.984
36.278 56.474 1.672
73.391 92.572 1.605
30.018 89.590 0.554
27.997 52.307 0.000
2.532 45.339 1.885
84.641 90.321 0.842
21.732 59.612 0.750
82.342 86.628 0.446
62.904 70.111 1.685
84.196 87.358 0.777
34.163 44.177 0.749
45.218 79.230 1.717
66.876 75.165 1.004
6.337 55.510 1.558
75.360 83.210 1.263
1.816 51.609 1.413
30.106 43.797 1.337
37.003 44.264 1.260
63.096 85.188 0.038
18.708 55.100 0.948
3.376 67.804 0.227
68.546 90.838 0.986
67.623 83.465 1.422
36.036 65.305 1.497
24.673 88.441 0.210
59.578 90.837 1.623
56.757 80.250 1.105
55.903 75.240 0.180
84.111 88.824 0.907
48.372 61.501 1.699
85.556 89.363 1.229
27.868 75.407 0.447
76.368 85.888 1.937
53.233 88.639 0.780
27.695 48.714 0.042
47.550 57.389 1.593
30.342 60.310 1.368
48.256 92.818 1.829
60.808 88.109 1.296
89.187 92.596 1.329
50.692 88.847 1.352
67.966 74.242 0.984
12.904 89.196 1.564
68.159 80.647 0.370
80.950 88.830 1.677
89.217 91.437 0.183
42.115 85.063 0.678
84.411 92.627 0.954
2.922 26.671 0.886
13.821 48.015 1.069
36.910 76.114 1.464
22.646 74.604 0.248
2.044 71.206 1.670
30.348 62.639 1.619
28.999 74.623 1.962
70.323 85.858 0.561
3.367 49.987 0.220
58.504 60.863 1.939
86.100 87.345 0.329
69.298 88.482 1.322
87.893 92.464 0.221
84.559 92.722 0.651
86.737 90.860 1.601
72.127 87.261 0.742
63.907 65.711 1.179
1.241 84.056 0.316
4.312 83.494 0.501
18.925 23.688 0.104
13.047 32.818 1.768
40.560 89.911 1.328
22.569 87.057 1.499
5.735 13.805 0.627
75.750 82.035 1.882
52.926 70.259 0.725
29.689 44.054 0.283
50.316 91.577 1.824
35.762 71.524 0.086
71.119 73.939 1.342
63.171 81.099 1.852
16.343 92.168 1.310
28.469 87.659 0.142
52.445 91.227 1.745
82.727 92.065 1.405
41.895 50.492 0.984
52.626 54.121 1.313
67.543 70.678 0.401
13.332 41.212 1.225
63.217 72.673 1.529
60.276 81.037 0.113
89.324 90.433 0.492
55.645 60.513 1.731
39.659 54.604 0.166
14.469 91.286 0.217
20.413 91.364 0.842
45.965 51.710 1.898
10.756 59.188 1.598
69.535 79.495 0.187
12.588 16.693 1.367
22.954 56.253 1.225
61.366 75.389 1.085
83.515 89.429 1.727
6.600 48.307 0.504
63.269 89.122 0.445
45.809 47.534 1.585
57.540 86.122 0.144
75.879 78.269 1.047
13.297 42.243 1.156
46.957 54.905 1.894
81.763 92.176 1.701
52.486 78.380 1.837
59.221 66.281 1.571
71.202 83.183 1.739
32.545 49.568 1.553
18.815 78.124 1.727
62.539 64.551 0.563
45.229 50.847 0.738
30.647 63.339 0.953
53.458 76.183 1.277
43.282 57.843 1.202
55.562 89.225 1.178
15.024 72.974 1.415
4.623 25.640 0.610
8.092 31.003 1.965
6.782 45.392 1.558
71.954 73.512 0.522
19.661 33.335 0.858
65.346 86.504 0.814
79.379 85.143 0.808
54.208 66.738 1.064
83.993 89.016 1.653
14.513 64.278 0.321
83.183 89.135 0.148
39.926 77.837 0.200
17.988 38.827 0.082
71.960 75.170 1.028
77.283 91.127 0.510
75.855 91.872 0.319
75.193 85.544 1.558
30.334 62.444 1.242
82.400 92.427 0.459
34.701 66.434 0.305
80.313 85.608 0.035
43.785 67.665 0.435
86.627 91.726 0.568
11.259 44.822 0.877
40.447 50.760 0.012
66.148 83.306 0.451
60.493 89.151 1.153
16.947 83.686 0.701
77.983 84.321 1.755
54.310 76.615 1.693
12.272 54.423 1.347
27.549 49.698 0.962
8.553 12.484 0.182
33.943 45.177 0.496
69.521 85.219 0.407
43.749 90.548 1.074
12.580 20.687 0.847
69.798 82.973 0.855
77.662 87.365 1.226
49.196 63.245 1.227
23.742 59.207 1.454
47.699 82.413 0.708
51.742 86.170 0.968
65.774 82.291 0.454
2.889 61.468 0.352
30.515 52.175 1.957
72.100 80.947 0.773
10.781 27.080 1.901
70.793 77.489 0.430
15.206 62.888 0.413
60.037 68.517 1.461
5.661 17.591 1.993
58.158 70.228 1.867
33.185 71.647 0.856
4.326 46.563 1.180
31.037 61.648 1.186
56.408 77.167 0.164
51.168 89.324 1.395
84.581 90.812 1.938
27.673 41.398 0.981
87.575 91.236 0.905
74.696 84.238 0.315
2.321 51.018 0.938
58.108 90.578 0.905
26.824 73.685 1.662
1.519 22.199 1.604
25.788 43.530 1.686
8.592 12.644 0.124
56.016 89.529 0.518
77.055 88.915 0.337
89.349 90.396 0.770
66.074 69.255 1.403
81.694 89.608 1.614
59.034 59.430 0.118
83.479 86.883 1.284
9.866 58.166 0.069
16.046 60.269 1.165
13.626 53.061 1.753
16.260 68.434 0.808
82.732 85.156 1.696
74.176 92.496 0.396
40.143 62.155 1.355
32.309 76.259 0.902
41.021 81.596 1.173
16.153 78.972 0.822
46.561 50.150 1.057
50.072 78.149 0.026
48.613 78.899 0.864
87.327 90.134 0.308
23.025 87.441 0.532
83.466 89.147 0.859
14.288 24.843 0.528
65.242 70.675 1.358
45.526 81.345 0.494
18.741 75.192 1.916
47.256 52.254 0.705
66.708 77.999 0.064
6.949 46.076 0.379
2.568 37.417 0.430
70.518 76.255 0.238
63.368 77.562 1.146
17.661 83.646 1.391
32.235 41.891 0.421
6.735 33.633 1.633
49.256 73.792 1.537
32.850 51.829 1.095
83.889 92.428 0.895
16.323 60.216 0.937
58.748 82.171 1.933
8.784 79.530 0.750
89.835 90.585 0.111
42.428 55.067 1.822
88.393 90.692 0.753
45.177 64.181 1.565
20.735 27.735 0.848
32.479 44.370 0.565
20.982 30.126 1.956
15.862 49.617 1.076
13.692 78.624 0.617
1.035 19.321 1.608
55.400 79.030 1.129
34.962 64.296 1.814
82.167 89.004 1.750
43.568 85.367 0.392
30.565 58.605 1.310
0.711 17.118 1.470
68.628 78.900 1.307
5.878 42.788 1.139
37.039 71.577 0.966
14.176 77.207 0.726
5.905 22.938 1.735
88.885 92.947 0.291
74.613 80.347 1.565
4.971 75.147 1.961
18.186 52.562 0.219
23.385 73.066 1.270
