0.050 9.262 1.127
32.350 38.069 1.170
14.012 38.182 1.792
29.864 41.196 0.348
28.420 33.567 1.027
0.599 16.169 0.183
5.893 42.578 0.332
17.828 18.182 0.238
0.356 23.382 0.756
22.847 35.556 1.204
6.649 23.764 1.326
14.085 31.701 0.114
31.333 38.169 1.605
12.078 35.027 1.752
38.236 41.658 1.851
5.694 15.179 0.924
34.490 41.217 0.419
33.746 42.998 1.994
24.460 29.972 0.785
11.891 14.270 1.680
15.035 34.033 0.185
2.249 39.692 0.018
11.035 30.053 0.546
27.647 39.259 1.675
19.398 37.057 0.411
18.738 41.813 0.916
29.778 37.785 0.217
15.409 32.786 1.470
22.896 26.556 0.723
9.004 36.466 0.850
20.684 37.948 1.980
13.822 33.117 0.338
19.676 36.035 0.127
20.192 41.865 0.295
5.663 32.089 1.810
12.122 15.088 0.853
38.665 40.486 1.366
35.090 40.381 1.643
7.654 36.604 0.356
19.011 31.254 0.311
29.281 33.701 0.811
22.750 38.389 1.364
28.877 31.448 0.951
14.712 17.316 1.669
20.681 30.954 1.326
4.187 40.098 1.899
21.982 32.262 0.692
14.999 25.029 1.694
18.244 42.588 0.544
11.912 30.187 1.478
7.840 37.599 1.523
15.906 40.134 1.002
1.099 25.941 1.989
2.020 10.830 1.063
33.722 40.252 1.254
7.914 13.718 1.684
4.397 17.540 1.486
37.643 39.824 0.572
5.611 37.059 1.466
28.320 39.593 1.200
10.109 10.451 0.289
2.440 37.260 1.612
8.423 27.655 0.231
0.570 19.979 0.228
30.089 37.732 1.372
2.955 11.739 0.873
27.849 34.792 0.581
9.297 27.787 1.156
25.147 34.306 0.320
38.522 42.768 1.392
7.598 14.464 0.672
39.807 42.995 0.915
3.900 8.723 1.250
17.509 20.516 1.863
35.785 37.873 0.580
30.763 33.890 0.821
25.123 33.859 1.208
18.654 34.544 1.196
34.192 40.317 1.658
28.836 34.857 1.132
7.371 27.806 1.476
36.203 37.882 0.486
24.189 35.766 1.397
14.052 17.288 0.989
29.630 38.389 1.224
27.645 31.304 1.609
23.041 41.388 1.735
24.588 26.776 1.455
26.711 33.180 1.953
22.768 26.792 0.612
4.342 37.507 1.738
29.773 34.305 0.310
3.174 28.757 0.153
32.800 37.974 1.090
16.359 29.081 0.597
20.048 27.669 0.305
29.520 40.773 0.628
38.363 42.205 1.747
12.002 17.594 1.888
2.629 24.554 1.570
24.386 27.505 1.912
35.025 38.481 1.308
4.192 13.786 1.010
11.612 29.738 1.840
26.512 34.749 0.229
15.165 37.454 0.994
20.370 36.182 0.765
21.286 30.600 1.213
0.236 5.812 1.416
24.923 34.686 1.726
29.893 35.491 0.994
31.415 36.262 1.106
38.229 40.110 1.262
14.970 35.872 0.263
38.069 39.396 1.224
13.194 32.287 0.112
5.265 38.110 1.694
23.875 40.418 1.443
0.587 30.685 0.253
24.686 26.300 0.435
6.757 19.938 1.248
12.776 33.003 0.735
32.096 38.601 1.614
24.444 41.314 1.596
5.792 21.519 1.260
10.148 38.282 0.273
2.647 26.148 0.856
12.091 19.912 1.096
12.454 37.179 0.221
5.388 35.151 0.568
35.809 41.562 1.579
24.609 40.467 0.722
9.140 18.239 1.727
9.982 42.516 1.085
2.152 23.661 0.163
17.072 23.922 0.189
35.661 37.134 0.466
5.004 9.762 1.863
1.884 15.793 0.117
36.588 39.815 0.797
37.847 41.380 1.674
33.684 38.224 1.387
10.367 27.522 0.009
38.192 39.956 0.797
23.422 36.975 0.510
37.811 42.526 0.871
0.287 26.731 1.882
31.446 34.081 1.153
8.893 9.802 0.766
16.717 34.118 0.164
34.204 41.363 0.130
26.483 40.014 1.383
21.205 25.492 1.371
27.580 39.896 1.456
1.243 28.774 1.737
28.263 36.474 0.171
37.916 39.399 0.118
5.807 29.612 1.964
11.690 24.364 1.845
27.782 30.524 0.437
9.622 39.840 1.043
4.257 22.378 1.805
3.204 11.336 1.564
38.976 42.680 1.552
8.426 9.465 0.913
30.025 35.412 0.228
12.445 15.533 1.985
10.083 18.521 0.379
6.140 38.917 1.241
37.563 41.888 0.391
25.822 41.559 1.314
18.218 35.296 1.843
6.030 27.634 1.273
16.882 31.867 1.886
23.143 29.011 1.073
15.878 17.546 0.701
31.810 32.962 0.393
15.577 18.619 1.181
7.907 30.630 0.312
18.173 35.852 1.209
17.652 28.529 1.369
33.429 36.287 1.184
37.978 41.011 1.752
39.498 42.673 0.371
22.978 35.868 0.884
28.341 32.598 0.099
10.408 39.674 0.815
28.408 41.635 1.457
15.743 40.456 0.795
12.344 30.169 0.776
14.142 36.025 1.467
29.455 32.615 1.479
8.007 31.992 0.545
36.445 40.193 0.736
4.375 13.665 1.815
20.718 31.225 1.310
27.506 28.905 0.181
3.031 17.259 0.056
12.289 17.866 1.395
15.794 34.222 0.136
