70.886 85.479 0.283
73.649 78.580 0.842
77.110 83.383 1.527
7.015 26.635 0.121
46.138 73.664 0.833
44.828 66.386 1.837
19.380 86.509 1.130
48.638 58.448 1.206
56.818 86.129 0.904
27.857 62.715 1.150
60.869 66.802 1.930
26.308 26.610 0.072
35.880 46.453 0.280
56.073 89.616 0.040
68.700 78.670 1.734
44.636 65.047 1.144
71.754 77.200 0.336
48.297 80.010 0.668
39.796 65.673 1.523
4.917 86.744 1.038
40.802 53.108 1.285
23.270 92.811 1.550
37.198 48.233 0.450
75.948 87.471 0.932
1.461 17.287 0.657
89.275 92.174 1.998
76.610 85.658 0.150
77.983 84.988 1.378
53.483 81.059 1.429
26.107 68.374 1.736
39.173 86.332 1.307
49.544 57.022 0.266
30.683 87.745 1.261
31.625 71.701 0.886
1.343 51.565 0.413
81.730 85.554 1.626
70.696 77.430 1.261
20.004 59.339 0.498
67.856 70.412 1.654
69.727 74.676 1.934
0.115 63.172 1.728
33.938 79.997 0.817
8.663 40.307 1.860
76.247 89.709 1.643
18.507 77.384 1.298
57.949 76.152 1.484
35.852 65.304 1.465
66.513 82.786 0.593
79.673 90.541 0.944
85.001 92.096 0.842
51.409 91.294 1.406
69.529 82.275 1.015
3.664 43.014 1.259
73.589 85.163 0.547
51.819 90.415 0.897
65.302 76.123 0.793
57.955 85.305 0.461
17.521 59.004 0.668
10.407 39.119 0.022
22.720 55.577 0.698
81.194 87.290 1.560
35.558 71.713 1.458
33.391 42.784 0.087
17.754 27.950 0.249
38.006 80.525 0.121
73.092 84.240 0.994
10.525 28.117 1.656
46.669 85.631 1.920
78.274 86.546 1.060
23.072 74.769 0.865
6.364 11.738 1.215
3.958 63.501 0.362
19.304 82.358 1.920
38.379 58.266 1.098
72.976 74.519 0.416
69.675 89.937 0.329
14.365 83.325 1.047
42.757 46.097 0.507
10.127 19.639 0.804
85.820 88.806 2.000
76.003 89.575 0.125
12.613 92.736 1.667
3.859 23.370 0.003
56.526 82.039 1.388
37.561 81.512 1.484
36.742 65.550 0.671
59.339 79.615 0.274
81.697 90.972 0.512
51.412 75.314 1.643
16.279 82.244 0.892
58.996 66.653 1.387
58.768 71.407 1.029
57.213 90.948 1.501
81.985 90.379 0.907
71.853 80.107 0.750
72.328 75.004 0.009
28.760 49.893 0.636
61.089 83.737 1.796
44.952 84.218 0.734
6.235 91.684 1.546
62.789 71.168 0.135
60.872 69.183 1.984
32.902 47.456 0.116
17.958 88.510 0.883
48.177 59.199 1.391
51.179 82.728 0.825
6.364 91.147 1.595
49.811 53.918 0.748
49.009 71.774 1.324
63.039 73.915 1.107
35.534 40.231 0.316
16.746 23.553 0.583
59.924 81.919 1.434
55.584 57.933 1.680
69.480 92.744 1.325
15.458 83.622 0.355
87.190 89.504 1.150
78.469 90.678 0.374
17.282 50.645 0.913
34.407 58.978 1.636
23.910 39.399 0.898
51.948 76.747 0.409
71.971 84.181 1.770
39.500 88.477 1.645
2.879 76.354 1.329
61.830 66.282 0.485
3.095 80.702 0.893
5.114 79.226 0.923
65.417 74.053 0.143
41.475 53.173 1.733
58.987 70.466 0.193
45.128 76.364 0.356
9.715 55.700 0.954
8.039 86.506 1.711
44.526 84.420 0.717
33.655 72.340 0.201
57.089 69.637 1.619
85.147 91.219 0.644
25.462 45.110 0.455
40.186 55.192 0.833
49.550 87.843 0.487
39.134 86.433 0.094
35.146 48.458 0.629
68.809 87.021 1.876
67.194 79.539 1.987
81.180 84.173 1.231
74.660 82.365 0.446
66.192 82.369 1.424
88.802 92.774 0.005
52.324 70.309 0.917
32.240 69.112 1.209
38.022 43.717 0.027
54.096 58.869 0.483
3.744 21.606 0.771
2.988 27.947 1.761
68.609 70.215 1.133
21.092 82.434 1.683
9.344 69.218 1.411
4.733 84.077 0.175
83.287 88.364 0.681
67.005 71.908 1.538
62.921 76.375 1.063
21.053 29.559 1.635
48.369 85.748 1.515
76.096 85.640 0.547
57.046 79.542 0.715
87.358 92.579 1.446
88.292 89.710 1.333
52.969 67.461 1.642
65.904 77.971 1.015
0.956 52.110 1.116
44.650 61.912 1.826
24.671 51.243 1.459
29.211 92.434 1.090
81.101 84.455 0.436
26.829 36.410 1.723
80.123 91.551 0.464
49.470 90.723 0.481
39.860 42.196 1.501
38.896 56.808 1.418
60.223 65.719 0.360
39.670 88.895 0.378
89.868 91.726 1.617
52.442 69.918 1.858
77.165 81.609 0.219
23.695 48.156 1.343
89.778 92.175 1.013
50.091 75.252 1.395
26.308 92.822 1.767
6.600 24.595 1.712
43.428 75.527 0.319
59.314 86.916 1.283
79.115 91.308 1.282
86.907 88.849 1.852
3.639 80.313 1.728
61.284 79.805 1.503
50.528 78.041 0.509
88.151 92.237 0.479
86.580 90.166 0.788
64.423 88.128 1.609
79.296 80.969 0.060
11.885 20.622 0.208
87.608 91.825 0.761
47.355 55.455 0.283
64.615 80.027 1.722
49.245 83.286 0.531
34.592 81.157 0.488
60.940 85.544 0.283
27.579 53.287 1.106
13.349 26.471 1.404
89.599 92.610 1.690
14.055 63.389 0.471
10.830 38.247 1.092
79.684 89.887 1.643
54.873 58.788 0.656
62.877 73.760 1.614
64.884 76.152 1.486
86.649 88.079 1.303
44.114 59.552 0.238
48.262 71.480 1.641
14.555 43.496 1.346
3.480 9.211 0.229
54.909 62.470 1.109
70.990 74.073 1.043
3.903 23.681 1.398
77.728 91.836 1.980
3.299 71.627 0.203
19.512 86.284 0.108
73.174 80.641 0.995
29.444 83.787 1.297
26.437 62.757 1.295
49.918 64.126 0.670
36.116 46.861 1.038
34.342 59.314 0.307
4.222 28.099 1.637
12.775 72.265 0.074
71.185 92.469 1.323
73.017 76.686 1.663
85.885 89.529 1.602
6.584 67.692 0.026
55.007 92.143 1.718
28.516 83.245 1.787
2.453 6.490 1.274
52.472 56.139 0.030
31.573 35.569 1.636
79.357 80.575 0.415
31.035 47.769 0.909
79.857 85.436 0.095
25.582 75.431 1.231
80.252 87.598 1.640
41.854 63.263 1.215
17.752 75.598 0.397
63.415 69.646 0.747
87.674 91.060 0.617
33.971 61.667 0.392
11.418 24.321 0.589
50.094 73.977 1.472
2.488 31.420 1.142
30.642 55.301 1.852
19.015 90.268 0.434
5.760 34.447 0.722
36.822 81.136 0.275
40.241 85.311 1.580
67.961 76.864 0.472
40.041 75.223 0.302
67.332 75.427 1.208
23.687 83.811 1.050
65.692 66.528 0.380
27.747 66.870 0.872
32.130 72.095 0.548
34.303 58.855 0.657
84.529 89.785 1.734
74.404 82.245 1.666
63.481 75.527 1.228
21.072 61.890 1.577
15.252 41.145 0.853
24.953 30.476 1.993
83.490 92.046 1.206
1.195 43.973 1.019
49.209 83.151 0.410
4.150 37.502 1.961
74.973 82.073 1.156
2.900 38.852 0.783
73.495 81.601 1.501
62.036 90.253 0.861
34.685 82.880 1.342
34.468 58.174 0.078
69.018 77.234 0.858
12.962 84.094 0.652
11.116 69.415 0.841
20.342 69.198 0.530
46.059 86.240 0.898
61.583 75.067 0.973
43.991 69.328 1.334
50.360 58.010 0.317
77.041 81.856 1.282
64.239 76.458 1.140
47.729 87.167 0.618
72.938 88.714 1.372
41.200 43.336 1.694
89.234 91.589 1.539
85.998 91.947 0.057
8.232 30.542 0.592
0.835 30.668 0.503
34.331 87.534 1.879
89.574 91.620 1.140
42.164 69.221 0.984
13.824 90.846 1.013
65.049 73.225 0.724
4.697 90.189 1.341
7.254 40.850 1.693
32.092 92.881 1.984
82.040 92.013 1.745
54.087 68.736 0.466
41.233 51.121 0.843
40.747 57.743 0.102
71.130 74.025 1.140
27.835 67.360 1.682
79.318 90.048 0.140
7.509 48.142 1.103
84.356 92.542 1.647
76.335 91.041 0.397
11.138 13.430 1.154
67.219 86.550 1.226
85.482 90.581 1.590
32.471 72.306 1.205
38.225 46.676 0.245
60.968 89.729 1.679
28.447 84.235 0.403
5.213 62.693 0.060
2.977 54.437 0.036
24.709 76.896 1.822
42.128 65.121 1.059
81.837 92.226 1.876
15.123 27.482 0.413
26.898 76.066 1.740
9.913 60.591 0.850
80.931 90.733 0.747
66.494 80.310 0.946
49.921 80.800 1.894
37.484 80.088 0.953
73.410 90.230 0.959
60.177 80.997 1.699
24.967 41.819 0.551
17.266 65.110 0.215
3.692 64.409 1.998
14.876 19.861 0.360
85.067 90.783 0.662
52.969 71.681 1.599
28.249 62.902 1.729
70.501 77.611 0.611
65.942 67.009 0.888
42.672 44.487 0.731
83.691 91.973 0.939
55.834 64.253 1.705
29.389 80.660 0.459
3.876 5.527 0.979
31.598 72.866 1.433
44.334 60.550 0.163
28.856 74.543 0.555
68.961 73.672 0.505
62.289 74.699 0.867
38.879 54.843 1.538
81.939 86.902 1.883
24.492 34.304 1.727
4.689 80.885 0.503
31.482 47.837 1.184
9.410 88.319 1.166
22.836 33.199 0.632
14.500 76.592 1.085
18.894 55.675 1.972
15.590 33.120 0.193
89.459 92.181 0.369
27.862 84.023 1.011
49.989 79.301 1.870
49.608 57.605 0.162
54.406 75.227 0.567
2.689 62.413 1.991
65.939 86.553 1.360
82.337 88.807 0.957
51.387 87.864 0.816
44.878 92.787 0.387
59.056 78.546 1.589
58.663 88.508 0.088
62.890 68.784 1.740
11.541 15.976 1.410
41.288 61.797 1.225
39.774 55.120 0.951
4.743 89.089 0.108
28.516 77.444 0.375
78.247 81.539 0.935
15.142 65.092 1.114
88.638 90.450 1.421
74.264 76.251 0.184
59.765 70.491 1.434
78.920 90.876 0.309
75.943 90.842 0.403
67.406 80.078 1.246
2.889 57.604 0.034
0.379 59.938 0.812
41.351 84.405 0.842
50.050 86.182 1.003
18.260 81.994 1.636
53.197 65.374 1.919
89.728 92.149 1.219
14.110 23.048 1.259
15.780 88.930 1.100
63.102 65.019 1.175
24.599 40.367 1.558
42.796 92.201 0.497
80.571 85.671 0.934
68.741 70.304 0.074
11.786 46.297 1.931
44.471 54.851 1.372
65.096 67.971 1.234
5.337 51.417 0.893
86.534 92.753 0.071
21.056 91.429 0.566
48.429 58.136 1.818
5.892 41.074 0.366
87.621 92.463 0.508
58.185 90.520 1.199
28.579 32.034 1.486
79.571 82.283 0.875
26.898 38.632 0.691
79.258 81.479 0.970
48.825 68.634 0.347
41.997 64.044 0.842
47.655 61.895 0.508
80.645 84.569 0.229
23.976 36.846 0.155
77.132 79.035 1.026
70.271 85.490 0.659
80.153 89.559 1.164
17.546 48.059 0.575
15.409 62.879 0.394
78.612 90.540 0.317
46.018 67.527 0.280
55.702 84.429 0.344
47.847 71.240 0.265
65.549 91.469 1.507
28.538 68.786 1.381
48.998 68.265 1.232
60.781 71.559 0.412
51.124 62.154 0.647
41.598 46.105 1.212
77.780 82.755 1.768
40.945 91.020 1.804
1.695 72.706 0.684
6.218 58.339 0.975
