25.653 31.636 0.130
19.862 30.681 1.383
15.904 19.520 1.371
20.685 30.586 1.456
0.932 22.218 1.737
21.197 27.789 0.171
28.437 29.777 0.118
4.355 22.861 1.964
8.767 18.841 1.845
20.836 23.102 0.437
7.216 30.582 1.043
3.193 17.367 1.805
2.403 8.955 1.564
29.232 32.713 1.552
6.319 7.329 0.913
22.519 26.897 0.228
9.334 12.156 1.985
7.562 14.148 0.379
4.605 29.887 1.241
28.173 32.023 0.391
19.367 31.881 1.314
13.664 27.125 1.843
4.523 21.289 1.273
12.661 24.522 1.886
17.357 22.150 1.073
11.909 13.356 0.701
23.858 24.866 0.393
11.682 14.292 1.181
5.930 23.483 0.312
13.630 27.503 1.209
13.239 21.901 1.369
25.072 27.602 1.184
28.484 31.319 1.752
29.624 32.687 0.371
17.233 27.454 0.884
21.256 24.680 0.099
7.806 30.448 0.815
21.306 31.936 1.457
11.807 31.039 0.795
9.258 23.138 0.776
10.607 27.671 1.467
22.091 24.884 1.479
6.005 24.548 0.545
27.334 30.622 0.736
3.281 10.763 1.815
15.539 23.931 1.310
20.629 21.780 0.181
2.273 13.220 0.056
9.217 13.806 1.395
11.845 26.184 0.136
21.748 29.679 0.397
18.471 26.972 1.310
2.949 5.477 1.091
29.237 32.915 0.928
21.836 29.767 1.062
20.784 25.986 0.744
1.499 8.185 1.620
1.825 26.415 0.621
6.374 19.611 0.644
0.275 17.327 0.880
18.178 25.032 1.517
10.494 31.799 1.685
18.699 21.352 1.995
16.886 24.177 1.727
9.192 10.381 0.568
18.377 19.417 0.782
0.931 28.574 0.911
28.103 31.884 0.804
18.348 31.376 1.617
17.478 19.800 1.190
23.795 29.610 0.924
17.683 30.392 1.138
20.183 20.994 0.687
8.019 14.342 0.683
23.131 31.812 0.743
3.506 22.594 1.451
26.818 30.299 0.366
27.060 32.848 1.560
5.921 27.880 1.803
28.602 32.704 1.698
18.861 27.726 0.371
7.950 26.426 0.501
23.643 30.421 0.342
14.428 29.439 0.163
25.660 28.090 0.249
17.200 29.465 0.946
5.756 32.872 1.456
0.461 23.366 1.295
5.224 12.966 0.144
20.299 28.113 1.678
11.137 17.417 1.559
19.147 22.350 0.463
29.131 29.770 0.563
23.077 23.832 0.304
0.277 21.595 0.697
10.297 20.237 0.829
2.720 24.222 1.090
10.140 30.334 1.315
16.064 18.057 1.140
13.973 22.392 0.520
25.900 27.409 0.973
16.974 29.764 1.419
25.927 29.202 1.701
25.931 31.537 1.290
24.859 32.153 1.531
27.250 31.124 1.825
13.205 20.352 0.215
24.692 26.813 0.855
0.026 25.831 1.315
1.912 14.012 0.180
20.517 23.807 1.615
4.286 14.288 0.097
0.557 22.258 1.957
1.610 22.283 1.828
12.951 17.847 0.042
11.758 28.652 1.308
0.685 6.582 1.652
19.028 32.787 1.101
13.903 19.946 0.430
23.465 28.403 0.685
18.241 32.773 0.205
22.675 27.551 0.302
21.349 30.833 1.997
19.250 32.326 1.242
20.645 27.903 0.580
8.712 26.329 1.096
7.393 20.563 1.093
28.562 32.272 1.340
18.701 30.302 0.892
22.366 26.115 1.978
18.884 27.975 1.820
27.552 30.734 1.011
13.492 31.943 1.779
5.488 11.475 0.504
21.915 29.550 1.882
1.241 3.575 1.283
16.691 24.573 1.089
1.841 7.559 1.992
18.027 20.698 0.101
19.807 24.430 0.665
19.608 25.803 0.821
6.649 12.166 1.357
14.926 29.635 1.015
13.052 19.830 0.009
11.277 29.293 0.257
21.999 29.712 1.782
19.518 29.687 1.029
22.115 28.208 1.914
10.898 30.914 0.224
24.637 26.356 0.910
