7.865 51.334 0.215
48.943 50.440 1.169
3.424 23.565 0.662
21.543 47.139 1.469
29.835 43.659 1.756
45.367 47.434 0.412
8.956 23.664 0.879
10.839 44.241 1.669
42.807 47.768 0.796
47.438 51.843 0.095
15.030 24.229 1.039
33.435 37.288 0.579
43.611 51.673 0.945
45.589 47.753 1.171
22.301 47.656 1.364
49.103 52.045 1.931
4.399 32.478 0.101
43.126 49.554 1.185
29.026 48.052 0.566
19.358 24.932 1.763
48.398 50.389 0.115
17.193 17.979 0.717
15.853 44.989 0.423
24.538 49.854 0.122
19.880 35.257 1.137
35.328 46.140 1.137
30.311 39.069 0.391
38.801 47.603 1.812
40.605 52.441 1.598
38.508 47.784 0.394
25.697 48.520 1.687
36.459 47.220 1.381
19.826 52.459 1.757
26.644 42.661 0.506
34.039 52.128 1.282
28.112 41.075 0.543
10.132 18.868 1.752
7.451 39.395 1.444
27.841 52.915 1.244
49.997 52.122 1.196
26.260 48.540 0.091
44.633 47.602 1.102
0.267 43.717 1.867
4.991 46.052 0.262
19.080 22.719 1.525
16.327 19.112 0.032
18.491 26.442 0.013
28.730 38.302 1.493
21.970 47.671 0.229
19.738 50.856 0.640
29.858 50.198 1.129
29.238 37.201 0.473
11.704 39.202 1.254
32.891 43.699 1.521
25.575 37.293 0.351
23.550 49.895 1.969
1.108 6.046 0.147
19.469 50.772 0.634
41.617 47.822 1.147
19.735 37.977 1.839
5.631 26.430 1.722
37.642 42.692 1.991
1.509 8.425 0.931
17.772 51.064 0.681
1.021 42.040 1.885
38.833 49.856 1.553
30.706 31.967 0.088
27.702 32.332 1.395
14.321 28.068 1.463
17.385 49.937 1.020
47.232 52.457 1.850
28.510 46.031 1.879
15.332 32.485 1.982
47.015 50.570 1.209
8.281 11.849 1.449
16.173 25.044 1.006
0.772 28.953 0.315
15.043 36.536 1.697
17.467 21.610 0.002
14.289 15.416 1.097
38.284 51.800 0.153
40.303 45.431 0.417
22.394 49.341 1.550
45.756 50.806 1.077
12.493 38.995 1.226
35.691 46.382 1.907
7.256 46.622 0.695
38.914 52.267 1.482
40.321 42.011 0.218
1.270 25.103 1.885
10.141 19.637 1.275
16.607 40.759 1.521
47.700 51.174 0.308
8.882 13.056 0.846
19.726 45.601 1.512
41.583 47.050 1.384
24.924 28.444 1.282
14.206 23.473 0.365
31.062 52.541 0.065
16.686 36.766 1.962
2.785 24.255 1.142
7.190 14.852 0.796
15.114 17.514 0.437
13.263 47.448 1.193
16.703 50.281 1.166
36.798 49.595 0.051
31.784 34.126 0.161
26.244 38.575 1.199
1.030 51.926 1.334
21.017 32.085 0.151
41.043 51.868 0.216
29.302 34.887 1.421
30.723 36.957 0.086
28.050 44.291 1.231
41.929 49.460 1.095
28.567 37.812 1.918
2.559 13.956 1.317
39.645 44.170 1.691
44.041 49.512 0.977
38.293 49.083 0.042
23.098 36.200 0.580
32.478 51.443 0.180
1.253 40.277 0.431
26.960 27.704 0.652
45.560 48.603 1.406
38.551 41.678 0.099
12.317 14.428 1.094
7.195 25.383 1.075
22.823 25.126 1.694
20.527 44.631 0.311
18.050 24.264 0.760
18.003 29.708 0.990
18.729 42.998 1.107
22.947 29.828 0.743
49.789 51.154 0.310
22.703 47.820 0.423
44.862 49.184 1.405
35.257 44.091 0.574
8.800 23.836 0.940
21.033 35.486 0.043
15.006 16.378 0.665
27.596 47.517 1.693
31.346 46.299 1.099
48.857 52.772 0.953
34.481 48.528 1.305
45.273 48.990 1.105
19.063 26.939 1.591
13.889 29.020 0.149
16.509 19.872 0.874
22.864 26.135 0.997
39.381 48.405 0.283
40.916 44.241 0.842
42.839 47.219 1.527
3.897 15.142 0.121
25.632 41.853 0.833
24.905 37.918 1.837
10.767 49.320 1.130
27.021 33.166 1.206
31.565 49.001 0.904
15.476 35.786 1.150
33.816 38.033 1.930
14.615 14.820 0.072
19.933 26.151 0.280
31.152 50.999 0.040
38.166 44.681 1.734
24.798 36.982 1.144
39.863 43.327 0.336
26.832 45.478 0.668
22.109 37.472 1.523
2.731 49.462 1.038
22.668 30.241 1.285
12.928 52.893 1.550
20.666 27.213 0.450
42.193 49.613 0.932
0.812 10.069 0.657
49.597 52.328 1.998
42.561 48.348 0.150
43.324 48.125 1.378
29.713 46.147 1.429
14.504 39.107 1.736
21.763 49.200 1.307
27.525 32.000 0.266
17.046 50.014 1.261
17.570 40.836 0.886
0.746 29.458 0.413
45.405 48.392 1.626
39.276 43.778 1.261
11.113 33.783 0.498
37.698 39.876 1.654
38.737 42.413 1.934
0.064 36.244 1.728
18.854 45.560 0.817
4.813 23.402 1.860
42.360 51.041 1.643
10.282 44.163 1.298
32.194 43.302 1.484
19.918 37.274 1.465
36.952 46.904 0.593
44.263 51.452 0.944
47.223 52.377 0.842
28.561 52.022 1.406
38.627 46.620 1.015
2.036 24.791 1.259
40.883 48.193 0.547
28.788 51.504 0.897
36.279 43.008 0.793
32.197 48.474 0.461
9.734 33.643 0.668
5.782 22.202 0.022
12.622 31.659 0.698
45.108 49.471 1.560
19.755 40.914 1.458
18.551 24.010 0.087
9.864 15.801 0.249
21.114 45.779 0.121
40.606 47.720 0.994
5.847 16.474 1.656
25.927 48.826 1.920
43.486 49.007 1.060
12.818 42.621 0.865
3.536 7.100 1.215
2.199 36.221 0.362
10.724 47.017 1.920
21.322 33.155 1.098
40.542 41.650 0.416
38.708 51.140 0.329
7.981 47.517 1.047
23.754 25.898 0.507
5.626 11.372 0.804
47.678 50.310 2.000
42.224 50.838 0.125
7.007 52.851 1.667
2.144 13.276 0.003
31.404 46.687 1.388
20.867 46.474 1.484
20.412 37.239 0.671
32.966 45.078 0.274
45.387 51.666 0.512
28.562 42.907 1.643
9.044 46.891 0.892
32.775 37.784 1.387
32.649 40.434 1.029
31.785 51.820 1.501
45.547 51.303 0.907
39.918 45.205 0.750
40.182 41.844 0.009
15.978 28.340 0.636
33.938 47.689 1.796
24.973 47.934 0.734
3.464 52.259 1.546
