3.412 10.431 0.994
4.583 9.926 0.765
4.789 8.372 1.213
0.053 2.528 1.416
5.608 9.627 1.726
6.726 9.347 0.994
7.068 9.540 1.106
8.601 10.240 1.262
3.368 9.852 0.263
8.565 9.851 1.224
2.969 8.782 0.112
1.185 10.762 1.694
5.372 11.243 1.443
0.132 8.607 0.253
5.554 6.386 0.435
1.520 5.916 1.248
2.875 9.156 0.735
7.222 10.502 1.614
5.500 11.513 1.596
1.303 6.361 1.260
2.283 10.632 0.273
0.595 7.499 0.856
2.721 5.663 1.096
2.802 10.277 0.221
1.212 9.835 0.568
8.057 11.394 1.579
5.537 11.177 0.722
2.056 5.669 1.727
2.246 11.869 1.085
0.484 6.604 0.163
3.841 6.093 0.189
8.024 9.004 0.466
1.126 3.711 1.863
0.424 4.396 0.117
8.232 10.315 0.797
8.515 11.157 1.674
7.579 10.173 1.387
2.332 7.418 0.009
8.593 10.020 0.797
5.270 10.035 0.510
8.508 11.712 0.871
0.065 7.994 1.882
7.075 8.766 1.153
2.001 2.806 0.766
3.761 9.254 0.164
