96.918 98.872 0.060
14.526 25.093 0.208
107.076 111.690 0.761
57.879 67.611 0.283
78.974 97.282 1.722
60.188 101.250 0.531
42.279 98.639 0.488
74.483 104.029 0.283
33.708 64.722 1.106
16.315 31.988 1.404
109.510 112.589 1.690
17.178 77.021 0.471
13.237 46.366 1.092
97.391 109.275 1.643
67.067 71.661 0.656
76.849 89.693 1.614
79.303 92.621 1.486
105.904 107.353 1.303
53.917 72.541 0.238
58.986 86.848 1.641
17.789 52.731 1.346
4.253 11.169 0.229
67.111 76.032 1.109
86.766 90.259 1.043
4.770 28.558 1.398
95.001 111.597 1.980
4.032 87.026 0.203
23.848 104.850 0.108
89.435 98.187 0.995
35.987 101.795 1.297
32.311 76.212 1.295
61.011 78.062 0.670
44.142 56.967 1.038
41.973 72.174 0.307
5.160 33.902 1.637
15.614 87.825 0.074
87.004 112.361 1.323
89.243 93.325 1.663
104.971 108.954 1.602
8.047 82.262 0.026
67.231 111.959 1.718
34.853 101.120 1.787
2.998 7.637 1.274
64.133 68.549 0.030
38.589 43.097 1.636
96.991 98.353 0.415
37.931 58.062 0.909
97.602 104.130 0.095
31.267 91.631 1.231
98.086 106.545 1.640
51.155 76.891 1.215
21.697 91.865 0.397
77.507 84.862 0.747
107.157 110.847 0.617
41.520 75.014 0.392
13.955 29.514 0.589
61.226 89.905 1.472
3.041 38.020 1.142
37.451 67.082 1.852
23.241 109.682 0.434
7.040 41.777 0.722
45.004 98.628 0.275
49.184 103.649 1.580
83.063 93.647 0.472
48.939 91.475 0.302
82.294 91.808 1.208
28.951 101.827 1.050
80.290 81.218 0.380
33.913 81.255 0.872
39.271 87.638 0.548
41.926 71.573 0.657
103.313 109.205 1.734
90.939 100.043 1.666
77.588 91.887 1.228
25.755 75.117 1.577
18.642 49.943 0.853
30.499 36.794 1.993
102.044 111.879 1.206
1.460 53.316 1.019
60.145 101.093 0.410
5.072 45.317 1.961
91.634 99.910 1.156
3.545 47.118 0.783
89.828 99.279 1.501
75.822 109.686 0.861
42.393 100.697 1.342
42.127 70.822 0.078
84.356 94.055 0.858
15.842 102.173 0.652
13.586 84.313 0.841
24.862 84.090 0.530
56.294 104.806 0.898
75.268 91.347 0.973
53.766 84.251 1.334
61.551 70.727 0.317
94.162 99.669 1.282
78.514 93.029 1.140
58.335 105.940 0.618
89.146 107.845 1.372
50.356 52.587 1.694
109.063 111.481 1.539
105.109 111.812 0.057
10.061 37.059 0.592
1.021 37.194 0.503
41.960 106.343 1.879
109.480 111.563 1.140
51.534 84.150 0.984
16.896 110.379 1.013
79.505 89.198 0.724
5.741 109.577 1.341
8.866 49.441 1.693
39.224 112.855 1.984
100.271 111.823 1.745
66.107 83.699 0.466
50.396 62.209 0.843
49.802 70.344 0.102
86.937 90.187 1.140
34.020 81.781 1.682
96.944 109.530 0.140
9.178 58.398 1.103
103.101 112.460 1.647
93.299 110.676 0.397
13.613 16.152 1.154
82.157 105.220 1.226
104.478 110.171 1.590
39.687 87.847 1.205
46.720 56.902 0.245
74.516 109.034 1.679
34.769 102.366 0.403
6.372 76.184 0.060
3.639 66.150 0.036
30.200 93.380 1.822
51.490 79.167 1.059
100.023 112.075 1.876
18.484 33.409 0.413
32.875 92.377 1.740
12.116 73.578 0.850
98.915 110.329 0.747
81.270 97.717 0.946
61.014 98.162 1.894
45.813 97.327 0.953
89.724 109.682 0.959
73.549 98.441 1.699
30.515 50.858 0.551
21.102 79.141 0.215
4.512 78.128 1.998
18.182 24.160 0.360
103.971 110.449 0.662
64.740 87.116 1.599
34.527 76.348 1.729
86.168 94.564 0.611
80.596 81.700 0.888
52.155 54.200 0.731
102.289 111.801 0.939
68.242 78.098 1.705
35.920 98.028 0.459
4.737 6.534 0.979
38.619 88.509 1.433
54.186 73.761 0.163
35.269 90.599 0.555
84.285 89.832 0.505
76.131 90.923 0.867
47.519 66.600 1.538
100.147 105.712 1.883
29.935 41.509 1.727
5.730 98.269 0.503
38.478 58.103 1.184
11.501 107.302 1.166
27.910 40.363 0.632
17.722 93.036 1.085
23.093 67.499 1.972
19.055 40.297 0.193
109.339 112.150 0.369
34.054 102.090 1.011
61.098 96.340 1.870
60.631 70.255 0.162
66.496 91.530 0.567
3.287 75.693 1.991
80.592 105.211 1.360
100.634 108.072 0.957
62.807 106.784 0.816
54.851 112.743 0.387
72.180 95.474 1.589
71.700 107.594 0.088
76.866 83.642 1.740
14.106 19.200 1.410
50.463 75.107 1.225
48.613 67.032 0.951
5.798 108.248 0.108
34.853 94.128 0.375
95.635 99.373 0.935
18.507 79.042 1.114
108.335 110.188 1.421
90.768 93.094 0.184
73.046 85.735 1.434
96.458 110.497 0.309
92.819 110.438 0.403
82.385 97.413 1.246
3.532 69.997 0.034
0.463 72.766 0.812
50.540 102.576 0.842
61.172 104.739 1.003
22.318 99.594 1.636
65.019 79.410 1.919
109.668 112.123 1.219
17.245 27.851 1.259
19.286 108.048 1.100
77.125 79.196 1.175
30.066 48.924 1.558
52.306 112.032 0.497
98.475 104.335 0.934
84.017 85.871 0.074
14.405 56.058 1.931
54.354 66.666 1.372
79.562 82.777 1.234
6.523 62.400 0.893
105.763 112.723 0.071
25.735 111.092 0.566
59.191 70.603 1.818
7.201 49.886 0.366
107.093 112.405 0.508
71.115 109.999 1.199
34.930 38.812 1.486
97.253 100.305 0.875
32.875 46.977 0.691
96.871 99.326 0.970
59.675 83.547 0.347
51.329 77.886 0.842
58.245 75.367 0.508
98.566 103.124 0.229
29.304 44.883 0.155
94.272 96.344 1.026
85.886 103.998 0.659
97.965 108.914 1.164
21.445 58.396 0.575
18.833 76.412 0.394
96.082 110.097 0.317
56.244 82.197 0.280
68.081 102.661 0.344
58.480 86.699 0.265
80.116 111.148 1.507
34.880 83.543 1.381
59.886 82.995 1.232
74.288 87.182 0.412
62.485 75.690 0.647
50.842 56.055 1.212
95.065 100.687 1.768
50.043 110.591 1.804
2.071 88.311 0.684
7.600 70.818 0.975
100.516 108.218 0.653
104.588 109.405 1.684
77.742 92.708 0.272
28.568 108.713 1.889
28.132 44.190 0.804
45.454 63.289 1.666
48.556 74.177 1.416
34.477 111.676 1.997
4.049 108.216 1.960
82.905 90.310 0.539
64.009 73.964 0.025
101.299 109.782 0.388
83.654 108.836 0.798
88.361 112.137 0.463
74.516 85.284 0.825
0.238 48.859 0.040
90.167 98.155 0.488
6.375 10.912 0.251
107.546 109.245 1.037
6.429 70.394 1.462
69.628 85.342 0.623
14.126 105.194 0.418
99.640 108.352 0.298
57.765 101.166 0.321
80.062 108.447 1.469
67.557 92.978 1.685
9.682 87.386 1.229
10.558 47.984 1.250
67.641 86.979 1.475
68.171 100.790 1.635
3.710 64.516 0.104
53.562 58.755 1.016
87.729 90.172 1.959
69.611 103.813 1.194
6.560 39.901 0.057
66.818 85.185 1.238
83.489 107.366 1.938
108.016 111.224 1.630
60.715 88.728 0.258
67.057 96.511 1.847
30.005 68.525 1.017
65.254 88.697 1.769
17.598 65.152 1.503
86.044 108.685 1.469
96.619 103.814 1.281
29.112 83.681 0.095
1.685 106.152 1.644
83.583 94.688 1.919
95.360 100.136 0.136
19.451 56.995 1.439
62.720 83.820 1.315
1.628 109.484 1.005
68.272 105.531 1.016
94.433 96.154 0.931
16.308 103.950 1.374
11.139 12.382 0.806
71.424 112.921 1.923
35.867 107.192 0.917
88.330 98.772 0.504
68.185 95.116 1.639
18.423 93.903 0.703
67.755 106.494 1.514
63.273 109.205 0.414
40.912 103.386 0.883
61.293 76.042 1.029
47.052 93.156 0.499
82.049 97.795 1.079
73.905 96.368 0.853
61.427 110.664 0.002
10.759 101.837 1.221
19.367 23.392 1.445
31.512 47.256 0.917
58.553 112.387 1.327
68.393 84.963 0.212
36.179 55.863 0.048
106.703 110.243 0.032
70.427 91.353 0.982
103.850 112.543 1.205
7.338 74.284 0.982
6.999 9.571 0.900
31.086 48.745 1.342
25.809 72.249 1.216
89.942 104.188 1.652
14.093 94.113 1.922
70.535 80.831 0.670
40.691 57.782 1.416
22.499 109.674 1.743
8.634 16.311 0.138
73.586 97.663 1.932
37.196 91.437 0.445
80.435 110.024 1.862
86.836 89.450 1.345
40.741 80.791 1.862
86.578 111.822 0.877
68.054 76.098 1.264
70.387 101.167 0.581
78.874 98.190 0.218
47.623 86.140 0.515
42.386 45.808 1.121
106.301 110.897 1.154
4.566 74.630 0.172
60.467 66.901 1.206
29.226 107.586 0.764
98.190 100.863 1.415
27.907 112.364 1.760
28.270 44.467 0.863
6.610 85.879 1.333
55.609 90.304 1.450
79.498 103.558 1.341
90.818 96.334 1.386
56.113 110.061 0.270
92.953 100.728 0.895
18.601 72.704 0.992
79.132 90.569 0.153
87.243 109.540 1.109
74.523 79.079 0.040
45.132 79.245 0.790
65.147 81.439 1.796
25.255 88.290 1.976
57.315 62.345 1.432
33.349 95.963 1.898
105.468 108.442 1.920
87.706 90.060 1.257
98.069 110.565 0.147
80.096 103.132 1.422
83.365 89.013 1.478
60.020 71.440 1.863
26.161 83.713 1.928
105.314 109.777 0.943
57.979 105.371 1.470
55.455 65.925 0.525
58.923 84.025 1.373
27.719 93.080 1.684
44.840 61.590 0.664
19.689 110.906 1.568
0.869 10.463 1.362
3.451 38.619 0.250
76.772 84.236 0.028
25.440 56.928 1.591
103.541 108.518 1.909
50.436 86.728 1.862
19.209 48.375 0.548
47.317 57.838 0.499
7.328 63.872 1.627
86.350 92.257 1.037
99.043 109.429 0.136
52.336 85.179 1.311
52.051 95.172 1.996
32.959 71.309 0.644
80.972 104.180 0.307
86.319 105.182 0.203
57.681 77.849 1.615
24.701 36.575 1.286
30.529 84.406 0.304
91.526 109.275 1.203
81.878 106.941 0.636
44.189 57.933 1.921
47.774 54.766 1.381
15.838 75.374 0.984
15.845 111.007 0.554
12.643 31.816 1.684
40.707 109.497 0.905
58.809 75.541 0.197
105.122 111.336 1.554
97.878 101.079 1.839
2.521 108.693 0.989
74.842 95.606 0.768
26.776 38.056 0.592
67.775 79.402 1.793
101.722 110.593 1.325
68.896 97.237 1.620
39.704 58.319 0.405
92.037 101.801 0.112
59.161 96.438 0.909
34.964 48.095 0.222
79.458 111.904 0.633
59.950 76.230 0.485
91.100 106.572 0.361
82.637 85.257 0.445
94.245 97.579 1.241
37.115 106.865 1.566
32.281 63.103 1.497
92.124 95.331 0.121
23.664 73.452 1.428
28.810 77.316 0.623
18.182 61.331 1.872
62.975 80.912 0.779
76.688 98.323 0.217
22.908 101.313 1.953
0.406 108.387 0.960
66.862 97.981 0.964
40.486 61.943 1.903
20.092 109.823 1.984
44.340 68.553 1.672
89.700 112.484 1.605
36.689 108.862 0.554
34.218 63.681 0.000
3.095 54.881 1.885
103.450 109.897 0.842
26.561 72.429 0.750
100.641 105.566 0.446
76.883 85.260 1.685
102.907 106.451 0.777
41.755 53.747 0.749
55.267 96.255 1.717
81.737 91.517 1.004
7.745 67.321 1.558
92.107 101.265 1.263
2.219 62.573 1.413
36.796 53.159 1.337
45.226 53.778 1.260
77.118 103.624 0.038
22.865 66.914 0.948
4.126 82.379 0.227
83.778 110.399 0.986
82.650 101.485 1.422
44.044 79.317 1.497
30.156 107.470 0.210
72.817 110.377 1.623
69.370 97.569 1.105
68.326 91.595 0.180
102.803 108.139 0.907
59.121 74.713 1.699
104.568 108.785 1.229
34.060 91.652 0.447
93.339 104.422 1.937
65.063 107.725 0.780
33.849 59.318 0.042
58.117 69.730 1.593
37.085 73.239 1.368
58.980 112.779 1.829
74.321 107.082 1.296
109.006 112.567 1.329
61.957 107.961 1.352
83.070 90.423 0.984
15.771 108.367 1.564
83.305 98.197 0.370
98.939 108.021 1.677
109.043 111.361 0.183
51.473 103.381 0.678
103.168 112.566 0.954
3.572 32.280 0.886
16.893 58.266 1.069
45.112 92.467 1.464
27.679 90.677 0.248
2.498 86.435 1.670
37.092 76.045 1.619
35.444 90.608 1.962
85.950 104.446 0.561
4.116 60.726 0.220
71.505 73.955 1.939
105.233 106.599 0.329
84.698 107.553 1.322
107.425 112.413 0.221
103.350 112.679 0.651
106.012 110.527 1.601
88.156 106.128 0.742
78.108 80.042 1.179
1.517 102.127 0.316
5.271 101.442 0.501
23.130 28.889 0.104
15.946 39.654 1.768
49.573 109.248 1.328
27.585 105.765 1.499
7.009 16.688 0.627
92.584 99.776 1.882
64.687 85.498 0.725
36.286 53.646 0.283
61.498 111.270 1.824
43.709 86.994 0.086
86.924 90.045 1.342
77.208 98.563 1.852
19.974 111.987 1.310
34.796 106.525 0.142
64.099 110.846 1.745
101.111 111.895 1.405
51.205 61.425 0.984
64.321 65.855 1.313
82.553 86.233 0.401
16.295 49.964 1.225
77.266 88.391 1.529
73.670 98.614 0.113
109.174 110.312 0.492
68.010 73.550 1.731
48.472 66.526 0.166
17.685 110.919 0.217
24.949 111.012 0.842
56.180 62.758 1.898
13.146 71.805 1.598
84.987 96.857 0.187
15.385 20.086 1.367
28.055 68.297 1.225
75.003 91.721 1.085
102.074 108.766 1.727
8.067 58.664 0.504
77.329 108.335 0.445
55.989 57.744 1.585
70.327 104.717 0.144
92.741 95.393 1.047
16.251 51.228 1.156
