1.330 3.428 0.672
6.966 9.996 0.915
0.683 2.694 1.250
3.064 5.173 1.863
6.262 7.560 0.580
5.383 6.971 0.821
4.396 7.590 1.208
3.264 7.976 1.196
5.984 9.115 1.658
5.046 7.612 1.132
1.290 6.782 1.476
6.336 7.422 0.486
4.233 8.185 1.397
2.459 3.975 0.989
5.185 8.637 1.224
4.838 6.977 1.609
4.032 9.626 1.735
4.303 5.942 1.455
4.674 7.690 1.953
3.984 5.536 0.612
0.760 8.884 1.738
5.210 6.985 0.310
0.555 6.664 0.153
5.740 8.251 1.090
2.863 6.505 0.597
3.508 5.812 0.305
5.166 9.271 0.628
6.714 9.577 1.747
2.100 4.753 1.888
0.460 6.211 1.570
4.267 6.456 1.912
6.129 8.263 1.308
0.734 3.619 1.010
2.032 7.250 1.840
4.640 7.396 0.229
