69.405 92.636 1.193
1.294 35.040 0.998
17.529 78.647 1.664
74.575 75.880 1.261
78.857 83.305 1.633
6.304 85.808 1.093
36.948 88.212 1.238
70.897 76.554 1.710
18.059 58.773 1.361
18.158 80.026 1.353
15.884 83.820 1.427
77.044 86.471 1.201
85.899 92.978 1.885
55.853 83.381 0.761
59.084 88.114 1.525
75.671 80.256 0.428
54.387 89.123 1.877
8.029 26.962 0.004
74.778 85.631 0.504
27.598 33.031 1.932
39.687 70.432 0.518
66.969 90.999 0.295
83.142 84.798 1.201
15.159 54.978 0.294
18.213 77.223 0.508
34.951 88.703 1.361
10.902 64.198 0.762
38.352 52.051 1.472
76.275 83.519 0.174
65.162 82.909 1.801
83.128 85.287 1.272
68.543 70.712 0.978
6.680 86.221 1.113
44.328 78.000 1.994
88.025 92.117 1.517
19.359 83.000 1.560
60.792 67.577 0.804
89.305 91.611 0.741
65.794 70.282 1.811
59.487 80.783 0.105
29.356 60.983 0.639
84.751 91.761 1.842
67.395 82.130 0.832
27.035 67.667 0.428
80.708 92.726 0.789
14.107 33.725 1.773
4.197 8.557 0.389
80.183 83.254 1.645
79.607 84.275 0.365
1.090 47.970 0.677
24.448 55.425 1.077
83.782 84.609 0.822
5.307 34.477 0.302
13.824 52.633 1.835
7.504 73.344 0.750
46.600 49.356 1.568
82.197 89.758 1.393
38.849 55.755 1.813
51.728 80.805 0.733
8.899 49.636 1.283
1.447 75.372 0.933
47.207 80.822 0.480
7.045 58.265 1.746
75.033 77.642 0.737
77.190 84.750 0.388
19.716 59.257 1.066
18.051 56.970 0.441
70.743 85.417 0.663
25.538 37.614 1.547
73.723 88.970 1.466
38.624 66.771 0.513
59.858 67.657 1.062
10.028 56.063 1.572
58.424 65.232 0.967
13.964 54.416 1.314
30.090 69.831 1.902
1.785 18.652 0.408
11.014 49.240 1.588
41.057 48.299 1.905
72.564 75.956 0.894
27.936 36.132 0.967
30.826 62.526 0.222
43.397 86.197 1.490
84.828 89.097 1.048
56.694 63.008 1.544
63.618 80.585 0.765
71.004 92.199 0.167
52.016 79.157 1.675
22.506 28.020 0.887
43.246 50.000 0.423
41.609 50.721 0.931
25.821 76.894 1.538
89.794 92.721 1.364
72.902 89.790 1.377
33.993 82.310 0.870
46.001 79.284 1.837
38.582 86.764 0.676
13.044 91.541 0.008
39.362 82.109 0.486
24.083 52.823 1.712
30.642 55.735 1.525
48.303 50.131 0.850
11.750 34.251 1.090
13.978 63.530 1.951
19.375 30.318 1.707
70.468 83.605 1.475
23.355 91.761 1.191
79.156 85.313 1.593
62.072 74.617 0.048
79.777 83.951 1.491
15.744 28.322 1.836
1.107 54.582 1.121
57.828 78.707 0.621
71.726 77.001 1.839
32.897 61.420 1.822
18.762 71.872 0.909
89.670 90.561 0.690
81.505 85.083 1.577
66.983 79.677 0.730
53.535 57.527 0.640
74.234 75.571 0.816
23.336 55.800 0.345
42.840 81.326 0.705
49.720 76.902 0.363
77.522 88.185 0.554
86.858 92.398 1.687
62.080 66.021 0.938
54.903 80.316 0.881
0.096 55.899 0.194
67.711 89.784 1.428
82.763 85.898 1.767
60.072 82.823 0.162
80.214 90.668 1.964
14.610 87.663 0.290
55.560 89.492 0.349
24.129 65.052 1.451
18.268 80.133 1.153
29.980 53.042 0.927
52.390 60.330 0.840
12.486 29.714 1.786
61.067 64.667 0.575
76.407 87.421 0.583
58.402 81.804 1.005
64.431 88.392 0.586
49.289 60.906 0.824
56.087 66.214 1.541
43.287 81.901 0.219
78.925 87.956 1.014
36.627 86.750 1.745
25.448 71.678 0.572
72.855 84.062 0.778
53.593 58.623 1.799
14.022 70.401 1.570
2.123 12.065 1.545
86.775 88.907 1.464
66.508 71.405 0.197
7.416 14.550 1.150
36.489 41.528 0.413
3.483 18.657 1.305
65.502 89.760 1.784
62.520 69.748 1.724
4.922 75.878 0.745
48.119 53.144 0.457
24.695 67.047 1.779
34.921 88.371 1.653
67.016 78.981 0.994
74.487 81.477 0.162
82.908 91.917 1.557
49.132 66.127 0.580
73.874 89.044 1.695
26.956 39.563 0.702
53.662 91.026 1.074
14.827 43.455 0.418
39.725 47.007 1.773
43.235 73.616 1.298
81.452 85.474 0.859
53.884 84.224 1.640
54.027 62.618 0.155
3.969 27.029 0.886
33.963 64.973 0.288
46.520 91.212 0.281
36.234 70.141 1.865
0.085 75.359 1.713
34.943 60.469 1.804
60.083 74.116 0.103
50.432 76.380 0.802
83.834 91.578 0.681
87.415 89.355 1.791
48.827 70.017 1.363
52.033 52.579 0.374
54.442 59.069 0.387
21.880 40.899 1.775
48.196 66.212 0.607
53.700 61.716 0.190
74.371 75.385 0.794
59.262 86.189 0.643
62.003 63.285 0.943
32.702 79.175 1.983
77.038 78.753 1.461
73.221 79.732 1.576
55.958 81.890 1.223
26.871 78.393 0.964
22.001 92.143 1.281
1.560 3.535 0.366
65.983 92.138 1.569
11.374 33.816 1.787
38.516 54.411 1.665
31.408 55.447 0.827
24.745 89.140 1.693
3.475 39.494 1.318
83.413 85.710 0.094
37.838 57.648 1.966
34.863 56.402 1.429
77.448 89.697 1.383
44.221 61.699 2.000
50.649 88.831 0.616
62.190 83.057 1.930
16.881 44.672 1.707
3.491 30.692 1.889
58.982 71.355 0.210
47.652 90.544 0.966
86.531 89.457 0.200
65.253 79.744 1.665
28.428 75.466 1.394
41.043 46.846 0.751
40.879 53.851 0.808
89.511 91.047 1.079
60.391 74.256 1.147
5.252 88.192 1.748
11.668 44.503 0.090
85.778 90.195 0.241
38.289 71.262 0.125
64.305 87.784 0.878
31.510 39.445 0.731
81.538 87.800 1.143
40.381 58.009 0.881
33.718 54.058 1.582
35.808 39.875 1.162
36.575 59.661 0.115
53.851 75.636 0.685
86.575 91.434 0.170
70.169 89.688 1.481
59.138 91.987 0.173
89.830 92.180 1.597
43.735 82.264 1.884
25.495 51.132 0.866
54.848 77.138 1.164
44.087 62.602 1.510
41.678 44.573 1.128
67.922 80.397 0.664
54.299 87.819 0.686
43.057 84.466 0.830
66.362 74.304 1.294
5.837 46.084 0.335
80.282 84.564 1.682
79.854 83.710 0.493
26.538 50.418 0.624
21.100 84.383 0.456
80.595 91.286 1.675
40.013 48.795 1.995
15.030 35.853 1.543
16.724 29.128 1.962
47.333 61.112 1.562
1.643 67.575 1.136
1.285 89.300 1.903
8.141 37.865 1.808
38.635 67.073 0.915
19.633 43.015 0.153
43.785 69.881 1.574
70.284 86.546 0.245
43.804 52.889 1.724
88.638 91.262 1.943
85.622 88.506 0.821
17.661 50.922 1.907
37.736 72.794 1.517
34.517 87.934 1.041
61.773 80.730 1.904
29.590 81.909 1.867
75.632 83.553 1.796
28.947 72.000 1.073
11.445 40.435 0.337
57.809 90.503 0.890
53.851 85.985 0.732
36.814 74.077 1.340
23.984 80.747 1.245
38.626 63.444 1.033
67.953 85.122 0.042
61.168 89.222 0.239
71.721 80.215 1.256
6.828 82.279 1.804
3.746 11.508 1.007
35.372 47.357 0.204
8.254 20.291 1.368
63.495 64.655 0.058
12.398 63.200 1.544
57.133 76.159 1.852
55.582 74.781 1.221
14.923 73.529 1.815
55.436 84.211 1.290
84.139 92.829 0.027
78.491 82.518 0.224
74.882 88.752 1.200
80.664 81.952 0.628
55.939 60.870 1.422
39.711 88.831 1.958
17.318 76.213 0.671
4.862 28.176 0.583
11.808 22.318 0.472
24.179 79.457 1.309
61.767 87.517 1.750
74.292 77.034 1.548
89.231 92.292 1.206
65.956 81.291 0.760
68.606 78.317 0.413
58.823 70.841 1.749
62.726 81.412 1.742
56.120 81.416 1.279
56.378 58.252 0.362
10.750 59.752 1.413
17.705 63.269 1.110
55.189 73.598 0.240
58.334 84.236 0.333
54.148 89.898 1.562
19.021 47.533 1.103
28.412 56.571 1.823
80.411 86.282 0.647
45.724 75.173 1.369
8.910 82.821 0.830
47.432 90.752 0.316
67.832 79.611 1.189
83.136 91.623 1.020
44.029 84.658 0.660
66.717 92.190 1.774
12.486 89.013 2.000
1.664 7.521 0.024
36.245 67.904 1.256
48.223 48.693 0.454
18.312 41.939 0.663
5.227 79.958 1.890
6.911 19.097 0.375
82.724 85.113 1.480
6.858 37.135 1.691
32.614 50.248 1.133
19.246 53.885 1.121
21.223 74.574 0.162
50.195 65.366 0.075
4.941 44.073 1.521
78.585 91.902 0.349
64.917 80.846 1.420
23.385 35.839 0.204
85.235 87.396 1.525
65.110 79.137 0.895
27.104 43.970 1.733
13.692 77.462 0.338
36.047 53.657 1.892
78.838 92.070 0.335
65.549 83.285 1.071
88.723 92.914 1.814
46.128 75.881 1.283
1.450 73.616 1.938
58.644 59.880 1.233
50.654 64.415 1.177
41.997 57.985 0.922
4.752 84.390 0.522
63.893 83.133 0.027
28.799 53.697 0.431
35.402 66.336 0.174
0.354 20.457 0.894
22.100 34.492 1.747
17.639 36.048 1.583
52.610 63.418 0.020
30.353 62.732 1.550
65.730 88.503 1.362
22.528 69.173 0.682
36.446 42.658 0.329
43.631 85.441 1.343
44.845 54.028 0.871
0.272 10.303 1.528
66.999 72.521 1.896
67.491 79.939 1.787
79.098 90.465 1.253
86.759 87.374 0.250
32.004 80.188 1.170
29.329 70.180 0.699
29.197 48.076 0.452
28.810 38.464 0.926
82.749 83.486 0.608
57.990 82.824 1.855
56.274 90.320 0.840
22.490 60.327 1.454
16.488 51.192 0.595
69.535 74.537 0.357
72.581 82.739 0.581
74.989 92.947 1.838
1.340 53.470 1.873
7.070 74.203 0.397
72.023 73.351 0.351
2.335 38.986 0.093
64.508 71.544 0.403
79.381 89.170 1.093
43.856 51.851 1.837
60.100 77.830 1.944
39.849 56.970 1.617
27.972 48.793 1.106
18.090 89.871 1.464
89.239 91.481 1.524
5.694 11.005 1.975
7.312 81.328 1.709
25.959 45.271 1.777
54.343 80.207 1.241
28.851 51.783 0.784
37.860 66.901 0.997
73.943 83.904 1.925
36.413 47.001 0.005
55.749 78.478 0.204
76.635 80.338 0.936
4.754 47.773 1.679
37.390 71.867 0.015
26.623 82.294 0.386
4.982 7.479 1.929
63.756 67.559 0.417
88.585 90.833 1.276
63.747 73.149 1.675
48.256 54.987 0.582
64.176 76.384 1.533
30.244 90.233 0.047
89.558 92.894 0.815
27.055 65.210 1.379
39.667 66.303 1.675
84.422 90.068 0.397
75.695 82.236 1.096
24.736 69.438 1.925
7.556 79.203 1.286
58.306 90.221 1.071
8.844 63.135 1.386
60.916 66.578 0.467
21.254 33.001 1.854
10.264 23.669 0.832
54.335 92.231 1.972
5.551 53.555 1.369
25.280 65.535 0.332
35.718 86.168 0.491
3.417 77.244 0.156
23.426 24.674 1.229
61.295 68.917 0.148
25.085 47.888 0.789
15.195 88.592 1.543
83.606 87.114 1.335
68.631 87.937 1.256
20.954 85.897 0.339
