31.421 40.938 0.015
29.293 69.487 0.313
35.119 63.819 0.486
63.457 64.176 0.427
53.982 64.770 0.456
56.447 63.075 1.704
37.725 68.650 1.984
45.281 67.896 0.455
25.973 28.326 0.734
39.291 44.029 0.796
22.745 34.306 1.798
65.813 71.955 0.250
62.576 65.585 0.891
44.433 62.681 1.120
29.656 67.115 0.033
9.774 28.612 0.535
47.716 72.005 1.123
42.506 56.306 1.576
57.287 60.699 1.479
36.157 36.454 0.040
52.382 71.047 0.668
32.358 35.869 1.536
44.168 63.859 0.048
67.836 71.778 1.001
18.616 54.363 1.645
41.805 68.223 0.527
32.205 47.519 1.496
1.015 46.468 0.953
28.272 30.253 0.767
20.218 67.009 1.194
30.252 47.773 1.863
37.319 72.081 0.020
60.564 69.527 0.875
23.307 48.686 1.205
39.173 52.016 0.078
16.313 65.300 1.875
67.488 71.213 1.218
5.351 26.571 0.814
34.901 68.249 0.160
21.299 69.635 1.563
41.190 50.386 0.432
39.250 49.001 1.749
21.098 66.270 1.454
16.176 41.775 0.381
62.324 63.747 1.149
69.667 71.776 0.118
17.985 24.674 0.340
16.204 70.757 0.990
3.450 27.040 0.159
19.581 46.311 1.031
28.859 56.128 1.849
20.451 42.127 0.952
66.593 72.123 1.097
55.610 66.572 1.603
60.906 72.303 0.636
18.755 58.275 1.887
8.934 40.047 1.550
12.314 14.891 0.053
31.835 38.928 1.725
1.013 60.014 0.426
55.804 67.660 1.559
20.912 69.034 1.563
58.949 66.200 0.485
1.611 3.962 0.151
24.935 45.476 1.431
12.630 24.111 0.596
52.143 53.611 0.269
36.793 66.141 0.718
11.117 20.837 1.800
2.047 60.158 0.363
17.445 37.463 1.141
37.795 68.622 1.330
65.277 67.781 1.891
10.726 60.784 1.116
62.660 71.698 0.145
57.569 66.388 0.777
47.037 54.991 0.902
66.462 71.756 1.964
41.636 46.248 0.545
13.856 43.296 1.201
24.873 48.139 0.460
48.426 65.542 1.896
68.780 71.178 0.475
16.507 44.796 1.796
22.852 51.937 1.075
23.557 32.502 0.696
20.312 68.967 0.439
51.777 66.146 1.614
48.069 67.314 0.540
4.510 63.551 1.444
23.909 47.730 0.089
1.455 46.346 1.676
37.840 58.356 1.208
54.416 67.752 1.280
53.196 57.787 1.736
29.645 32.113 1.573
30.686 52.151 0.084
18.849 32.211 0.137
68.744 71.753 1.013
4.971 70.008 0.735
60.205 63.812 0.675
20.267 72.616 0.102
12.072 25.592 0.138
21.064 55.354 1.574
5.858 15.475 0.526
15.228 26.451 1.125
44.260 57.417 0.214
53.119 54.890 0.668
19.776 66.430 1.389
39.731 44.029 1.737
55.678 67.407 1.999
43.320 61.408 1.190
13.598 28.855 1.958
2.961 21.186 0.478
28.477 41.765 1.590
63.004 70.483 0.759
14.454 49.891 0.106
24.779 57.236 0.722
68.323 72.559 0.447
24.288 57.326 1.907
14.117 35.411 0.565
37.240 45.560 0.582
6.973 53.871 0.213
59.066 70.723 1.344
0.404 44.686 0.983
65.473 70.262 0.581
52.284 71.335 1.748
58.107 63.490 1.212
54.896 64.857 0.300
48.233 72.837 0.789
7.135 9.743 0.823
48.120 52.755 0.518
16.005 65.199 0.378
53.431 62.936 0.095
3.931 11.560 1.922
39.583 59.582 1.925
61.506 66.628 0.817
28.945 65.451 1.317
66.163 66.743 0.566
43.138 62.763 0.099
29.536 56.543 1.909
14.061 34.680 0.829
43.619 45.370 1.617
7.368 26.110 0.789
22.175 65.796 1.648
21.807 50.887 0.395
32.835 51.364 1.990
25.794 44.477 0.838
40.630 52.715 1.755
27.537 51.618 1.902
29.301 63.516 1.217
5.856 20.056 0.302
6.114 38.007 0.635
44.040 46.950 0.666
43.016 51.639 0.286
57.748 72.920 0.878
15.467 45.430 0.215
18.522 49.921 0.015
53.939 72.420 0.215
25.860 51.318 1.808
15.586 43.373 0.605
21.743 61.136 0.829
58.913 65.380 0.778
50.692 54.067 1.470
5.721 62.935 1.506
44.646 58.493 0.719
6.608 19.787 0.831
24.018 36.659 1.827
21.722 39.438 0.309
12.760 25.598 0.545
12.072 16.685 0.671
35.134 66.145 1.927
31.252 40.235 1.826
33.734 61.474 0.944
17.402 34.181 1.873
20.968 63.912 1.645
44.093 45.880 1.590
18.267 70.453 0.579
60.162 69.548 1.035
17.932 45.922 1.842
6.548 13.169 1.652
19.784 54.290 0.768
36.056 41.997 0.863
68.248 68.421 0.149
64.035 71.008 0.823
13.136 38.584 0.203
47.456 68.695 1.055
58.603 66.066 0.543
60.931 72.656 0.298
37.686 40.455 0.441
14.324 25.962 0.395
13.967 49.781 1.914
51.715 66.374 0.589
55.029 71.846 1.843
59.103 61.031 0.518
4.332 16.057 1.808
62.493 72.576 0.719
26.710 58.607 0.663
62.128 67.269 0.760
47.225 59.946 0.534
36.949 65.908 1.604
52.243 69.593 0.973
39.133 51.255 0.558
3.790 57.022 1.823
25.794 36.211 0.565
22.720 67.060 0.100
17.417 26.160 0.808
61.269 70.725 1.216
13.779 59.107 0.903
30.333 64.910 1.273
12.211 70.786 0.645
49.658 69.854 0.395
3.311 7.256 1.486
9.158 44.517 0.165
39.827 47.921 1.066
5.403 10.330 0.609
28.789 40.116 0.267
57.445 62.369 1.018
69.156 71.234 1.833
19.910 45.660 1.414
20.632 48.458 0.689
56.778 58.835 1.034
58.045 60.589 1.109
35.670 63.188 1.893
33.175 69.843 0.903
38.419 69.086 0.731
46.180 59.909 0.245
7.870 43.715 0.560
55.390 70.606 0.738
52.104 60.214 0.928
30.946 47.614 1.172
44.243 58.698 1.115
58.567 59.074 0.371
7.648 22.205 0.081
17.917 57.134 0.821
30.991 53.968 0.266
59.974 64.079 1.613
64.668 66.398 0.627
42.480 71.645 0.021
37.607 38.810 0.774
16.595 50.734 1.771
10.681 44.050 0.033
64.170 67.164 1.305
28.389 34.464 1.932
27.971 43.742 1.012
22.989 36.467 1.251
20.297 67.768 1.067
33.465 60.348 0.656
32.224 49.739 1.166
64.561 70.252 0.242
10.408 17.831 0.495
7.142 61.809 1.379
34.352 59.920 0.907
29.295 34.784 1.280
58.141 71.277 0.737
36.402 52.012 1.925
50.799 59.894 1.261
56.939 59.562 1.705
52.051 57.541 0.725
57.327 62.759 1.567
39.425 43.903 0.349
52.997 59.183 0.828
11.968 27.517 1.088
22.303 55.818 0.450
48.889 64.878 1.340
3.922 69.732 0.659
22.448 31.202 0.615
25.798 71.186 0.553
16.535 52.012 0.522
52.922 59.213 1.166
49.850 66.576 0.676
1.510 47.116 1.401
8.846 34.174 1.440
36.676 58.883 1.728
34.661 60.436 0.062
38.744 58.657 0.699
53.499 53.557 0.045
38.287 49.158 1.496
55.582 68.651 1.670
20.752 42.584 1.077
7.125 14.199 0.779
46.774 64.995 0.324
46.954 70.254 1.477
52.961 59.107 1.139
7.802 55.764 0.534
68.423 70.173 0.976
56.084 62.778 1.226
33.783 49.688 1.997
66.360 70.708 0.441
40.299 70.728 0.291
32.055 35.269 1.285
45.903 49.948 1.485
45.552 52.290 0.399
51.250 68.141 1.989
62.532 71.986 1.095
60.820 69.934 1.232
51.175 67.754 0.304
10.694 49.293 0.809
50.175 70.588 1.660
4.461 46.146 0.790
34.166 63.965 0.903
40.515 59.735 0.671
25.223 30.492 1.499
6.695 11.549 1.994
27.768 46.664 0.216
30.374 49.979 0.539
15.749 52.677 0.523
62.517 68.195 1.758
28.819 71.444 0.464
51.756 67.306 0.683
42.237 69.877 1.243
47.774 50.939 0.471
37.216 58.158 1.431
1.057 34.593 1.022
67.960 72.030 1.779
17.208 32.238 0.207
32.640 35.775 1.214
27.033 72.916 0.233
51.794 51.969 0.082
47.618 66.115 1.913
52.561 66.515 0.282
42.893 72.310 1.326
4.978 63.819 1.815
43.995 61.433 1.778
10.654 47.200 1.797
18.406 52.675 0.351
58.402 71.126 1.341
31.397 59.528 1.966
49.613 68.718 0.116
52.284 69.910 1.948
21.989 32.659 0.235
20.425 65.018 1.896
17.483 65.628 0.432
30.162 69.977 0.411
52.732 60.815 0.780
39.058 71.074 1.261
51.538 60.781 1.472
38.513 60.900 1.960
22.937 54.664 0.860
48.697 65.266 0.980
18.784 22.514 0.209
9.784 21.925 0.908
45.255 53.895 1.714
57.231 71.792 1.250
7.159 40.147 0.508
49.079 52.955 1.408
26.039 71.207 0.964
6.919 13.901 0.909
36.452 65.480 0.652
57.691 66.968 1.476
