47.257 57.674 0.283
49.099 52.826 0.842
51.407 56.260 1.527
4.677 18.015 0.121
30.759 49.806 0.833
29.886 45.035 1.837
12.920 58.617 1.130
32.425 39.487 1.206
37.878 58.283 0.904
18.571 42.518 1.150
40.579 45.225 1.930
17.538 17.767 0.072
23.920 31.227 0.280
37.382 60.654 0.040
45.800 53.179 1.734
29.757 43.998 1.144
47.836 51.795 0.336
32.198 54.111 0.668
26.531 44.522 1.523
3.278 58.782 1.038
27.201 35.958 1.285
15.513 62.872 1.550
24.799 32.468 0.450
50.632 59.078 0.932
0.974 11.874 0.657
59.517 62.290 1.998
51.073 57.676 0.150
51.989 57.341 1.378
35.655 54.875 1.429
17.405 46.424 1.736
26.115 58.483 1.307
33.030 38.255 0.266
20.455 59.447 1.261
21.083 48.552 0.886
0.895 34.985 0.413
54.487 57.682 1.626
47.131 52.191 1.261
13.336 40.172 0.498
45.238 47.510 1.654
46.485 50.479 1.934
0.077 42.976 1.728
22.625 54.169 0.817
5.775 27.629 1.860
50.832 60.708 1.643
12.338 52.468 1.298
38.633 51.514 1.484
23.901 44.282 1.465
44.342 55.874 0.593
53.115 61.224 0.944
56.667 62.307 0.842
34.273 61.840 1.406
46.353 55.534 1.015
2.443 29.347 1.259
49.059 57.436 0.547
34.546 61.231 0.897
43.535 51.287 0.793
38.636 57.681 0.461
11.681 39.983 0.668
6.938 26.431 0.022
15.147 37.639 0.698
54.129 58.926 1.560
23.706 48.613 1.458
22.261 28.704 0.087
11.836 18.838 0.249
25.337 54.465 0.121
48.728 56.850 0.994
7.017 19.385 1.656
31.112 58.028 1.920
52.183 58.392 1.060
15.381 50.658 0.865
4.243 8.259 1.215
2.639 43.041 0.362
12.869 55.852 1.920
25.586 39.433 1.098
48.651 49.867 0.416
46.450 60.839 0.329
9.577 56.469 1.047
28.505 30.948 0.507
6.751 13.439 0.804
57.213 59.934 2.000
50.669 60.522 0.125
8.408 62.822 1.667
2.573 15.800 0.003
37.684 55.525 1.388
25.040 55.233 1.484
24.495 44.317 0.671
39.559 53.713 0.274
54.465 61.492 0.512
34.275 51.009 1.643
10.853 55.729 0.892
39.330 45.001 1.387
39.178 48.177 1.029
38.142 61.602 1.501
54.657 61.072 0.907
47.902 53.930 0.750
48.219 50.134 0.009
19.174 33.728 0.636
40.726 56.701 1.796
29.968 57.005 0.734
4.157 62.115 1.546
41.859 47.752 0.135
40.581 46.855 1.984
21.935 31.907 0.116
11.972 59.964 0.883
32.118 40.049 1.391
34.119 55.970 0.825
4.243 61.754 1.595
33.207 36.254 0.748
32.673 48.571 1.324
42.026 49.859 1.107
23.689 26.994 0.316
11.164 15.963 0.583
39.949 55.430 1.434
37.056 39.190 1.680
46.320 62.823 1.325
10.305 56.641 0.355
58.127 60.206 1.150
52.313 61.309 0.374
11.521 34.369 0.913
22.938 40.047 1.636
15.940 26.715 0.898
34.632 51.819 0.409
47.981 56.933 1.770
26.333 59.945 1.645
1.919 51.798 1.329
41.220 44.458 0.485
2.064 54.705 0.893
3.410 53.708 0.923
43.612 49.711 0.143
27.650 36.111 1.733
39.325 47.354 0.193
30.085 51.601 0.356
6.477 37.824 0.954
5.360 58.637 1.711
29.684 57.143 0.717
22.437 48.901 0.201
38.060 47.111 1.619
56.764 61.619 0.644
16.974 30.468 0.455
26.791 37.269 0.833
33.033 59.462 0.487
26.090 58.503 0.094
23.431 32.690 0.629
45.873 58.913 1.876
44.796 53.835 1.987
54.120 56.624 1.231
49.773 55.404 0.446
44.128 55.693 1.424
59.202 62.796 0.005
34.883 47.476 0.917
21.494 46.835 1.209
25.348 29.256 0.027
36.064 39.501 0.483
2.496 14.804 0.771
1.992 19.327 1.761
45.739 47.200 1.133
14.061 55.890 1.683
6.229 46.992 1.411
3.155 56.956 0.175
55.525 59.512 0.681
44.670 48.518 1.538
41.947 51.547 1.063
14.035 20.295 1.635
32.246 58.082 1.515
50.731 57.726 0.547
38.030 53.737 0.715
58.238 62.667 1.446
58.861 60.265 1.333
35.313 45.673 1.642
43.936 52.599 1.015
0.637 35.458 1.116
29.767 42.013 1.826
16.447 34.841 1.459
19.474 62.617 1.090
54.067 56.666 0.436
17.886 24.900 1.723
53.415 61.935 0.464
32.980 61.438 0.481
26.573 28.639 1.501
25.930 38.510 1.418
40.149 44.072 0.360
26.447 60.196 0.378
59.912 61.763 1.617
34.961 47.385 1.858
51.443 54.730 0.219
15.797 32.740 1.343
59.852 62.203 1.013
33.394 50.940 1.395
17.538 62.880 1.767
4.400 17.049 1.712
28.952 51.035 0.319
39.543 58.837 1.283
52.743 61.795 1.282
57.938 59.858 1.852
2.426 54.480 1.728
40.856 53.985 1.503
33.685 52.731 0.509
58.768 62.344 0.479
57.720 60.740 0.788
42.949 59.668 1.609
52.864 54.115 0.060
7.923 13.915 0.208
58.405 62.027 0.761
31.570 37.220 0.283
43.077 54.144 1.722
32.830 56.339 0.531
23.061 54.933 0.488
40.627 57.817 0.283
18.386 36.135 1.106
8.899 18.195 1.404
59.733 62.640 1.690
9.370 42.941 0.471
7.220 26.069 1.092
53.122 60.804 1.643
36.582 39.479 0.656
41.918 49.862 1.614
43.256 51.449 1.486
57.766 59.168 1.303
29.409 40.069 0.238
32.174 48.427 1.641
9.703 29.644 1.346
2.320 6.274 0.229
36.606 42.126 1.109
47.327 49.793 1.043
2.602 16.365 1.398
51.819 62.194 1.980
2.199 48.529 0.203
13.008 58.434 0.108
48.783 54.322 0.995
19.630 56.774 1.297
17.624 42.575 1.295
33.279 43.222 0.670
24.077 31.700 1.038
22.894 40.025 0.307
2.814 19.394 1.637
8.516 48.924 0.074
47.457 62.632 1.323
48.678 51.727 1.663
57.257 60.393 1.602
4.389 45.838 0.026
36.672 62.419 1.718
19.011 56.434 1.787
1.635 4.769 1.274
34.982 37.525 0.030
21.049 24.276 1.636
52.904 53.907 0.415
20.690 32.330 0.909
53.238 57.396 0.095
17.055 51.131 1.231
53.501 59.178 1.640
27.902 42.821 1.215
11.834 51.197 0.397
42.277 46.823 0.747
58.449 61.380 0.617
22.647 41.647 0.392
7.612 16.533 0.589
33.396 50.084 1.472
1.659 21.520 1.142
20.428 37.629 1.852
12.677 61.147 0.434
3.840 23.451 0.722
24.548 54.898 0.275
26.828 57.803 1.580
45.307 51.689 0.472
26.694 50.845 0.302
44.888 50.856 1.208
15.791 56.786 1.050
43.795 44.494 0.380
18.498 45.292 0.872
21.420 48.780 0.548
22.869 39.777 0.657
56.352 60.655 1.734
49.603 55.547 1.666
42.321 50.986 1.228
14.048 42.050 1.577
10.168 27.947 0.853
16.636 21.000 1.993
55.660 62.295 1.206
0.797 29.959 1.019
32.806 56.238 0.410
2.767 25.780 1.961
49.982 55.317 1.156
1.934 26.453 0.783
48.997 55.084 1.501
41.357 61.104 0.861
23.123 56.155 1.342
22.979 39.203 0.078
46.012 52.003 0.858
8.641 56.975 0.652
7.411 47.067 0.841
13.561 46.860 0.530
30.706 58.390 0.898
41.055 50.646 0.973
29.327 46.943 1.334
33.573 38.934 0.317
51.361 55.136 1.282
42.826 51.601 1.140
31.819 59.008 0.618
48.625 60.018 1.372
27.467 29.459 1.694
