26.083 27.817 1.523
12.500 15.634 1.872
4.946 8.599 0.423
17.733 27.263 0.237
17.403 29.184 1.381
27.469 30.060 1.339
24.266 32.980 0.756
23.175 25.190 0.409
11.648 24.205 0.362
5.869 12.585 1.920
11.452 14.590 0.608
5.945 26.830 0.092
22.831 24.608 1.762
13.459 29.291 0.853
13.840 28.446 0.990
7.155 10.567 1.119
27.661 32.492 1.788
1.789 21.877 0.982
22.416 26.249 1.512
27.297 29.703 1.584
16.585 25.206 0.102
23.711 25.309 1.408
21.952 32.147 1.107
26.266 29.430 1.594
11.848 13.874 0.964
19.559 29.890 0.002
22.686 24.653 0.439
1.726 4.045 1.341
10.376 28.715 1.396
13.088 26.459 1.963
8.859 30.087 0.954
2.379 6.937 0.202
4.290 14.423 1.836
11.215 13.782 1.628
24.426 32.173 0.480
7.695 13.386 0.539
6.881 29.943 1.692
26.631 31.172 1.690
1.227 7.349 0.347
10.677 15.541 0.899
26.834 30.768 1.246
27.350 31.760 1.045
29.980 32.857 1.939
25.206 28.308 0.293
8.531 32.367 0.342
22.254 23.975 1.433
19.351 29.825 1.625
24.545 30.693 0.249
11.252 31.271 1.300
26.690 31.585 0.064
13.466 17.943 0.015
12.554 31.370 0.313
15.051 28.712 0.486
27.196 27.795 0.427
23.135 28.828 0.456
24.192 28.252 1.704
16.168 31.060 1.984
19.406 30.540 0.455
11.131 12.604 0.734
16.839 19.475 0.796
9.748 15.869 1.798
28.206 32.315 0.250
26.818 28.885 0.891
19.043 28.174 1.120
12.710 30.248 0.033
4.189 12.979 0.535
20.450 32.530 1.123
18.217 25.376 1.576
24.552 26.977 1.479
15.496 15.658 0.040
22.449 32.033 0.668
13.868 16.292 1.536
18.929 28.547 0.048
29.073 32.141 1.001
7.978 24.739 1.645
17.917 30.733 0.527
13.802 21.522 1.496
0.435 21.192 0.953
12.116 13.439 0.767
8.665 30.313 1.194
12.965 21.788 1.863
15.994 32.562 0.020
25.956 31.147 0.875
9.989 22.065 1.205
16.789 22.968 0.078
6.991 29.610 1.875
28.923 31.811 1.218
2.293 12.234 0.814
14.957 30.761 0.160
9.128 31.503 1.563
17.653 22.251 0.432
16.821 22.179 1.749
9.042 29.998 1.454
6.933 18.790 0.381
26.710 28.007 1.149
29.857 31.848 0.118
7.708 10.945 0.340
6.944 31.993 0.990
1.479 12.228 0.159
8.392 20.989 1.031
12.368 25.507 1.849
8.765 19.068 0.952
28.540 32.445 1.097
23.833 29.920 1.603
26.102 32.619 0.636
8.038 26.510 1.887
3.829 18.440 1.550
5.277 6.482 0.053
13.644 17.768 1.725
0.434 27.168 0.426
23.916 30.430 1.559
8.962 31.236 1.563
25.264 29.366 0.485
0.690 1.835 0.151
10.686 20.675 1.431
5.413 10.924 0.596
22.347 23.221 0.269
15.769 29.808 0.718
4.765 10.049 1.800
0.877 27.222 0.363
7.476 17.076 1.141
16.198 31.000 1.330
27.976 30.196 1.891
4.597 27.550 1.116
26.854 32.234 0.145
24.672 29.593 0.777
20.159 24.420 0.902
28.484 32.306 1.964
17.844 20.317 0.545
5.938 19.743 1.201
10.660 21.588 0.460
20.754 29.596 1.896
29.477 31.517 0.475
7.074 20.558 1.796
9.794 23.501 1.075
10.096 14.550 0.696
8.705 31.159 0.439
22.190 29.786 1.614
20.601 30.235 0.540
1.933 28.825 1.444
10.247 21.312 0.089
0.623 21.288 1.676
16.217 26.282 1.208
23.321 30.453 1.280
22.798 25.872 1.736
12.705 14.679 1.573
13.151 23.242 0.084
8.078 14.283 0.137
29.462 32.029 1.013
2.130 31.660 0.735
