57.392 66.651 1.894
99.932 112.018 1.701
64.150 95.229 1.837
72.381 80.606 1.571
87.024 101.139 1.739
39.778 60.154 1.553
22.996 94.877 1.727
76.436 78.744 0.563
55.280 61.930 0.738
37.458 76.967 0.953
65.338 92.614 1.277
52.900 70.320 1.202
67.909 108.429 1.178
18.363 88.615 1.415
5.650 31.079 0.610
9.890 37.398 1.965
8.289 54.993 1.558
87.944 89.704 0.522
24.030 40.468 0.858
79.867 105.179 0.814
97.018 103.696 0.808
66.254 81.201 1.064
102.658 108.292 1.653
17.739 78.115 0.321
101.668 108.530 0.148
48.798 94.645 0.200
21.985 47.257 0.082
87.951 91.598 1.028
94.457 110.779 0.510
92.711 111.662 0.319
91.902 104.034 1.558
37.075 75.849 1.242
100.711 112.332 0.459
42.413 80.805 0.305
98.160 104.350 0.035
53.515 82.331 0.435
105.878 111.561 0.568
13.760 54.397 0.877
49.436 61.907 0.012
80.847 101.359 0.451
73.935 108.347 1.153
20.713 101.680 0.701
95.313 102.574 1.755
66.379 93.102 1.693
14.999 66.029 1.347
33.671 60.379 0.962
10.454 15.191 0.182
41.486 55.004 0.496
84.970 103.685 0.407
53.471 110.024 1.074
15.375 25.053 0.847
85.309 100.958 0.855
94.920 106.270 1.226
60.128 76.908 1.227
29.018 71.868 1.454
58.298 100.182 0.708
63.240 104.728 0.968
80.391 100.137 0.454
3.532 74.668 0.352
37.297 63.259 1.957
88.122 98.565 0.773
13.176 32.632 1.901
86.524 94.449 0.430
18.585 76.420 0.413
73.378 83.342 1.461
6.919 21.031 1.993
71.082 85.342 1.867
40.560 87.075 0.856
5.287 56.458 1.180
37.935 74.889 1.186
68.943 93.923 0.164
62.538 108.539 1.395
103.377 110.406 1.938
33.822 50.291 0.981
107.036 111.025 0.905
91.295 102.581 0.315
2.837 61.903 0.938
71.021 110.073 0.905
32.785 89.482 1.662
1.856 26.711 1.604
31.519 52.758 1.686
10.501 15.396 0.124
68.463 108.810 0.518
94.178 108.163 0.337
109.204 110.265 0.770
80.757 84.308 1.403
99.848 108.963 1.614
72.153 72.605 0.118
102.030 105.806 1.284
12.058 70.699 0.069
19.612 73.172 1.165
16.654 64.328 1.753
19.874 83.133 0.808
101.117 103.678 1.696
90.660 112.399 0.396
49.063 75.520 1.355
39.489 92.669 0.902
50.137 99.153 1.173
19.743 95.944 0.822
56.908 61.036 1.057
61.199 95.077 0.026
59.416 95.920 0.864
106.734 109.817 0.308
28.142 106.250 0.532
102.014 108.502 0.859
17.463 30.176 0.528
79.740 86.022 1.358
55.643 98.893 0.494
22.905 91.294 1.916
57.758 63.661 0.705
81.532 95.038 0.064
8.493 55.968 0.379
3.139 45.418 0.430
86.189 92.996 0.238
77.450 94.355 1.146
21.586 101.612 1.391
39.398 51.019 0.421
8.231 40.654 1.633
60.202 89.672 1.537
40.150 62.975 1.095
102.531 112.334 0.895
19.951 73.130 0.937
71.804 99.844 1.933
10.736 96.617 0.750
109.799 110.556 0.111
51.856 66.841 1.822
108.036 110.478 0.753
55.217 77.975 1.565
25.342 33.669 0.848
39.697 54.003 0.565
25.644 36.363 1.956
19.387 60.220 1.076
16.735 95.527 0.617
1.266 23.201 1.608
67.711 96.085 1.129
42.732 78.051 1.814
100.426 108.238 1.750
53.249 103.761 0.392
37.357 71.173 1.310
0.869 20.539 1.470
83.879 95.996 1.307
7.184 51.872 1.139
45.270 86.993 0.966
17.326 93.800 0.726
7.218 27.599 1.735
108.637 112.944 0.291
91.194 97.775 1.565
6.076 91.227 1.961
22.227 63.911 0.219
28.582 88.748 1.270
84.829 112.562 1.193
1.581 42.445 0.998
21.425 95.515 1.664
91.147 92.460 1.261
96.381 101.385 1.633
7.704 104.245 1.093
45.159 107.183 1.238
86.652 93.130 1.710
22.073 71.337 1.361
22.193 97.207 1.353
19.414 101.823 1.427
94.165 105.197 1.201
104.988 112.974 1.885
68.265 101.375 0.761
72.213 107.077 1.525
92.486 97.855 0.428
66.473 108.288 1.877
9.813 32.804 0.004
91.395 104.225 0.504
33.731 39.928 1.932
48.506 85.652 0.518
81.851 110.601 0.295
101.617 103.355 1.201
18.527 66.823 0.294
22.261 93.834 0.508
42.718 107.775 1.361
13.324 77.974 0.762
46.874 63.212 1.472
93.225 101.772 0.174
79.642 100.769 1.801
101.601 103.917 1.272
83.775 86.185 0.978
8.164 104.748 1.113
54.179 94.738 1.994
107.586 112.005 1.517
23.660 100.822 1.560
74.301 82.323 0.804
109.151 111.539 0.741
80.414 85.470 1.811
72.707 98.303 0.105
35.880 74.135 0.639
103.585 111.535 1.842
82.372 99.925 0.832
33.043 82.258 0.428
98.643 112.677 0.789
17.242 40.762 1.773
5.130 10.347 0.389
98.002 101.350 1.645
97.297 102.728 0.365
1.333 58.218 0.677
29.881 67.313 1.077
102.400 103.228 0.822
6.486 41.873 0.302
16.896 63.798 1.835
9.171 89.092 0.750
56.955 59.967 1.568
100.463 109.161 1.393
47.482 67.666 1.813
63.223 98.246 0.733
10.877 60.200 1.283
1.769 91.544 0.933
57.697 98.267 0.480
8.611 70.661 1.746
91.708 94.677 0.737
94.343 103.227 0.388
24.097 71.959 1.066
22.062 69.239 0.441
86.464 103.914 0.663
31.214 45.578 1.547
90.106 108.151 1.466
47.207 81.212 0.513
73.160 82.365 1.062
12.257 67.998 1.572
71.408 79.434 0.967
17.067 66.027 1.314
36.776 84.775 1.902
2.182 22.602 0.408
13.462 59.686 1.588
50.181 58.583 1.905
88.690 92.577 0.894
34.144 43.895 0.967
37.676 76.058 0.222
53.041 104.733 1.490
103.679 108.467 1.048
69.293 76.622 1.544
77.756 98.041 0.765
86.783 112.044 0.167
63.576 96.185 1.675
27.508 34.018 0.887
52.857 60.943 0.423
50.856 61.710 0.931
31.559 93.394 1.538
109.748 112.714 1.364
89.102 109.139 1.377
41.547 100.022 0.870
56.224 96.314 1.837
47.156 105.438 0.676
15.943 111.229 0.008
48.110 99.804 0.486
29.434 64.066 1.712
37.451 67.655 1.525
59.037 61.072 0.850
14.361 41.506 1.090
17.084 77.071 1.951
23.681 36.639 1.707
86.128 101.669 1.475
28.545 111.493 1.191
96.746 103.800 1.593
75.866 90.923 0.048
97.505 102.198 1.491
19.243 34.171 1.836
1.353 66.222 1.121
70.679 95.749 0.621
87.666 93.658 1.839
40.207 74.544 1.822
22.932 87.311 0.909
109.597 110.493 0.690
99.617 103.576 1.577
81.868 96.982 0.730
65.432 70.123 0.640
90.731 92.169 0.816
28.521 67.851 0.345
52.360 98.852 0.705
60.769 93.544 0.363
94.749 107.290 0.554
106.160 112.304 1.687
75.876 80.438 0.938
67.104 97.658 0.881
0.117 67.903 0.194
82.758 109.116 1.428
101.154 104.549 1.767
73.422 100.758 0.162
98.039 110.199 1.964
17.856 106.519 0.290
67.906 108.768 0.349
29.492 78.985 1.451
22.328 97.346 1.153
36.642 64.459 0.927
64.032 73.464 0.840
15.261 35.867 1.786
74.637 78.857 0.575
93.386 106.369 0.583
71.381 99.463 1.005
78.749 107.456 0.586
60.242 74.136 0.824
68.551 80.506 1.541
52.907 99.573 0.219
96.464 107.006 1.014
44.766 105.393 1.745
31.103 87.111 0.572
89.045 102.303 0.778
65.502 71.228 1.799
17.138 85.472 1.570
2.595 14.372 1.545
106.059 108.290 1.464
81.287 87.117 0.197
9.064 17.498 1.150
44.598 50.617 0.413
4.257 22.454 1.305
80.059 109.074 1.784
76.413 84.810 1.724
6.016 92.172 0.745
58.812 64.795 0.457
30.183 81.386 1.779
42.681 107.367 1.653
81.908 96.116 0.994
91.039 99.313 0.162
101.332 111.717 1.557
60.051 80.489 0.580
90.291 108.231 1.695
32.946 48.106 0.702
65.586 110.610 1.074
18.121 52.810 0.418
48.553 57.030 1.773
52.843 89.460 1.298
99.553 104.137 0.859
65.858 102.345 1.640
66.033 76.361 0.155
4.851 32.721 0.886
41.510 79.032 0.288
56.858 110.838 0.281
44.286 85.166 1.865
0.104 91.494 1.713
42.708 73.394 1.804
73.435 90.290 0.103
61.639 92.881 0.802
102.463 111.349 0.681
106.841 108.803 1.791
59.678 85.104 1.363
63.596 64.178 0.374
66.540 72.045 0.387
26.742 49.525 1.775
58.906 80.582 0.607
65.633 75.264 0.190
90.898 91.955 0.794
72.431 104.783 0.643
75.782 77.134 0.943
39.969 96.157 1.983
94.158 95.923 1.461
89.492 97.014 1.576
68.393 99.544 1.223
32.842 95.248 0.964
26.890 111.957 1.281
1.907 4.229 0.366
80.646 111.957 1.569
13.901 40.864 1.787
47.076 66.053 1.665
38.388 67.401 0.827
30.244 108.300 1.693
4.247 47.831 1.318
101.950 104.586 0.094
46.247 69.944 1.966
42.611 68.495 1.429
94.658 109.046 1.383
54.048 74.892 2.000
61.904 107.958 0.616
76.010 100.930 1.930
20.632 54.119 1.707
4.267 37.022 1.889
72.089 86.941 0.210
58.241 110.024 0.966
105.760 109.021 0.200
79.753 96.950 1.665
34.745 91.668 1.394
50.164 57.039 0.751
49.963 65.523 0.808
109.402 110.959 1.079
73.811 90.335 1.147
6.419 107.139 1.748
14.261 54.112 0.090
104.840 109.818 0.241
46.797 86.685 0.125
78.595 106.713 0.878
38.512 47.988 0.731
99.657 106.853 1.143
49.355 70.552 0.881
41.211 65.616 1.582
43.766 48.457 1.162
44.702 72.632 0.115
65.818 92.010 0.685
105.814 111.244 0.170
85.762 109.004 1.481
72.280 111.781 0.173
109.792 112.160 1.597
53.454 99.934 1.884
31.160 62.126 0.866
67.037 93.788 1.164
53.884 76.060 1.510
50.940 54.213 1.128
83.016 97.864 0.664
66.365 106.737 0.686
52.625 102.653 0.830
81.109 90.429 1.294
7.134 55.978 0.335
98.123 102.913 1.682
97.599 102.054 0.493
32.436 61.296 0.624
25.789 102.537 0.456
98.506 110.952 1.675
48.905 59.165 1.995
18.370 43.396 1.543
20.441 35.133 1.962
57.852 74.257 1.562
2.008 82.041 1.136
1.571 108.488 1.903
9.950 45.789 1.808
47.220 81.537 0.915
23.996 52.339 0.153
53.515 84.897 1.574
85.903 105.287 0.245
53.538 64.215 1.724
108.335 111.044 1.943
104.649 107.839 0.821
21.586 61.711 1.907
46.122 88.427 1.517
42.188 106.846 1.041
75.500 98.105 1.904
36.165 99.490 1.867
92.439 101.616 1.796
35.380 87.476 1.073
13.989 49.137 0.337
70.656 109.983 0.890
65.818 104.519 0.732
44.994 90.000 1.340
29.314 98.095 1.245
47.210 77.118 1.033
83.053 103.578 0.042
74.761 108.456 0.239
87.659 97.621 1.256
8.346 99.930 1.804
4.579 13.807 1.007
43.232 57.709 0.204
10.088 24.450 1.368
77.605 78.985 0.058
15.154 76.700 1.544
69.830 92.543 1.852
67.933 90.931 1.221
18.239 89.269 1.815
67.755 102.350 1.290
102.836 112.804 0.027
95.934 100.641 0.224
91.523 107.909 1.200
98.589 99.994 0.628
68.369 74.046 1.422
48.536 107.924 1.958
21.166 92.599 0.671
5.942 34.168 0.583
14.432 27.103 0.472
29.552 96.523 1.309
75.493 106.350 1.750
90.801 93.786 1.548
109.060 112.245 1.206
80.613 98.911 0.760
83.852 95.406 0.413
71.894 86.107 1.749
76.665 98.950 1.742
68.591 98.966 1.279
68.907 71.092 0.362
13.139 72.509 1.413
21.639 76.830 1.110
67.453 89.603 0.240
71.297 102.440 0.333
66.181 109.235 1.562
23.247 57.693 1.103
34.725 68.627 1.823
98.281 105.083 0.647
55.885 91.353 1.369
10.890 100.618 0.830
57.973 110.282 0.316
82.905 96.860 1.189
101.611 111.386 1.020
53.813 102.894 0.660
81.542 112.019 1.774
15.261 108.138 2.000
2.034 9.145 0.024
44.299 82.502 1.256
58.939 59.413 0.454
22.381 50.951 0.663
6.388 97.097 1.890
8.446 23.176 0.375
101.107 103.664 1.480
8.383 44.912 1.691
39.861 61.047 1.133
23.523 65.418 1.121
25.940 90.641 0.162
61.350 79.645 0.075
6.039 53.386 1.521
96.048 111.704 0.349
79.344 98.305 1.420
28.582 43.648 0.204
104.176 106.445 1.525
79.579 96.297 0.895
33.127 53.289 1.733
16.735 94.126 0.338
44.058 65.091 1.892
96.357 111.903 0.335
80.116 101.284 1.071
108.439 112.905 1.814
56.378 92.220 1.283
1.773 89.359 1.938
71.676 72.913 1.233
61.910 78.344 1.177
51.329 70.527 0.922
5.808 102.531 0.522
78.091 101.165 0.027
35.199 65.315 0.431
43.269 80.702 0.174
0.433 24.706 0.894
27.011 41.726 1.747
21.559 43.635 1.583
64.301 77.329 0.020
37.099 76.166 1.550
80.337 107.567 1.362
27.534 84.054 0.682
44.545 52.003 0.329
53.327 103.820 1.343
54.810 65.757 0.871
0.332 12.223 1.528
81.888 88.178 1.896
82.489 97.185 1.787
96.676 109.980 1.253
106.039 106.697 0.250
39.116 97.429 1.170
35.846 85.295 0.699
35.685 58.495 0.452
35.212 46.743 0.926
101.137 101.897 0.608
70.877 100.641 1.855
68.779 109.760 0.840
27.487 73.229 1.454
20.152 62.196 0.595
84.987 90.903 0.357
88.710 100.736 0.581
91.654 112.936 1.838
1.638 64.796 1.873
8.641 90.153 0.397
88.028 89.546 0.351
2.853 47.368 0.093
78.843 87.216 0.403
97.022 108.449 1.093
