118.978 121.427 1.539
114.664 121.745 0.057
10.976 40.318 0.592
1.113 40.457 0.503
45.774 115.747 1.879
119.432 121.534 1.140
56.219 91.615 0.984
18.432 120.146 1.013
86.732 97.184 0.724
6.262 119.270 1.341
9.672 53.737 1.693
42.789 122.842 1.984
109.387 121.728 1.745
72.116 91.181 0.466
54.977 67.753 0.843
54.329 76.644 0.102
94.841 98.268 1.140
37.113 88.991 1.682
105.758 119.272 0.140
10.013 63.526 1.103
112.474 122.419 1.647
101.780 120.493 0.397
14.850 17.513 1.154
89.626 114.555 1.226
113.976 119.967 1.590
43.295 95.617 1.205
50.967 62.015 0.245
81.290 118.686 1.679
37.930 111.432 0.403
6.951 82.929 0.060
3.970 72.006 0.036
32.945 101.622 1.822
56.171 86.190 1.059
109.116 122.000 1.876
20.164 36.372 0.413
35.864 100.532 1.740
13.217 80.071 0.850
107.907 120.128 0.747
88.659 106.420 0.946
66.561 106.843 1.894
49.978 105.946 0.953
97.880 119.408 0.959
80.236 107.163 1.699
33.290 55.378 0.551
23.021 86.157 0.215
4.922 84.988 1.998
19.835 26.309 0.360
113.423 120.282 0.662
70.626 94.833 1.599
37.666 83.071 1.729
94.002 103.041 0.611
87.923 89.045 0.888
56.896 59.056 0.731
111.588 121.715 0.939
74.446 85.021 1.705
39.186 106.712 0.459
5.167 7.038 0.979
42.130 96.330 1.433
59.112 80.366 0.163
38.475 98.627 0.555
91.947 97.912 0.505
83.052 99.035 0.867
51.839 72.478 1.538
109.251 115.117 1.883
32.656 45.111 1.727
6.251 106.961 0.503
41.976 63.236 1.184
12.547 116.793 1.166
30.448 43.944 0.632
19.333 101.258 1.085
25.192 73.410 1.972
20.787 43.886 0.193
119.279 122.135 0.369
37.150 111.123 1.011
66.652 104.860 1.870
66.143 76.581 0.162
72.541 99.681 0.567
3.585 82.333 1.991
87.919 114.541 1.360
109.782 117.704 0.957
68.516 116.244 0.816
59.837 122.720 0.387
78.741 103.938 1.589
78.218 117.137 0.088
83.854 91.071 1.740
15.389 20.811 1.410
55.051 81.762 1.225
53.033 72.988 0.951
6.325 117.827 0.108
38.021 102.471 0.375
104.329 108.290 0.935
20.190 86.017 1.114
118.184 120.057 1.421
99.019 101.515 0.184
79.686 93.357 1.434
105.227 120.307 0.309
101.257 120.235 0.403
89.875 106.081 1.246
3.853 76.194 0.034
0.505 79.180 0.812
55.135 111.662 0.842
66.733 114.017 1.003
24.346 108.394 1.636
70.930 86.428 1.919
119.637 122.111 1.219
18.813 30.253 1.259
21.039 117.607 1.100
84.136 86.284 1.175
32.799 53.202 1.558
57.061 121.947 0.497
107.428 113.667 0.934
91.654 93.654 0.074
15.715 60.939 1.931
59.295 72.573 1.372
86.795 90.180 1.234
7.116 67.892 0.893
115.378 122.708 0.071
28.075 120.924 0.566
64.572 76.836 1.818
7.855 54.291 0.366
116.829 122.375 0.508
77.580 119.738 1.199
38.105 42.201 1.486
106.095 109.315 0.875
35.864 51.150 0.691
105.677 108.249 0.970
65.100 91.003 0.347
55.995 84.807 0.842
63.540 82.103 0.508
107.526 112.401 0.229
31.968 48.902 0.155
102.842 104.999 1.026
93.694 113.252 0.659
106.871 118.592 1.164
23.394 63.564 0.575
20.545 83.178 0.394
104.816 119.876 0.317
61.357 89.531 0.280
74.270 111.777 0.344
63.796 94.429 0.265
87.399 120.988 1.507
38.050 90.921 1.381
65.330 90.361 1.232
81.041 94.994 0.412
68.165 82.459 0.647
55.464 61.030 1.212
103.707 109.653 1.768
54.593 120.376 1.804
2.260 96.114 0.684
8.291 77.058 0.975
109.654 117.869 0.653
114.096 119.142 1.684
84.810 101.008 0.272
31.166 118.328 1.889
30.689 48.098 0.804
49.586 68.862 1.666
52.970 80.737 1.416
37.611 121.557 1.997
4.417 117.786 1.960
90.442 98.419 0.539
69.828 80.631 0.025
110.508 119.557 0.388
91.259 118.487 0.798
96.393 122.067 0.463
81.290 92.910 0.825
0.260 53.182 0.040
98.364 106.958 0.488
6.955 11.871 0.251
117.323 119.055 1.037
7.013 76.578 1.462
75.958 92.967 0.623
15.411 114.503 0.418
108.698 118.017 0.298
63.016 110.143 0.321
87.340 118.053 1.469
73.699 101.212 1.685
10.562 95.098 1.229
11.518 52.175 1.250
73.790 94.696 1.475
74.369 109.715 1.635
4.047 70.225 0.104
58.431 63.991 1.016
95.705 98.189 1.959
75.940 113.014 1.194
7.156 43.440 0.057
72.893 92.755 1.238
91.079 116.874 1.938
117.836 121.128 1.630
66.235 96.638 0.258
73.153 105.051 1.847
32.733 74.579 1.017
71.186 96.547 1.769
19.197 70.871 1.503
93.866 118.316 1.469
105.402 113.074 1.281
31.759 91.109 0.095
1.838 115.537 1.644
91.182 103.088 1.919
104.029 109.158 0.136
21.219 61.990 1.439
68.421 91.258 1.315
1.776 119.170 1.005
74.479 114.883 1.016
103.018 104.802 0.931
17.791 113.142 1.374
12.151 13.434 0.806
77.917 122.914 1.923
39.127 116.678 0.917
96.360 107.612 0.504
74.383 103.542 1.639
20.098 102.209 0.703
73.915 115.922 1.514
69.026 118.878 0.414
44.631 112.538 0.883
66.865 82.813 1.029
51.330 101.421 0.499
89.508 106.502 1.079
80.624 104.941 0.853
67.011 120.464 0.002
11.737 110.840 1.221
21.127 25.383 1.445
34.377 51.434 0.917
63.876 122.333 1.327
74.610 92.574 0.212
39.468 60.869 0.048
116.404 120.111 0.032
76.830 99.481 0.982
113.291 122.511 1.205
8.006 80.832 0.982
7.636 10.356 0.900
33.912 53.024 1.342
28.155 78.621 1.216
98.118 113.437 1.652
15.374 102.415 1.922
76.947 88.070 0.670
44.390 62.874 1.416
24.544 119.376 1.743
9.419 17.762 0.138
80.276 106.308 1.932
40.577 99.543 0.445
87.747 119.764 1.862
94.731 97.452 1.345
44.445 87.910 1.862
94.449 121.724 0.877
74.241 82.876 1.264
76.786 110.153 0.581
86.044 106.954 0.218
51.952 93.792 0.515
46.239 49.865 1.121
115.964 120.769 1.154
4.981 81.233 0.172
65.964 72.857 1.206
31.883 117.107 0.764
107.116 109.891 1.415
30.444 122.307 1.760
30.840 48.395 0.863
7.211 93.452 1.333
60.665 98.298 1.450
86.725 112.744 1.341
99.074 104.937 1.386
61.214 119.807 0.270
101.403 109.735 0.895
20.292 79.119 0.992
86.326 98.702 0.153
95.174 119.250 1.109
81.298 86.233 0.040
49.235 86.277 0.790
71.069 88.644 1.796
27.551 96.071 1.976
62.525 67.873 1.432
36.381 104.436 1.898
115.056 118.108 1.920
95.679 98.125 1.257
106.984 120.386 0.147
87.377 112.280 1.422
90.944 96.950 1.478
65.477 77.746 1.863
28.540 91.084 1.928
114.888 119.573 0.943
63.250 114.697 1.470
60.496 71.831 0.525
64.279 91.472 1.373
30.239 101.297 1.684
48.916 67.078 0.664
21.479 120.718 1.568
0.949 11.279 1.362
3.765 42.027 0.250
83.751 91.836 0.028
27.752 61.914 1.591
112.954 118.170 1.909
55.021 94.384 1.862
20.955 52.655 0.548
51.619 63.016 0.499
7.995 69.465 1.627
94.200 100.516 1.037
108.047 119.171 0.136
57.094 92.722 1.311
56.783 103.579 1.996
35.956 77.631 0.644
88.333 113.446 0.307
94.167 114.547 0.203
62.924 84.736 1.615
26.947 39.764 1.286
33.304 91.891 0.304
99.847 118.967 1.203
89.322 116.433 0.636
48.206 63.008 1.921
52.117 59.606 1.381
17.278 82.025 0.984
17.286 120.830 0.554
13.792 34.535 1.684
44.408 119.188 0.905
64.155 82.313 0.197
114.679 121.220 1.554
106.776 110.090 1.839
2.750 118.308 0.989
81.646 104.120 0.768
29.210 41.435 0.592
73.937 86.432 1.793
110.969 120.411 1.325
75.160 105.850 1.620
43.313 63.525 0.405
100.403 110.924 0.112
64.539 104.992 0.909
38.142 52.405 0.222
86.681 121.812 0.633
65.400 83.047 0.485
99.382 116.059 0.361
90.149 92.950 0.445
102.813 106.318 1.241
40.490 116.318 1.566
35.216 68.653 1.497
100.499 103.947 0.121
25.815 79.921 1.428
31.429 84.164 0.623
19.835 66.691 1.872
68.700 88.127 0.779
83.660 107.091 0.217
24.991 110.263 1.953
0.443 117.975 0.960
72.940 106.677 0.964
44.166 67.373 1.903
21.918 119.537 1.984
48.371 74.593 1.672
97.855 122.440 1.605
40.024 118.497 0.554
37.329 69.368 0.000
3.377 59.652 1.885
112.855 119.685 0.842
28.975 78.838 0.750
109.790 115.035 0.446
83.872 92.835 1.685
112.262 115.998 0.777
45.551 58.533 0.749
60.291 104.768 1.717
89.168 99.693 1.004
8.449 73.226 1.558
100.480 110.293 1.263
2.421 68.055 1.413
40.142 57.839 1.337
49.337 58.534 1.260
84.129 112.842 0.038
24.943 72.820 0.948
4.501 89.666 0.227
91.394 120.180 0.986
90.164 110.495 1.422
48.048 86.323 1.497
32.898 116.984 0.210
79.437 120.147 1.623
75.676 106.229 1.105
74.537 99.773 0.180
112.148 117.797 0.907
64.495 81.319 1.699
114.075 118.496 1.229
37.157 99.774 0.447
101.824 113.689 1.937
70.978 117.269 0.780
36.926 64.621 0.042
63.400 75.900 1.593
40.457 79.703 1.368
64.342 122.759 1.829
81.078 116.569 1.296
118.916 122.552 1.329
67.590 117.518 1.352
90.622 98.514 0.984
17.205 117.952 1.564
90.878 106.971 0.370
107.933 117.617 1.677
118.956 121.323 0.183
56.153 112.540 0.678
112.547 122.536 0.954
3.897 35.085 0.886
18.428 63.391 1.069
49.213 100.643 1.464
30.195 98.713 0.248
2.725 94.050 1.670
40.464 82.747 1.619
38.666 98.600 1.962
93.764 113.740 0.561
4.490 66.095 0.220
78.005 80.500 1.939
114.800 116.226 0.329
92.398 117.089 1.322
117.191 122.387 0.221
112.745 122.657 0.651
115.649 120.361 1.601
96.170 115.562 0.742
85.209 87.208 1.179
1.655 111.162 0.316
5.750 110.415 0.501
25.233 31.489 0.104
17.396 43.073 1.768
54.080 118.916 1.328
30.092 115.119 1.499
7.647 18.130 0.627
101.000 108.646 1.882
70.567 93.117 0.725
39.585 58.442 0.283
67.088 121.117 1.824
47.682 94.730 0.086
94.826 98.098 1.342
84.227 107.295 1.852
21.790 121.896 1.310
37.959 115.958 0.142
69.926 120.655 1.745
110.302 121.810 1.405
55.860 66.892 0.984
70.168 71.721 1.313
90.058 94.010 0.401
17.776 54.340 1.225
84.290 96.250 1.529
80.367 107.402 0.113
119.099 120.251 0.492
74.193 80.069 1.731
52.879 72.488 0.166
19.293 120.735 0.217
27.218 120.836 0.842
61.287 68.282 1.898
14.341 78.113 1.598
92.713 105.538 0.187
16.784 21.783 1.367
30.605 74.320 1.225
81.821 99.886 1.085
111.353 118.435 1.727
8.800 63.843 0.504
84.359 117.942 0.445
61.079 62.849 1.585
76.720 114.014 0.144
101.173 103.955 1.047
17.729 55.721 1.156
62.609 72.525 1.894
109.017 121.939 1.701
69.981 103.653 1.837
78.961 87.769 1.571
94.936 110.117 1.739
43.394 65.447 1.553
25.086 103.253 1.727
83.385 85.841 0.563
60.306 67.472 0.738
40.863 83.782 0.953
71.278 100.829 1.277
57.709 76.559 1.202
74.083 118.030 1.178
20.032 96.436 1.415
6.164 33.798 0.610
10.789 40.595 1.965
9.042 59.793 1.558
95.939 97.800 0.522
26.214 44.035 0.858
87.128 114.516 0.814
105.838 112.972 0.808
72.278 88.433 1.064
111.991 117.931 1.653
19.351 85.033 0.321
110.910 118.227 0.148
53.234 103.050 0.200
23.984 51.472 0.082
95.947 99.812 1.028
103.044 120.605 0.510
101.140 121.556 0.319
100.257 113.279 1.558
40.446 82.551 1.242
109.867 122.284 0.459
46.269 87.990 0.305
107.083 113.721 0.035
58.379 89.664 0.435
115.503 121.479 0.568
15.011 59.185 0.877
53.930 67.481 0.012
88.197 110.386 0.451
80.657 117.944 1.153
22.596 110.677 0.701
103.978 111.700 1.755
72.413 101.346 1.693
16.363 71.831 1.347
36.732 65.720 0.962
11.404 16.544 0.182
45.258 59.917 0.496
92.694 112.917 0.407
58.332 119.763 1.074
16.773 27.236 0.847
93.064 109.951 0.855
103.549 115.722 1.226
65.594 83.740 1.227
31.656 78.199 1.454
63.598 109.066 0.708
68.989 114.008 0.968
87.699 109.060 0.454
3.853 81.267 0.352
40.687 68.801 1.957
96.133 107.374 0.773
14.374 35.407 1.901
94.390 102.929 0.430
20.274 83.186 0.413
80.049 90.754 1.461
7.548 22.751 1.993
77.544 92.898 1.867
44.247 94.789 0.856
5.768 61.406 1.180
41.383 81.509 1.186
75.211 102.300 0.164
68.224 118.147 1.395
112.774 120.202 1.938
36.897 54.738 0.981
116.766 120.920 0.905
99.594 111.753 0.315
3.095 67.345 0.938
77.478 119.821 0.905
35.765 97.381 1.662
2.025 28.966 1.604
34.385 57.371 1.686
11.455 16.772 0.124
74.687 118.451 0.518
102.740 117.786 0.337
119.132 120.200 0.770
88.098 91.835 1.403
108.925 118.640 1.614
78.712 79.192 0.118
111.306 115.268 1.284
13.155 76.965 0.069
21.395 79.623 1.165
18.168 69.962 1.753
21.680 90.482 0.808
110.310 112.939 1.696
98.902 122.351 0.396
53.523 82.202 1.355
43.079 100.874 0.902
54.695 107.931 1.173
21.538 104.430 0.822
62.082 66.479 1.057
66.762 103.541 0.026
64.818 104.430 0.864
116.437 119.658 0.308
30.700 115.654 0.532
111.288 118.179 0.859
19.051 32.842 0.528
86.989 93.696 1.358
60.701 107.667 0.494
24.987 99.345 1.916
63.009 69.364 0.705
88.944 103.558 0.064
9.265 60.913 0.379
3.424 49.419 0.430
94.024 101.366 0.238
84.491 102.751 1.146
23.548 110.595 1.391
42.980 55.583 0.421
8.980 44.164 1.633
65.675 97.611 1.537
43.800 68.548 1.095
111.852 122.287 0.895
21.765 79.586 0.937
78.331 108.681 1.933
11.712 105.161 0.750
119.780 120.542 0.111
56.570 72.729 1.822
117.858 120.371 0.753
60.236 84.873 1.565
27.646 36.636 0.848
43.306 58.819 0.565
27.976 39.481 1.956
21.149 65.522 1.076
18.256 103.978 0.617
1.381 25.140 1.608
73.867 104.613 1.129
46.616 84.929 1.814
109.555 117.855 1.750
58.090 112.958 0.392
40.753 77.457 1.310
0.949 22.250 1.470
91.504 104.544 1.307
7.837 56.413 1.139
49.385 94.700 0.966
18.901 102.096 0.726
7.874 29.929 1.735
118.513 122.942 0.291
99.484 106.489 1.565
6.629 99.267 1.961
24.248 69.585 0.219
31.180 96.590 1.270
