0.942 11.280 1.899
4.946 8.639 0.692
3.375 7.265 1.694
4.105 11.875 0.544
2.680 8.607 1.478
1.764 10.601 1.523
3.579 11.185 1.002
0.247 7.827 1.989
0.455 3.552 1.063
7.587 10.918 1.254
1.781 4.518 1.684
0.989 5.467 1.486
8.470 10.037 0.572
1.262 10.467 1.466
6.372 10.881 1.200
2.275 2.579 0.289
0.549 10.550 1.612
1.895 7.589 0.231
0.128 5.648 0.228
6.770 10.239 1.372
0.665 3.651 0.873
6.266 9.097 0.581
2.092 7.909 1.156
5.658 9.014 0.320
8.667 11.854 1.392
1.710 4.097 0.672
8.957 11.996 0.915
0.878 3.060 1.250
3.940 6.103 1.863
8.052 9.397 0.580
6.922 8.603 0.821
5.653 9.182 1.208
4.197 9.587 1.196
7.693 11.006 1.658
6.488 9.263 1.132
1.658 8.056 1.476
8.146 9.268 0.486
5.443 9.856 1.397
3.162 4.782 0.989
6.667 10.440 1.224
6.220 8.451 1.609
5.184 11.551 1.735
5.532 7.204 1.455
6.010 9.235 1.953
5.123 6.824 0.612
