0.009 2.849 1.127
5.661 8.352 1.170
2.452 8.980 1.792
5.226 9.376 0.348
4.974 7.216 1.027
0.105 3.827 0.183
1.031 9.901 0.332
3.120 3.389 0.238
0.062 5.700 0.756
3.998 8.115 1.204
1.164 5.875 1.326
2.465 7.089 0.114
5.483 8.602 1.605
2.114 8.323 1.752
6.691 9.329 1.851
0.996 3.822 0.924
6.036 9.219 0.419
5.906 9.999 1.994
4.280 6.379 0.785
2.081 3.909 1.680
2.631 7.681 0.185
0.394 9.221 0.018
1.931 6.900 0.546
4.838 9.046 1.675
3.395 8.413 0.411
3.279 9.705 0.916
5.211 8.167 0.217
2.697 7.719 1.470
4.007 5.528 0.723
1.576 8.507 0.850
3.620 8.907 1.980
2.419 7.518 0.338
3.443 8.070 0.127
3.534 9.689 0.295
0.991 7.789 1.810
