8.245 17.852 1.849
5.843 13.304 0.952
19.026 22.525 1.097
15.889 20.757 1.603
17.402 22.698 0.636
5.358 18.569 1.887
2.553 13.039 1.550
3.518 4.380 0.053
9.096 12.478 1.725
0.289 18.956 0.426
15.944 21.123 1.559
5.975 21.786 1.563
16.843 20.157 0.485
0.460 1.303 0.151
7.124 14.475 1.431
3.609 7.627 0.596
14.898 15.623 0.269
10.512 20.725 0.718
3.176 7.352 1.800
0.585 18.988 0.363
4.984 11.979 1.141
10.799 21.595 1.330
18.650 20.800 1.891
3.065 19.241 1.116
17.903 22.368 0.145
16.448 20.394 0.777
13.439 16.777 0.902
18.989 22.443 1.964
11.896 13.834 0.545
3.959 13.854 1.201
7.107 14.950 0.460
13.836 20.610 1.896
19.651 21.602 0.475
4.716 14.498 1.796
6.529 16.392 1.075
6.731 10.062 0.696
5.803 21.707 0.439
14.794 20.696 1.614
13.734 20.966 0.540
1.288 20.144 1.444
6.831 14.708 0.089
0.416 15.024 1.676
10.811 18.264 1.208
15.547 21.128 1.280
15.199 17.893 1.736
8.470 10.321 1.573
8.767 16.015 0.084
5.385 9.801 0.137
19.641 22.098 1.013
1.420 22.073 0.735
17.201 19.116 0.675
5.791 22.875 0.102
3.449 7.860 0.138
6.018 17.601 1.574
1.674 5.038 0.526
4.351 8.600 1.125
12.646 17.460 0.214
15.177 16.255 0.668
5.650 20.977 1.389
11.352 13.894 1.737
15.908 21.141 1.999
12.377 19.162 1.190
3.885 9.815 1.958
0.846 6.854 0.478
8.136 13.343 1.590
18.001 21.845 0.759
4.130 15.580 0.106
7.080 17.956 0.722
19.521 22.684 0.447
6.939 18.260 1.907
4.033 11.139 0.565
10.640 13.813 0.582
1.992 16.956 0.213
16.876 22.135 1.344
0.115 14.341 0.983
18.707 21.537 0.581
14.938 22.446 1.748
16.602 19.395 1.212
15.685 19.791 0.300
13.781 22.943 0.789
2.039 3.414 0.823
13.749 15.742 0.518
4.573 20.513 0.378
15.266 19.052 0.095
1.123 4.742 1.922
11.310 18.839 1.925
17.573 20.249 0.817
8.270 20.631 1.317
18.904 19.478 0.566
12.325 19.362 0.099
8.439 17.989 1.909
4.017 11.029 0.829
12.463 14.123 1.617
2.105 8.461 0.789
6.336 20.800 1.648
6.231 15.872 0.395
9.381 16.410 1.990
7.370 13.900 0.838
11.609 16.615 1.755
7.868 16.506 1.902
