6.623 9.207 1.674
5.895 8.363 1.387
1.814 6.121 0.009
6.684 8.088 0.797
4.099 8.297 0.510
6.617 9.724 0.871
0.050 6.785 1.882
5.503 7.133 1.153
1.556 2.355 0.766
2.925 7.650 0.164
5.986 9.266 0.130
4.634 9.214 1.383
3.711 5.784 1.371
4.827 9.174 1.456
0.217 7.140 1.737
4.946 7.812 0.171
6.635 7.646 0.118
1.016 7.332 1.964
2.046 6.136 1.845
4.862 6.032 0.437
1.684 9.289 1.043
0.745 5.841 1.805
0.561 3.478 1.564
6.821 9.789 1.552
1.474 2.416 0.913
5.254 7.311 0.228
2.178 4.388 1.985
1.765 4.089 0.379
1.075 9.119 1.241
6.574 9.331 0.391
4.519 9.621 1.314
3.188 8.331 1.843
1.055 6.697 1.273
2.954 7.630 1.886
4.050 6.368 1.073
