0.025 5.375 1.127
16.175 20.059 1.170
7.006 20.484 1.792
14.932 21.911 0.348
14.210 17.597 1.027
0.300 8.689 0.183
2.946 22.774 0.332
8.914 9.217 0.238
0.178 12.666 0.756
11.424 18.925 1.204
3.325 12.922 1.326
7.042 16.784 0.114
15.666 20.250 1.605
6.039 18.843 1.752
19.118 22.065 1.851
2.847 8.296 0.924
17.245 21.824 0.419
16.873 22.999 1.994
12.230 15.673 0.785
5.946 7.991 1.680
7.517 18.062 0.185
1.124 21.225 0.018
5.518 16.021 0.546
13.824 20.948 1.675
9.699 19.697 0.411
9.369 22.354 0.916
14.889 19.835 0.217
7.705 17.594 1.470
11.448 13.812 0.723
4.502 19.521 0.850
10.342 20.347 1.980
6.911 17.602 0.338
9.838 19.086 0.127
10.096 22.364 0.295
2.832 17.362 1.810
6.061 8.046 0.853
19.332 21.051 1.366
17.545 21.407 1.643
3.827 19.560 0.356
9.505 16.460 0.311
14.640 17.562 0.811
11.375 20.495 1.364
14.438 16.325 0.951
7.356 9.516 1.669
10.340 16.497 1.326
2.094 21.506 1.899
10.991 17.021 0.692
7.500 13.568 1.694
9.122 22.773 0.544
5.956 16.264 1.478
3.920 20.181 1.523
7.953 21.457 1.002
0.549 14.255 1.989
1.010 6.134 1.063
16.861 21.327 1.254
3.957 7.782 1.684
2.199 9.751 1.486
18.821 20.606 0.572
2.805 19.903 1.466
14.160 21.069 1.200
5.054 5.372 0.289
1.220 20.028 1.612
4.212 14.709 0.231
0.285 10.733 0.228
15.044 19.994 1.372
1.478 6.521 0.873
13.924 18.215 0.581
4.649 14.962 1.156
12.574 17.989 0.320
19.261 22.823 1.392
3.799 7.776 0.672
19.904 22.996 0.915
1.950 5.069 1.250
8.755 11.217 1.863
17.892 19.502 0.580
15.381 17.576 0.821
12.561 17.938 1.208
9.327 18.442 1.196
17.096 21.407 1.658
14.418 18.345 1.132
3.685 15.064 1.476
18.102 19.421 0.486
12.094 19.050 1.397
7.026 9.219 0.989
14.815 20.357 1.224
13.822 16.560 1.609
11.521 22.138 1.735
12.294 14.149 1.455
13.356 17.731 1.953
11.384 13.910 0.612
2.171 20.160 1.738
14.886 17.747 0.310
1.587 15.367 0.153
16.400 19.960 1.090
8.180 15.399 0.597
10.024 14.423 0.305
14.760 21.681 0.628
19.181 22.430 1.747
6.001 9.812 1.888
1.315 13.437 1.570
