32.982 63.784 1.849
23.372 47.891 0.952
76.106 82.043 1.097
63.554 75.735 1.603
69.607 82.224 0.636
21.434 66.216 1.887
10.210 45.448 1.550
14.073 16.993 0.053
36.383 44.218 1.725
1.157 68.226 0.426
63.776 76.968 1.559
23.900 78.484 1.563
67.370 75.409 0.485
1.841 4.494 0.151
28.497 51.677 1.431
14.434 27.408 0.596
59.592 61.209 0.269
42.050 75.224 0.718
12.705 23.533 1.800
2.339 68.392 0.363
19.937 42.559 1.141
43.195 78.027 1.330
74.602 77.177 1.891
12.259 69.093 1.116
71.611 81.564 0.145
65.793 75.586 0.777
53.757 62.633 0.902
75.957 81.619 1.964
47.584 52.731 0.545
15.835 49.184 1.201
28.426 54.776 0.460
55.343 74.528 1.896
78.606 81.094 0.475
18.865 50.856 1.796
26.117 59.046 1.075
26.922 36.990 0.696
23.214 78.419 0.439
59.174 75.236 1.614
54.936 76.583 0.540
5.154 72.232 1.444
27.325 54.334 0.089
1.663 52.611 1.676
43.246 66.374 1.208
62.189 77.077 1.280
60.795 65.765 1.736
33.880 36.472 1.573
35.069 59.378 0.084
21.541 36.692 0.137
78.564 81.684 1.013
5.681 79.595 0.735
68.806 72.751 0.675
23.162 82.564 0.102
13.797 29.138 0.138
24.073 62.904 1.574
6.695 17.562 0.526
17.403 30.021 1.125
50.583 65.408 0.214
60.707 62.616 0.668
22.601 75.521 1.389
45.407 50.056 1.737
63.632 76.661 1.999
49.508 69.857 1.190
15.540 32.662 1.958
3.384 24.053 0.478
32.545 47.449 1.590
72.004 80.211 0.759
16.519 56.753 0.106
28.319 65.092 0.722
78.083 82.534 0.447
27.757 65.139 1.907
16.133 40.265 0.565
42.560 51.910 0.582
7.969 61.254 0.213
67.505 80.441 1.344
0.461 50.755 0.983
74.827 80.007 0.581
59.753 81.113 1.748
66.408 72.309 1.212
62.739 73.870 0.300
55.124 82.816 0.789
8.155 11.009 0.823
54.994 60.158 0.518
18.292 74.136 0.378
61.064 71.713 0.095
4.492 12.924 1.922
45.238 67.730 1.925
70.293 75.903 0.817
33.080 74.415 1.317
75.615 76.197 0.566
49.301 71.443 0.099
33.756 64.253 1.909
16.070 39.410 0.829
49.850 51.620 1.617
8.421 29.639 0.789
25.343 74.795 1.648
24.923 57.890 0.395
37.526 58.355 1.990
29.478 50.592 0.838
46.435 59.935 1.755
31.471 58.640 1.902
33.487 72.218 1.217
6.692 22.798 0.302
6.988 43.187 0.635
50.331 53.535 0.666
49.162 58.866 0.286
65.998 82.910 0.878
17.676 51.682 0.215
21.168 56.805 0.015
61.645 82.349 0.215
29.554 58.302 1.808
17.813 49.319 0.605
24.849 69.514 0.829
67.329 74.473 0.778
57.934 61.560 1.470
6.538 71.530 1.506
51.025 66.591 0.719
7.551 22.437 0.831
27.450 41.596 1.827
24.825 44.897 0.309
14.583 29.105 0.545
13.797 18.952 0.671
40.153 75.195 1.927
35.716 45.691 1.826
38.553 69.916 0.944
19.888 38.752 1.873
23.963 72.649 1.645
50.392 52.206 1.590
20.877 80.106 0.579
68.757 79.137 1.035
20.494 52.138 1.842
7.483 14.800 1.652
22.611 61.731 0.768
41.207 47.830 0.863
77.998 78.172 0.149
73.183 80.800 0.823
15.013 43.898 0.203
54.235 78.129 1.055
66.975 75.251 0.543
69.636 82.618 0.298
43.070 46.147 0.441
16.370 29.543 0.395
15.962 56.527 1.914
59.103 75.538 0.589
62.890 81.693 1.843
67.546 69.639 0.518
4.951 18.067 1.808
71.421 82.530 0.719
30.526 66.657 0.663
71.003 76.632 0.760
53.971 68.264 0.534
42.228 74.936 1.604
59.706 79.156 0.973
44.723 58.376 0.558
4.331 64.780 1.823
29.478 41.230 0.565
25.965 76.260 0.100
19.905 29.737 0.808
70.022 80.455 1.216
15.748 67.194 0.903
34.667 73.802 1.273
13.956 80.483 0.645
56.752 79.455 0.395
3.784 8.072 1.486
10.467 50.629 0.165
45.517 54.554 1.066
6.175 11.696 0.609
32.901 45.711 0.267
65.651 71.057 1.018
79.036 81.128 1.833
22.755 51.874 1.414
23.580 55.109 0.689
64.890 67.074 1.034
66.337 69.058 1.109
40.765 71.830 1.893
37.914 79.416 0.903
43.908 78.564 0.731
52.777 68.233 0.245
8.994 49.690 0.560
63.303 80.310 0.738
59.548 68.577 0.928
35.367 54.150 1.172
50.563 66.794 1.115
66.933 67.457 0.371
8.741 25.273 0.081
20.477 64.958 0.821
35.419 61.427 0.266
68.542 72.959 1.613
73.906 75.745 0.627
48.549 81.470 0.021
42.980 44.240 0.774
18.965 57.625 1.771
12.207 50.111 0.033
73.337 76.519 1.305
32.445 39.097 1.932
31.966 49.751 1.012
26.273 41.435 1.251
23.197 77.049 1.067
38.246 68.650 0.656
36.827 56.570 1.166
73.784 79.991 0.242
11.895 20.268 0.495
8.162 70.251 1.379
39.259 68.155 0.907
33.480 39.546 1.280
66.447 81.070 0.737
41.603 59.107 1.925
58.056 68.178 1.261
65.073 67.815 1.705
59.487 65.580 0.725
65.517 71.444 1.567
45.058 50.078 0.349
60.568 67.433 0.828
13.677 31.227 1.088
25.489 63.487 0.450
55.873 73.803 1.340
4.483 79.281 0.659
25.655 35.516 0.615
29.483 80.941 0.553
18.897 59.147 0.522
60.483 67.435 1.166
56.972 75.753 0.676
1.726 53.503 1.401
10.110 38.765 1.440
41.915 66.940 1.728
39.613 68.779 0.062
44.279 66.749 0.699
61.142 61.201 0.045
43.756 55.906 1.496
63.522 78.082 1.670
23.717 48.402 1.077
8.142 16.086 0.779
53.456 73.969 0.324
53.661 79.886 1.477
60.527 67.318 1.139
8.916 63.395 0.534
78.198 79.996 0.976
64.096 71.483 1.226
38.610 56.448 1.997
75.840 80.516 0.441
46.056 80.431 0.291
36.634 40.112 1.285
52.460 56.850 1.485
52.060 59.616 0.399
58.571 77.482 1.989
71.465 81.870 1.095
69.509 79.566 1.232
58.486 77.098 0.304
12.222 56.026 0.809
57.343 80.265 1.660
5.098 52.435 0.790
39.047 72.745 0.903
46.303 67.979 0.671
28.827 34.617 1.499
7.652 12.907 1.994
31.734 53.134 0.216
34.713 56.883 0.539
17.999 59.900 0.523
71.447 77.606 1.758
32.936 81.235 0.464
59.150 76.584 0.683
48.271 79.458 1.243
54.599 58.109 0.471
42.533 66.134 1.431
1.209 39.259 1.022
77.668 81.943 1.779
19.666 36.707 0.207
37.303 40.700 1.214
30.894 82.905 0.233
59.194 59.380 0.082
54.421 75.177 1.913
60.070 75.714 0.282
49.020 82.217 1.326
5.689 72.530 1.815
50.280 69.854 1.778
12.176 53.588 1.797
21.036 59.913 0.351
66.745 80.892 1.341
35.882 67.654 1.966
56.701 78.182 0.116
59.753 79.493 1.948
25.130 37.210 0.235
23.343 73.902 1.896
19.981 74.624 0.432
34.471 79.571 0.411
60.266 69.273 0.780
44.638 80.814 1.261
58.901 69.168 1.472
44.015 69.226 1.960
26.214 62.159 0.860
55.654 74.257 0.980
21.468 25.675 0.209
11.182 24.873 0.908
51.720 61.301 1.714
65.407 81.640 1.250
8.181 45.633 0.508
56.091 60.294 1.408
29.759 80.963 0.964
7.908 15.729 0.909
41.659 74.476 0.652
65.932 76.201 1.476
4.138 82.284 0.375
34.176 69.757 1.287
72.060 82.217 1.686
38.639 71.173 0.960
60.617 77.480 0.768
21.920 24.530 0.726
65.781 74.122 1.516
17.942 35.351 0.165
50.055 61.834 1.535
20.377 67.703 0.970
44.955 71.657 0.696
77.371 79.490 0.803
71.111 78.789 1.185
27.789 73.874 1.603
65.200 67.424 0.847
50.592 73.523 1.965
39.943 64.528 0.369
19.070 38.767 1.724
79.165 81.688 1.640
25.738 63.666 0.797
74.470 78.144 1.808
61.093 82.005 1.051
73.362 75.047 1.285
21.085 70.271 0.577
20.645 42.960 0.574
73.152 76.787 1.637
25.772 80.796 0.460
19.639 71.807 1.867
8.272 26.154 1.155
30.077 71.814 0.383
71.738 72.933 0.618
60.163 73.552 1.439
43.834 48.776 0.737
5.510 9.126 1.546
25.611 34.458 0.617
42.074 72.558 0.654
47.880 80.482 1.159
52.836 70.964 1.420
5.742 7.453 0.589
61.774 74.914 1.995
24.420 33.147 0.950
41.249 64.363 0.374
30.179 66.286 1.022
57.861 73.885 1.415
9.868 63.817 1.914
4.509 43.891 0.456
10.694 44.773 1.948
62.770 78.718 1.224
49.008 60.018 1.679
79.844 82.046 1.715
12.583 80.397 0.215
78.308 79.878 1.169
5.479 36.749 0.662
34.469 73.802 1.469
47.736 68.380 1.756
72.588 75.292 0.412
14.329 36.927 0.879
17.342 69.158 1.669
68.491 75.364 0.796
75.901 81.518 0.095
24.049 37.884 1.039
53.495 59.063 0.579
69.778 81.070 0.945
72.942 75.528 1.171
35.682 74.629 1.364
78.564 81.784 1.931
7.039 50.901 0.101
69.001 77.918 1.185
46.442 75.392 0.566
30.973 38.744 1.763
77.436 79.829 0.115
27.508 28.334 0.717
25.365 70.519 0.423
39.261 78.159 0.122
31.808 55.231 1.137
56.525 72.487 1.137
48.498 61.688 0.391
62.082 74.675 1.812
64.968 82.149 1.598
61.613 75.233 0.394
41.115 75.970 1.687
58.334 74.122 1.381
31.722 82.148 1.757
42.631 67.057 0.506
54.462 81.656 1.282
44.979 64.642 0.543
16.211 29.011 1.752
11.922 61.519 1.444
44.545 82.868 1.244
79.995 82.121 1.196
42.015 76.156 0.091
71.413 75.210 1.102
0.427 68.271 1.867
7.986 72.123 0.262
30.528 35.377 1.525
26.124 30.426 0.032
29.586 41.887 0.013
45.968 60.066 1.493
35.152 74.762 0.229
31.581 79.663 0.640
