28.997 38.837 0.397
24.628 35.220 1.310
3.932 6.907 1.091
38.983 42.907 0.928
29.115 38.896 1.062
27.712 34.108 0.744
1.998 10.296 1.620
2.433 34.391 0.621
8.499 25.552 0.644
0.366 22.451 0.880
24.238 32.671 1.517
13.992 41.424 1.685
24.932 27.786 1.995
22.514 31.496 1.727
12.256 13.630 0.568
24.503 25.615 0.782
1.241 37.197 0.911
37.471 41.711 0.804
24.464 40.892 1.617
23.304 25.956 1.190
31.727 38.764 0.924
23.577 39.637 1.138
26.910 27.755 0.687
10.692 18.715 0.683
30.841 41.514 0.743
4.674 29.317 1.451
35.758 39.807 0.366
36.080 42.814 1.560
7.895 36.254 1.803
38.136 42.653 1.698
25.148 36.304 0.371
10.600 34.457 0.501
31.524 39.815 0.342
19.238 38.435 0.163
34.214 37.088 0.249
22.933 38.450 0.946
7.675 42.832 1.456
0.614 30.329 1.295
6.966 16.979 0.144
27.065 36.679 1.678
14.849 22.591 1.559
25.529 29.472 0.463
38.842 39.487 0.563
30.769 31.633 0.304
0.370 28.067 0.697
13.730 26.405 0.829
3.627 31.487 1.090
13.520 39.514 1.315
21.419 23.663 1.140
18.631 29.330 0.520
34.534 36.162 0.973
22.633 38.802 1.419
34.569 38.242 1.701
34.575 41.194 1.290
33.146 41.934 1.531
36.333 40.685 1.825
17.607 26.735 0.215
32.922 35.344 0.855
0.034 33.568 1.315
2.549 18.260 0.180
27.356 31.133 1.615
5.714 18.684 0.097
0.742 28.799 1.957
2.146 28.852 1.828
17.269 23.543 0.042
15.678 37.326 1.308
0.913 8.163 1.652
25.371 42.727 1.101
18.537 26.193 0.430
31.286 37.272 0.685
24.321 42.712 0.205
30.233 36.224 0.302
28.465 40.185 1.997
25.666 42.133 1.242
27.526 36.553 0.580
11.615 34.288 1.096
9.857 26.739 1.093
38.082 42.160 1.340
24.935 39.544 0.892
29.821 34.091 1.978
25.179 36.460 1.820
36.736 40.318 1.011
17.989 41.615 1.779
7.317 14.963 0.504
29.220 38.539 1.882
1.654 4.320 1.283
22.254 32.117 1.089
2.455 9.372 1.992
24.036 27.397 0.101
26.409 32.106 0.665
26.143 33.820 0.821
8.865 15.678 1.357
19.902 38.644 1.015
17.403 26.099 0.009
15.036 38.216 0.257
29.332 38.761 1.782
26.024 38.758 1.029
29.487 36.804 1.914
14.530 40.307 0.224
32.849 34.763 0.910
34.778 36.563 1.523
16.667 20.196 1.872
6.594 11.224 0.423
23.645 35.702 0.237
23.204 38.057 1.381
36.626 39.468 1.339
32.355 42.975 0.756
30.901 33.303 0.409
15.530 31.642 0.362
7.825 16.072 1.920
15.269 19.154 0.608
7.926 34.995 0.092
30.442 32.223 1.762
17.945 38.197 0.853
18.454 37.096 0.990
9.540 13.658 1.119
36.881 42.381 1.788
2.385 28.417 0.982
29.889 34.367 1.512
36.396 38.982 1.584
22.114 33.069 0.102
31.615 33.263 1.408
29.270 41.917 1.107
35.022 38.566 1.594
15.798 18.141 0.964
26.079 39.084 0.002
30.248 32.593 0.439
2.301 4.929 1.341
13.835 37.395 1.396
17.450 34.404 1.963
11.812 39.201 0.954
3.171 9.049 0.202
5.720 18.499 1.836
14.953 17.813 1.628
32.568 41.984 0.480
10.260 17.497 0.539
9.175 38.978 1.692
35.508 40.733 1.690
1.636 9.520 0.347
14.236 20.292 0.899
35.779 40.289 1.246
36.467 41.522 1.045
39.973 42.856 1.939
33.608 37.308 0.293
11.375 42.179 0.342
29.673 31.473 1.433
25.802 38.888 1.625
32.727 40.182 0.249
15.003 40.742 1.300
35.587 41.335 0.064
17.955 23.692 0.015
16.739 40.899 0.313
20.068 37.489 0.486
36.261 36.890 0.427
30.847 37.814 0.456
32.256 36.958 1.704
21.557 40.458 1.984
25.875 39.879 0.455
14.842 16.535 0.734
22.452 25.614 0.796
12.997 20.478 1.798
37.607 42.225 0.250
35.758 38.060 0.891
25.390 36.801 1.120
16.946 39.465 0.033
5.585 16.888 0.535
27.266 42.398 1.123
24.289 33.108 1.576
32.735 35.407 1.479
20.661 20.857 0.040
29.933 41.786 0.668
18.491 21.187 1.536
25.239 37.375 0.048
38.763 42.050 1.001
10.638 32.145 1.645
23.889 40.105 0.527
18.403 28.021 1.496
0.580 27.511 0.953
16.155 17.643 0.767
11.553 39.487 1.194
17.287 28.284 1.863
21.325 42.442 0.020
34.608 40.742 0.875
13.318 28.720 1.205
22.385 30.230 0.078
9.322 38.532 1.875
38.564 41.661 1.218
3.058 15.818 0.814
19.943 40.133 0.160
12.171 41.036 1.563
23.537 29.285 0.432
22.429 28.884 1.749
12.056 39.066 1.454
9.243 24.537 0.381
35.614 36.942 1.149
39.810 41.830 0.118
10.277 14.377 0.340
9.259 41.684 0.990
1.971 15.931 0.159
11.189 27.319 1.031
