5.570 46.597 1.142
14.380 28.572 0.796
30.229 34.456 0.437
26.527 92.156 1.193
33.406 97.704 1.166
73.595 96.811 0.051
63.567 67.796 0.161
52.489 75.166 1.199
2.060 100.887 1.334
42.033 63.042 0.151
82.086 101.005 0.216
58.605 68.059 1.421
61.446 73.020 0.086
56.099 86.231 1.231
83.859 96.595 1.095
57.134 73.353 1.918
5.118 26.251 1.317
79.290 86.331 1.691
88.083 96.908 0.977
76.586 95.957 0.042
46.196 70.786 0.580
64.956 100.102 0.180
2.506 78.191 0.431
53.920 54.748 0.652
91.119 95.368 1.406
77.102 82.646 0.099
24.635 27.712 1.094
14.389 48.954 1.075
45.647 48.530 1.694
41.053 86.962 0.311
36.100 47.411 0.760
36.006 57.792 0.990
37.458 83.568 1.107
45.894 58.440 0.743
99.579 101.020 0.310
45.405 93.086 0.423
89.724 96.271 1.405
70.513 86.441 0.574
17.600 46.061 0.940
42.067 69.594 0.043
30.012 32.047 0.665
55.193 92.337 1.693
62.691 90.219 1.099
97.714 102.690 0.953
68.963 94.496 1.305
90.545 96.128 1.105
38.127 52.012 1.591
27.778 56.795 0.149
33.018 38.722 0.874
45.729 51.116 0.997
78.762 94.747 0.283
81.832 87.164 0.842
85.678 92.424 1.527
7.794 29.508 0.121
51.265 81.617 0.833
49.809 73.503 1.837
21.534 95.807 1.130
54.042 64.769 1.206
63.131 95.411 0.904
30.952 69.447 1.150
67.632 73.994 1.930
29.231 29.557 0.072
39.866 51.529 0.280
62.304 99.270 0.040
76.333 87.167 1.734
49.596 72.063 1.144
79.727 85.668 0.336
53.664 88.643 0.668
44.218 72.724 1.523
5.463 96.065 1.038
45.335 58.825 1.285
25.855 102.790 1.550
41.331 53.488 0.450
84.387 96.935 0.932
1.624 19.091 0.657
99.194 102.136 1.998
85.122 94.985 0.150
86.648 94.204 1.378
59.426 89.787 1.429
29.008 75.691 1.736
43.525 95.615 1.307
55.049 63.277 0.266
34.092 97.178 1.261
35.139 79.417 0.886
1.492 57.091 0.413
90.811 94.845 1.626
78.552 85.843 1.261
22.227 65.727 0.498
75.396 78.047 1.654
77.474 82.741 1.934
0.128 69.904 1.728
37.709 88.607 0.817
9.626 44.533 1.860
84.719 99.377 1.643
20.563 85.689 1.298
64.388 84.364 1.484
39.836 72.312 1.465
73.904 91.757 0.593
88.525 100.313 0.944
94.446 102.026 0.842
57.121 101.112 1.406
77.255 91.188 1.015
4.071 47.570 1.259
81.765 94.405 0.547
57.576 100.142 0.897
72.558 84.401 0.793
64.394 94.512 0.461
19.468 65.345 0.668
11.563 43.348 0.022
25.245 61.557 0.698
90.216 96.744 1.560
39.509 79.413 1.458
37.101 47.478 0.087
19.727 30.988 0.249
42.228 89.212 0.121
81.213 93.370 0.994
11.695 31.027 1.656
51.854 94.832 1.920
86.972 95.930 1.060
25.636 82.805 0.865
7.071 12.897 1.215
4.398 70.320 0.362
21.448 91.194 1.920
42.644 64.544 1.098
81.085 82.736 0.416
77.416 99.636 0.329
15.961 92.277 1.047
47.508 51.147 0.507
11.252 21.706 0.804
95.355 98.430 2.000
84.448 99.259 0.125
14.014 102.707 1.667
4.288 25.893 0.003
62.807 90.877 1.388
41.734 90.271 1.484
40.825 72.628 0.671
65.932 88.250 0.274
90.774 100.799 0.512
57.125 83.416 1.643
18.088 91.082 0.892
65.551 73.871 1.387
65.297 79.150 1.029
63.570 100.730 1.501
91.095 100.149 0.907
79.836 88.832 0.750
80.364 83.294 0.009
31.956 55.281 0.636
67.876 92.748 1.796
49.947 93.289 0.734
6.928 101.540 1.546
69.765 78.973 0.135
67.635 76.626 1.984
36.558 52.639 0.116
19.953 98.025 0.883
53.529 65.582 1.391
56.865 91.647 0.825
7.071 100.944 1.595
55.345 59.805 0.748
54.454 79.508 1.324
70.043 81.934 1.107
39.482 44.643 0.316
18.607 26.083 0.583
66.582 90.749 1.434
61.760 64.181 1.680
77.200 102.718 1.325
17.176 92.616 0.355
96.878 99.269 1.150
87.188 100.468 0.374
19.202 56.070 0.913
38.231 65.288 1.636
26.566 43.626 0.898
57.720 85.056 0.409
79.968 93.263 1.770
43.889 97.988 1.645
3.198 84.539 1.329
68.700 73.556 0.485
3.439 89.368 0.893
5.683 87.732 0.923
72.686 82.167 0.143
46.083 58.861 1.733
65.542 78.170 0.193
50.142 84.619 0.356
10.794 61.659 0.954
8.933 95.796 1.711
49.474 93.512 0.717
37.394 80.153 0.201
63.433 77.146 1.619
94.607 101.086 0.644
28.291 49.991 0.455
44.652 61.166 0.833
55.055 97.304 0.487
43.483 95.742 0.094
39.051 53.714 0.629
76.455 96.390 1.876
74.660 88.106 1.987
90.201 93.356 1.231
82.955 91.352 0.446
73.547 91.261 1.424
98.669 102.767 0.005
58.138 77.919 0.917
35.823 76.538 1.209
42.247 48.538 0.027
60.106 65.325 0.483
4.160 23.873 0.771
3.320 30.820 1.761
76.232 77.887 1.133
23.435 91.282 1.683
10.382 76.626 1.411
5.258 93.117 0.175
92.541 97.981 0.681
74.450 79.704 1.538
69.912 84.651 1.063
23.392 32.647 1.635
53.743 94.970 1.515
84.552 94.945 0.547
63.384 88.143 0.715
97.064 102.549 1.446
98.102 99.525 1.333
58.855 74.724 1.642
73.226 86.428 1.015
1.062 57.661 1.116
49.611 68.545 1.826
27.412 56.711 1.459
32.456 102.373 1.090
90.112 93.718 0.436
29.810 40.247 1.723
89.026 101.423 0.464
54.967 100.485 0.481
44.288 46.715 1.501
43.217 62.907 1.418
66.915 72.935 0.360
44.078 98.462 0.378
99.854 101.714 1.617
58.269 77.429 1.858
85.739 90.569 0.219
26.328 53.295 1.343
99.753 102.166 1.013
55.657 83.357 1.395
29.231 102.802 1.767
7.334 27.110 1.712
48.253 83.692 0.319
65.905 96.276 1.283
87.906 101.146 1.282
96.564 98.513 1.852
4.044 88.923 1.728
68.093 88.412 1.503
56.142 86.477 0.509
97.946 102.201 0.479
96.200 99.975 0.788
71.581 97.614 1.609
88.107 89.921 0.060
13.205 22.857 0.208
97.342 101.757 0.761
52.617 61.533 0.283
71.795 88.655 1.722
54.717 92.268 0.531
38.435 89.898 0.488
67.711 94.787 0.283
30.644 59.004 1.106
14.832 29.229 1.404
99.554 102.600 1.690
15.616 70.205 0.471
12.033 42.307 1.092
88.537 99.581 1.643
60.970 65.225 0.656
69.863 81.727 1.614
72.094 84.387 1.486
96.277 97.716 1.303
49.016 66.047 0.238
53.624 79.164 1.641
16.172 48.114 1.346
3.867 10.190 0.229
61.010 69.251 1.109
78.878 82.166 1.043
4.337 26.119 1.398
86.364 101.716 1.980
3.665 79.327 0.203
21.680 95.567 0.108
81.304 89.414 0.995
32.716 92.791 1.297
29.374 69.485 1.295
55.464 71.094 0.670
40.129 51.914 1.038
38.157 65.744 0.307
4.691 31.001 1.637
14.194 80.045 0.074
79.095 102.415 1.323
81.130 85.005 1.663
95.428 99.242 1.602
7.315 74.977 0.026
61.119 102.051 1.718
31.684 92.182 1.787
2.725 7.063 1.274
58.303 62.344 0.030
35.081 39.333 1.636
88.174 89.464 0.415
34.483 52.915 0.909
88.730 94.783 0.095
28.425 83.531 1.231
89.169 97.072 1.640
46.504 70.077 1.215
19.724 83.732 0.397
70.461 77.254 0.747
97.415 100.954 0.617
37.745 68.341 0.392
12.687 26.917 0.589
55.660 81.941 1.472
2.765 34.720 1.142
34.046 61.191 1.852
21.128 99.975 0.434
6.400 38.112 0.722
40.913 89.882 0.275
44.713 94.480 1.580
75.512 85.256 0.472
44.490 83.349 0.302
74.813 83.618 1.208
26.319 92.819 1.050
72.991 73.873 0.380
30.830 74.062 0.872
35.701 79.866 0.548
38.115 65.214 0.657
93.921 99.495 1.734
82.672 91.144 1.666
70.534 83.707 1.228
23.414 68.503 1.577
16.947 45.544 0.853
27.726 33.635 1.993
92.767 101.962 1.206
1.328 48.645 1.019
54.677 92.122 0.410
4.611 41.409 1.961
83.303 90.991 1.156
3.223 42.985 0.783
81.661 90.440 1.501
68.929 99.970 0.861
38.539 91.789 1.342
38.298 64.498 0.078
76.687 85.645 0.858
14.402 93.134 0.652
12.351 76.864 0.841
22.602 76.644 0.530
51.176 95.523 0.898
68.426 83.207 0.973
48.878 76.789 1.334
55.956 64.368 0.317
85.601 90.762 1.282
71.377 84.744 1.140
53.032 96.554 0.618
81.042 98.279 1.372
45.778 47.962 1.694
99.149 101.535 1.539
95.553 101.880 0.057
9.146 33.801 0.592
0.928 33.931 0.503
38.145 96.938 1.879
99.527 101.592 1.140
46.849 76.685 0.984
15.360 100.613 1.013
72.277 81.211 0.724
5.219 99.883 1.341
8.060 45.145 1.693
35.658 102.868 1.984
91.156 101.918 1.745
60.097 76.217 0.466
45.814 56.665 0.843
45.274 64.043 0.102
79.034 82.106 1.140
30.927 74.570 1.682
88.131 99.789 0.140
8.344 53.270 1.103
93.728 102.501 1.647
84.817 100.859 0.397
12.375 14.791 1.154
74.688 95.885 1.226
94.980 100.376 1.590
36.079 80.077 1.205
42.473 51.789 0.245
67.742 99.381 1.679
31.608 93.301 0.403
5.792 69.439 0.060
3.308 60.293 0.036
27.454 85.138 1.822
46.809 72.144 1.059
90.930 102.151 1.876
16.803 30.445 0.413
29.887 84.222 1.740
11.014 67.085 0.850
89.923 100.531 0.747
73.882 89.013 0.946
55.467 89.481 1.894
41.649 88.707 0.953
81.567 99.956 0.959
66.863 89.719 1.699
27.741 46.339 0.551
19.184 72.126 0.215
4.102 71.269 1.998
16.529 22.010 0.360
94.519 100.616 0.662
58.855 79.398 1.599
31.388 69.625 1.729
78.335 86.088 0.611
73.269 74.354 0.888
47.414 49.343 0.731
92.990 101.887 0.939
62.038 71.176 1.705
32.655 89.344 0.459
4.306 6.031 0.979
35.108 80.688 1.433
49.260 67.155 0.163
32.063 82.571 0.555
76.623 81.752 0.505
69.210 82.811 0.867
43.199 60.722 1.538
91.043 96.307 1.883
27.213 37.906 1.727
5.210 89.577 0.503
34.980 52.970 1.184
10.456 97.810 1.166
25.373 36.781 0.632
16.111 84.814 1.085
20.994 61.587 1.972
17.322 36.709 0.193
99.399 102.166 0.369
30.958 93.056 1.011
55.544 87.820 1.870
55.119 63.930 0.162
60.451 83.378 0.567
2.988 69.053 1.991
73.266 95.882 1.360
91.485 98.439 0.957
57.097 97.324 0.816
49.864 102.765 0.387
65.618 87.010 1.589
65.181 98.051 0.088
69.878 76.213 1.740
12.824 17.588 1.410
45.875 68.452 1.225
44.194 61.076 0.951
5.271 98.668 0.108
31.684 85.786 0.375
86.941 90.456 0.935
16.825 72.067 1.114
98.486 100.319 1.421
82.516 84.672 0.184
66.405 78.113 1.434
87.689 100.686 0.309
84.381 100.640 0.403
74.895 88.746 1.246
3.211 63.801 0.034
0.421 66.352 0.812
45.946 93.491 0.842
55.611 95.460 1.003
20.289 90.794 1.636
59.108 72.392 1.919
99.698 102.136 1.219
15.677 25.449 1.259
17.533 98.489 1.100
70.113 72.107 1.175
27.332 44.645 1.558
47.551 102.116 0.497
89.523 95.003 0.934
76.379 78.087 0.074
13.095 51.178 1.931
49.413 60.758 1.372
72.329 75.374 1.234
5.930 56.909 0.893
96.149 102.738 0.071
23.395 101.261 0.566
53.810 64.369 1.818
6.546 45.480 0.366
97.357 102.434 0.508
64.650 100.260 1.199
31.755 35.423 1.486
88.412 91.294 0.875
29.887 42.805 0.691
88.064 90.403 0.970
54.250 76.090 0.347
46.663 70.965 0.842
52.950 68.631 0.508
89.605 93.846 0.229
26.640 40.865 0.155
85.702 87.689 1.026
78.079 94.744 0.659
89.059 99.237 1.164
19.495 53.228 0.575
17.121 69.645 0.394
87.347 100.319 0.317
51.131 74.862 0.280
61.892 93.545 0.344
53.163 78.970 0.265
72.832 101.308 1.507
31.709 76.164 1.381
54.442 75.630 1.232
67.534 79.371 0.412
56.804 68.922 0.647
46.220 51.080 1.212
86.422 91.721 1.768
45.494 100.805 1.804
1.883 80.509 0.684
6.909 64.579 0.975
