0.113 18.977 1.127
72.787 83.095 1.170
31.526 82.427 1.792
67.194 89.409 0.348
63.945 73.493 1.027
1.349 34.867 0.183
13.258 92.089 0.332
40.112 40.596 0.238
0.802 50.174 0.756
51.407 77.133 1.204
14.961 50.868 1.326
31.691 68.992 0.114
70.499 82.967 1.605
27.176 75.487 1.752
86.031 90.643 1.851
12.810 32.388 0.924
77.602 89.699 0.419
75.929 92.995 1.994
55.035 65.718 0.785
26.755 29.969 1.680
33.828 73.959 0.185
5.059 85.860 0.018
24.830 65.133 0.546
62.206 85.036 1.675
43.645 80.457 0.411
42.161 90.462 0.916
66.999 82.662 0.217
34.671 70.766 1.470
51.516 58.417 0.723
20.259 78.829 0.850
46.540 81.949 1.980
31.100 71.903 0.338
44.271 78.408 0.127
45.433 90.617 0.295
12.742 68.908 1.810
27.274 32.693 0.853
86.995 89.072 1.366
78.953 87.816 1.643
17.222 79.212 0.356
42.774 68.238 0.311
65.882 74.048 0.811
51.187 83.125 1.364
64.972 69.254 0.951
33.103 36.816 1.669
46.531 67.098 1.326
9.421 86.579 1.899
49.459 70.364 0.692
33.748 53.681 1.694
41.049 92.125 0.544
26.802 64.994 1.478
17.639 81.145 1.523
35.789 86.826 1.002
2.472 55.158 1.989
4.546 22.568 1.063
75.874 87.565 1.254
17.807 28.556 1.684
9.893 37.014 1.486
84.696 87.869 0.572
12.624 79.950 1.466
63.720 85.902 1.200
22.745 23.147 0.289
5.491 80.341 1.612
18.952 60.019 0.231
1.283 43.093 0.228
67.700 82.076 1.372
6.650 24.784 0.873
62.660 76.236 0.581
20.919 59.848 1.156
56.581 75.100 0.320
86.674 92.629 1.392
17.095 31.185 0.672
89.566 92.995 0.915
8.776 17.858 1.250
39.395 43.764 1.863
80.516 83.802 0.580
69.216 74.675 0.821
56.526 73.661 1.208
41.972 74.797 1.196
76.931 87.593 1.658
64.882 76.137 1.132
16.584 59.662 1.476
81.458 84.033 0.486
54.425 77.557 1.397
31.617 37.461 0.989
66.667 83.468 1.224
62.201 68.163 1.609
51.843 89.513 1.735
55.323 58.344 1.455
60.100 71.802 1.953
51.228 58.999 0.612
9.770 80.876 1.738
66.988 75.700 0.310
7.141 62.230 0.153
73.800 83.008 1.090
36.808 63.288 0.597
45.108 60.786 0.305
66.420 88.502 0.628
86.317 91.643 1.747
27.005 37.050 1.888
5.916 52.345 1.570
54.867 59.397 1.912
78.807 84.266 1.308
9.432 29.190 1.010
26.126 63.811 1.840
59.652 76.193 0.229
34.122 81.039 0.994
45.834 78.530 0.765
47.894 66.452 1.213
0.530 11.108 1.416
56.076 75.102 1.726
67.260 77.660 0.994
70.683 79.363 1.106
86.015 88.287 1.262
33.682 77.839 0.263
85.655 87.049 1.224
29.686 70.197 0.112
11.846 82.219 1.694
53.719 87.475 1.443
1.321 66.295 0.253
55.543 58.420 0.435
15.203 42.553 1.248
28.747 71.467 0.735
72.215 83.923 1.614
54.999 89.381 1.596
13.033 45.966 1.260
22.833 82.879 0.273
5.955 56.227 0.856
27.206 42.895 1.096
28.021 80.569 0.221
12.124 75.984 0.568
80.571 90.220 1.579
55.370 87.709 0.722
20.564 38.515 1.727
22.459 91.947 1.085
4.842 51.174 0.163
38.412 52.680 0.189
80.238 82.506 0.466
11.259 19.521 1.863
4.238 34.176 0.117
82.323 87.396 0.797
85.155 90.126 1.674
75.789 83.469 1.387
23.325 59.949 0.009
85.932 88.241 0.797
52.700 80.427 0.510
85.075 92.226 0.871
0.645 56.951 1.882
70.754 74.912 1.153
20.009 21.084 0.766
37.613 74.221 0.164
76.959 89.994 0.130
59.586 86.680 1.383
47.712 55.353 1.371
62.055 86.446 1.456
2.796 61.552 1.737
63.591 79.901 0.171
85.311 87.511 0.118
13.066 63.370 1.964
26.302 51.983 1.845
62.509 67.632 0.437
21.649 86.129 1.043
9.578 47.435 1.805
7.210 23.243 1.564
87.696 92.514 1.552
18.957 20.145 0.913
67.557 77.990 0.228
28.002 32.418 1.985
22.687 40.388 0.379
13.816 84.066 1.241
84.518 91.217 0.391
58.100 89.949 1.314
40.991 76.153 1.843
13.569 59.355 1.273
37.984 68.591 1.886
52.071 63.319 1.073
35.726 38.498 0.701
71.573 73.444 0.393
35.047 40.255 1.181
17.790 66.362 0.312
40.890 77.594 1.209
39.717 61.671 1.369
75.215 79.713 1.184
85.452 89.474 1.752
88.871 92.608 0.371
51.700 77.939 0.884
63.767 72.185 0.099
23.418 85.802 0.815
63.918 90.128 1.457
35.421 87.541 0.795
27.774 65.324 0.776
31.820 77.794 1.467
66.274 71.270 1.479
18.015 69.212 0.545
82.002 88.050 0.736
9.844 28.177 1.815
46.616 67.692 1.310
61.888 64.530 0.181
6.820 37.457 0.056
27.651 38.170 1.395
35.536 74.411 0.136
65.244 84.629 0.397
55.414 76.458 1.310
8.847 14.060 1.091
87.712 92.869 0.928
65.508 84.540 1.062
62.352 74.718 0.744
4.496 20.848 1.620
5.474 74.270 0.621
19.122 55.260 0.644
0.824 48.069 0.880
54.535 70.871 1.517
31.482 89.549 1.685
56.098 59.959 1.995
50.657 68.093 1.727
27.577 29.877 0.568
55.131 56.604 0.782
2.793 80.314 0.911
84.309 90.849 0.804
55.043 88.473 1.617
52.434 56.735 1.190
71.386 84.530 0.924
53.049 85.861 1.138
60.548 61.559 0.687
24.058 40.584 0.683
69.392 90.025 0.743
10.517 62.931 1.451
80.455 87.344 0.366
81.180 92.643 1.560
17.763 78.124 1.803
85.806 92.397 1.698
56.584 79.192 0.371
23.849 74.616 0.501
70.930 86.783 0.342
43.285 83.414 0.163
76.981 82.079 0.249
51.599 83.374 0.946
17.268 92.631 1.456
1.382 65.148 1.295
15.672 37.040 0.144
60.896 79.511 1.678
33.410 48.463 1.559
57.441 65.085 0.463
87.393 88.072 0.563
69.230 70.636 0.304
0.832 60.425 0.697
30.892 57.245 0.829
8.160 67.814 1.090
30.419 85.418 1.315
48.193 51.691 1.140
41.920 64.019 0.520
77.700 79.926 0.973
50.923 83.993 1.419
77.780 83.442 1.701
77.794 89.477 1.290
74.577 90.836 1.531
81.749 88.494 1.825
39.615 58.653 0.215
74.075 77.999 0.855
0.077 72.256 1.315
5.735 39.500 0.180
61.550 67.762 1.615
12.857 40.661 0.097
1.670 61.508 1.957
4.829 61.698 1.828
38.854 52.022 0.042
35.275 80.695 1.308
2.055 16.068 1.652
57.084 92.425 1.101
41.708 57.432 0.430
70.394 81.615 0.685
54.722 92.407 0.205
68.024 79.587 0.302
64.047 86.949 1.997
57.749 91.167 1.242
61.935 79.804 0.580
26.135 74.082 1.096
22.179 57.622 1.093
85.685 91.597 1.340
56.103 85.754 0.892
67.098 73.972 1.978
56.653 78.888 1.820
82.655 88.234 1.011
40.475 89.975 1.779
16.464 32.403 0.504
65.744 83.487 1.882
3.722 8.042 1.283
50.072 69.835 1.089
5.524 18.436 1.992
54.082 60.890 0.101
59.421 70.486 0.665
58.823 73.904 0.821
19.946 33.237 1.357
44.779 83.688 1.015
39.156 57.442 0.009
33.831 82.827 0.257
65.997 84.004 1.782
58.553 84.110 1.029
66.346 79.785 1.914
32.694 87.272 0.224
73.910 76.795 0.910
78.250 80.290 1.523
37.500 43.006 1.872
14.837 24.349 0.423
53.200 77.898 0.237
52.209 82.421 1.381
82.408 86.510 1.339
72.798 92.951 0.756
69.526 73.869 0.409
34.943 68.825 0.362
17.606 33.505 1.920
34.355 41.975 0.608
17.834 75.821 0.092
68.494 70.296 1.762
40.376 82.725 0.853
41.521 80.347 0.990
21.465 29.115 1.119
82.982 91.823 1.788
5.367 61.116 0.982
67.249 74.960 1.512
81.892 85.377 1.584
49.756 72.386 0.102
71.133 73.033 1.408
65.857 90.766 1.107
78.799 84.244 1.594
35.545 39.479 0.964
58.677 85.057 0.002
68.057 72.289 0.439
5.177 9.345 1.341
31.128 80.793 1.396
39.264 74.131 1.963
26.577 84.774 0.954
7.136 19.607 0.202
12.871 38.878 1.836
33.644 37.964 1.628
73.278 91.035 0.480
23.086 38.056 0.539
20.644 84.156 1.692
79.892 88.539 1.690
3.681 20.376 0.347
32.032 44.047 0.899
80.502 87.895 1.246
82.051 90.332 1.045
89.940 92.851 1.939
75.618 82.310 0.293
25.593 91.240 0.342
66.763 68.962 1.433
58.054 84.201 1.625
73.635 87.627 0.249
33.757 88.100 1.300
80.071 90.086 0.064
40.398 52.435 0.015
37.662 88.545 0.313
45.152 81.372 0.486
81.587 82.367 0.427
69.405 82.741 0.456
72.575 80.487 1.704
48.503 87.446 1.984
58.218 86.574 0.455
33.394 36.187 0.734
50.517 56.306 0.796
29.244 43.525 1.798
84.617 91.775 0.250
80.455 83.935 0.891
57.128 79.935 1.120
38.129 85.549 0.033
12.566 36.429 0.535
61.350 91.743 1.123
54.650 71.771 1.576
73.655 77.559 1.479
46.487 46.852 0.040
67.348 90.555 0.668
41.604 45.658 1.536
56.787 81.515 0.048
87.218 91.596 1.001
23.934 69.175 1.645
53.750 86.968 0.527
41.406 60.517 1.496
1.305 59.106 0.953
36.349 38.660 0.767
25.994 85.358 1.194
38.896 60.766 1.863
47.982 91.841 0.020
77.868 88.718 0.875
29.966 61.996 1.205
50.366 66.539 0.078
20.974 83.145 1.875
86.770 90.915 1.218
6.880 33.739 0.814
44.872 86.994 0.160
27.384 88.701 1.563
52.958 64.454 0.432
50.464 62.413 1.749
27.126 84.407 1.454
20.798 53.268 0.381
80.131 81.617 1.149
89.572 91.740 0.118
23.124 31.539 0.340
20.833 90.139 0.990
4.436 34.446 0.159
25.176 58.973 1.031
37.105 71.439 1.849
26.294 53.656 0.952
85.619 91.963 1.097
71.498 84.898 1.603
78.307 92.145 0.636
24.113 74.158 1.887
11.487 50.850 1.550
15.832 19.095 0.053
40.931 49.508 1.725
1.302 76.437 0.426
71.748 86.275 1.559
26.887 87.933 1.563
75.791 84.618 0.485
2.071 5.026 0.151
32.059 57.877 1.431
16.238 30.704 0.596
67.041 68.806 0.269
47.306 84.307 0.718
14.294 26.230 1.800
2.631 76.626 0.363
22.429 47.656 1.141
48.594 87.433 1.330
83.927 86.573 1.891
13.791 77.401 1.116
80.562 91.430 0.145
74.017 84.785 0.777
60.476 70.276 0.902
85.452 91.481 1.964
53.533 59.214 0.545
17.815 55.072 1.201
31.979 61.414 0.460
62.261 83.515 1.896
88.432 91.009 0.475
21.223 56.915 1.796
29.381 66.155 1.075
30.287 41.478 0.696
26.115 87.872 0.439
66.571 84.326 1.614
61.803 85.853 0.540
5.798 80.914 1.444
30.741 60.939 0.089
1.870 58.875 1.676
48.652 74.393 1.208
69.963 86.402 1.280
68.395 73.744 1.736
38.115 40.831 1.573
39.453 66.606 0.084
24.234 41.174 0.137
88.385 91.615 1.013
6.391 89.182 0.735
