0.977 10.619 1.738
6.699 8.640 0.310
0.714 8.003 0.153
7.380 10.052 1.090
3.681 7.873 0.597
4.511 7.137 0.305
6.642 11.180 0.628
8.632 11.554 1.747
2.701 5.531 1.888
0.592 7.323 1.570
5.487 7.731 1.912
7.881 10.094 1.308
0.943 4.235 1.010
2.613 8.612 1.840
5.965 9.054 0.229
3.412 10.431 0.994
4.583 9.926 0.765
4.789 8.372 1.213
0.053 2.528 1.416
5.608 9.627 1.726
6.726 9.347 0.994
7.068 9.540 1.106
8.601 10.240 1.262
3.368 9.852 0.263
8.565 9.851 1.224
2.969 8.782 0.112
1.185 10.762 1.694
5.372 11.243 1.443
0.132 8.607 0.253
5.554 6.386 0.435
1.520 5.916 1.248
2.875 9.156 0.735
7.222 10.502 1.614
5.500 11.513 1.596
1.303 6.361 1.260
2.283 10.632 0.273
0.595 7.499 0.856
2.721 5.663 1.096
2.802 10.277 0.221
1.212 9.835 0.568
8.057 11.394 1.579
5.537 11.177 0.722
2.056 5.669 1.727
2.246 11.869 1.085
0.484 6.604 0.163
