12.193 14.748 1.912
17.513 20.167 1.308
2.096 7.624 1.010
5.806 16.108 1.840
13.256 18.172 0.229
7.583 20.019 0.994
10.185 19.242 0.765
10.643 16.260 1.213
0.118 3.693 1.416
12.461 18.519 1.726
14.947 18.624 0.994
15.707 19.022 1.106
19.114 20.839 1.262
7.485 19.085 0.263
19.034 20.335 1.224
6.597 17.122 0.112
2.633 20.466 1.694
11.938 21.595 1.443
0.294 16.442 0.253
12.343 13.452 0.435
3.378 10.892 1.248
6.388 17.618 0.735
16.048 20.472 1.614
12.222 22.087 1.596
2.896 11.739 1.260
5.074 20.444 0.273
1.323 14.117 0.856
6.046 10.719 1.096
6.227 19.823 0.221
2.694 18.818 0.568
17.905 22.099 1.579
12.304 21.570 0.722
4.570 10.129 1.727
4.991 22.743 1.085
1.076 12.656 0.163
8.536 12.420 0.189
17.831 18.986 0.466
2.502 5.858 1.863
0.942 8.440 0.117
18.294 20.783 0.797
18.923 21.881 1.674
16.842 20.126 1.387
5.183 14.552 0.009
19.096 20.642 0.797
11.711 19.594 0.510
18.906 22.646 0.871
0.143 14.643 1.882
15.723 17.749 1.153
4.447 5.289 0.766
8.358 18.077 0.164
17.102 21.910 0.130
13.241 21.347 1.383
10.603 13.548 1.371
13.790 21.277 1.456
0.621 15.662 1.737
14.131 19.103 0.171
18.958 20.155 0.118
2.904 16.109 1.964
5.845 13.317 1.845
13.891 15.680 0.437
4.811 21.324 1.043
2.128 12.356 1.805
1.602 6.574 1.564
19.488 22.746 1.552
4.213 5.193 0.913
15.013 18.381 0.228
6.223 8.779 1.985
5.042 9.775 0.379
3.070 20.858 1.241
18.782 22.157 0.391
12.911 22.203 1.314
9.109 18.954 1.843
3.015 14.945 1.273
8.441 17.178 1.886
11.571 15.288 1.073
7.939 9.166 0.701
15.905 16.769 0.393
7.788 9.965 1.181
3.953 16.337 0.312
9.087 19.155 1.209
8.826 15.272 1.369
16.714 18.917 1.184
18.989 21.626 1.752
19.749 22.700 0.371
11.489 19.040 0.884
14.170 16.763 0.099
5.204 21.222 0.815
14.204 22.237 1.457
7.871 21.622 0.795
6.172 16.107 0.776
7.071 19.317 1.467
14.728 17.153 1.479
4.003 17.104 0.545
18.223 21.050 0.736
2.188 7.860 1.815
10.359 16.638 1.310
13.753 14.655 0.181
1.516 9.180 0.056
6.145 9.745 1.395
7.897 18.147 0.136
