0.030 6.289 1.296
19.410 23.752 1.346
8.407 24.071 2.061
17.919 25.775 0.400
17.052 20.898 1.181
0.360 10.202 0.210
3.536 26.735 0.382
10.697 11.045 0.274
0.214 14.862 0.869
13.708 22.322 1.384
3.990 15.200 1.525
8.451 19.774 0.131
18.800 23.949 1.846
7.247 22.152 2.015
22.942 26.111 2.129
3.416 9.779 1.063
20.694 25.717 0.482
20.248 26.999 2.293
14.676 18.619 0.903
7.135 9.493 1.932
9.021 21.265 0.213
1.349 24.919 0.020
6.621 18.861 0.628
16.588 24.679 1.927
11.639 23.184 0.472
11.243 26.252 1.053
17.867 23.438 0.249
9.246 20.718 1.691
13.738 16.453 0.831
5.403 22.935 0.978
12.411 23.941 2.277
8.293 20.723 0.389
11.806 22.482 0.146
12.115 26.267 0.339
3.398 20.391 2.082
7.273 9.573 0.981
23.199 25.112 1.571
21.054 25.305 1.890
4.592 22.979 0.409
11.406 19.442 0.358
17.568 20.877 0.933
13.650 24.124 1.569
17.326 19.475 1.093
8.827 11.318 1.920
12.408 19.503 1.525
2.512 25.247 2.183
13.189 20.124 0.796
9.000 16.034 1.948
10.946 26.737 0.625
7.147 19.145 1.700
4.704 23.701 1.751
9.544 25.209 1.152
0.659 16.719 2.288
1.212 7.202 1.222
20.233 25.177 1.442
4.748 9.191 1.937
2.638 11.462 1.709
22.586 24.507 0.658
3.366 23.370 1.686
16.992 24.819 1.381
6.065 6.431 0.332
1.464 23.510 1.854
5.054 17.313 0.266
0.342 12.601 0.262
18.053 23.636 1.578
1.773 7.669 1.004
16.709 21.579 0.668
5.578 17.608 1.329
15.088 21.276 0.368
23.113 26.828 1.600
4.559 9.196 0.773
23.884 26.996 1.052
2.340 5.970 1.438
10.505 13.343 2.142
21.471 23.243 0.667
18.458 20.937 0.945
15.074 21.222 1.390
11.192 21.728 1.375
20.515 25.282 1.906
17.302 21.753 1.301
4.422 17.711 1.697
21.722 23.172 0.559
14.513 22.481 1.607
8.431 10.970 1.137
17.778 24.033 1.408
16.587 19.714 1.850
13.825 26.011 1.996
14.753 16.883 1.674
16.027 21.022 2.246
13.661 16.562 0.703
2.605 23.668 1.999
17.864 21.090 0.356
1.904 18.053 0.176
19.680 23.653 1.254
9.815 18.183 0.687
12.029 17.103 0.351
17.712 25.515 0.722
23.018 26.457 2.009
7.201 11.615 2.171
1.578 15.772 1.805
14.631 17.565 2.199
21.015 23.963 1.504
2.515 8.973 1.162
6.967 18.958 2.116
15.907 21.505 0.263
9.099 23.537 1.143
12.222 22.666 0.879
12.772 19.238 1.394
0.141 4.308 1.628
14.954 21.884 1.985
17.936 22.090 1.143
18.849 22.577 1.271
22.937 24.849 1.451
8.982 22.452 0.303
22.841 24.325 1.408
7.916 20.161 0.129
3.159 24.029 1.948
14.325 25.391 1.660
0.352 19.301 0.291
14.811 16.083 0.500
4.054 12.824 1.435
7.666 20.732 0.845
19.257 24.213 1.856
14.666 25.957 1.836
3.475 13.808 1.449
6.089 24.017 0.314
1.588 16.578 0.984
7.255 12.685 1.261
7.472 23.300 0.254
3.233 22.103 0.654
21.486 26.052 1.816
14.765 25.365 0.831
5.484 11.951 1.986
5.989 26.700 1.248
1.291 14.869 0.187
10.243 14.741 0.218
21.397 22.675 0.535
3.002 6.896 2.143
1.130 9.923 0.135
21.953 24.657 0.917
22.708 25.898 1.926
20.210 23.871 1.595
6.220 17.146 0.010
22.915 24.596 0.917
14.053 23.094 0.587
22.687 26.636 1.002
0.172 17.173 2.164
18.868 21.163 1.326
5.336 6.306 0.881
10.030 21.293 0.189
20.522 25.804 0.149
15.890 25.122 1.590
12.723 16.113 1.577
16.548 25.049 1.674
0.746 18.377 1.998
16.958 22.589 0.197
22.750 24.016 0.135
3.484 18.922 2.258
7.014 15.701 2.122
16.669 18.704 0.503
5.773 25.043 1.199
2.554 14.511 2.076
1.923 7.720 1.799
23.385 26.763 1.785
5.055 6.184 1.050
18.015 21.808 0.262
7.467 10.416 2.283
6.050 11.567 0.435
3.684 24.491 1.427
22.538 26.116 0.450
15.493 26.092 1.511
10.931 22.315 2.119
3.618 17.565 1.464
10.129 20.245 2.169
13.886 18.152 1.234
9.527 10.943 0.806
19.086 20.062 0.452
9.346 11.860 1.359
4.744 19.212 0.359
10.904 22.549 1.390
10.591 18.048 1.574
20.057 22.533 1.362
22.787 25.663 2.015
23.699 26.700 0.426
13.787 22.455 1.017
17.004 19.940 0.114
6.245 24.926 0.938
17.045 26.139 1.675
9.446 25.400 0.914
7.406 18.969 0.893
8.485 22.715 1.687
17.673 20.436 1.701
4.804 20.107 0.627
21.867 24.932 0.846
2.625 9.238 2.087
12.431 19.665 1.506
16.503 17.530 0.208
1.819 10.801 0.064
7.374 11.549 1.604
9.476 21.368 0.156
17.398 24.202 0.457
14.777 22.113 1.506
2.359 4.774 1.254
23.390 26.924 1.067
17.469 24.340 1.221
16.627 21.182 0.856
1.199 7.121 1.862
1.460 21.649 0.714
5.099 16.095 0.740
0.220 14.318 1.012
14.543 20.584 1.745
8.395 26.039 1.938
14.959 17.774 2.294
13.508 19.944 1.986
7.354 8.515 0.654
14.702 15.814 0.900
0.745 23.419 1.048
22.482 26.020 0.924
14.678 25.697 1.859
13.982 16.271 1.369
19.036 24.175 1.063
14.146 24.877 1.309
16.146 17.039 0.790
6.415 11.796 0.786
18.504 26.006 0.855
2.805 18.641 1.669
21.455 24.620 0.421
21.648 26.876 1.794
4.737 22.910 2.074
22.882 26.762 1.952
15.089 22.601 0.427
6.360 21.627 0.576
18.915 24.799 0.393
11.543 24.046 0.187
20.528 22.717 0.287
13.760 24.108 1.088
4.605 26.897 1.674
0.368 19.247 1.490
4.179 10.575 0.166
16.239 23.085 1.930
