4.528 14.997 1.548
1.083 3.173 0.263
17.083 20.564 1.275
22.086 24.036 1.200
1.214 8.728 1.608
24.182 30.602 2.277
1.026 23.898 0.234
6.070 28.730 0.124
22.765 26.346 1.144
9.160 27.989 1.491
8.225 21.137 1.489
15.530 20.993 0.771
11.236 15.658 1.194
10.684 19.476 0.353
1.313 10.292 1.882
3.974 24.030 0.086
22.147 30.810 1.522
22.717 25.327 1.913
26.720 29.465 1.842
2.048 22.527 0.030
17.113 30.719 1.976
8.872 27.877 2.055
0.763 3.119 1.465
16.325 17.674 0.034
9.823 12.466 1.882
24.689 25.520 0.477
9.655 15.962 1.045
24.844 27.495 0.109
7.959 25.260 1.416
24.967 28.983 1.886
13.021 21.125 1.398
5.523 25.183 0.457
19.729 22.568 0.860
27.276 29.758 0.709
10.569 20.323 0.451
3.552 8.300 0.677
15.585 24.700 1.693
0.774 11.078 1.313
9.533 18.952 2.130
5.916 30.087 0.500
1.792 11.795 0.831
11.456 26.919 0.317
12.520 28.496 1.817
21.143 24.883 0.543
12.457 24.857 0.347
20.948 24.776 1.389
7.369 27.981 1.208
20.438 21.046 0.437
8.632 22.329 1.003
9.996 23.939 0.630
10.672 19.485 0.755
26.298 29.708 1.994
23.148 27.229 1.916
19.750 24.924 1.412
6.556 20.992 1.813
4.745 13.956 0.981
7.763 11.174 2.292
25.975 30.582 1.386
0.372 15.093 1.172
15.310 27.545 0.471
1.291 13.465 2.255
23.325 26.890 1.329
0.902 13.299 0.900
22.865 26.942 1.726
19.300 30.023 0.990
10.791 27.685 1.543
10.723 18.973 0.090
21.472 25.177 0.987
4.032 28.059 0.749
3.458 23.266 0.968
6.329 23.060 0.610
14.329 28.704 1.032
19.159 24.684 1.119
13.686 23.165 1.534
15.668 18.625 0.364
23.968 26.780 1.474
19.985 25.189 1.311
14.849 28.983 0.711
22.692 29.457 1.578
12.818 14.909 1.948
27.762 30.070 1.770
26.755 30.366 0.066
2.561 10.404 0.681
0.260 10.489 0.578
10.681 29.252 2.161
27.868 29.900 1.311
13.118 23.010 1.132
4.301 30.296 1.165
20.238 23.788 0.832
1.461 30.095 1.542
2.257 14.374 1.947
9.984 30.962 2.281
25.524 30.628 2.006
16.827 22.394 0.536
12.828 16.853 0.969
12.677 18.692 0.117
22.129 24.080 1.311
8.660 22.758 1.934
24.677 29.657 0.160
2.336 16.438 1.269
26.244 30.813 1.894
23.749 30.182 0.457
3.465 5.162 1.328
20.913 28.721 1.410
26.594 29.949 1.829
10.102 24.194 1.386
11.892 15.007 0.281
18.968 29.911 1.931
8.850 28.037 0.463
1.622 20.875 0.069
0.926 18.130 0.042
7.687 25.859 2.096
13.107 21.667 1.217
25.460 30.718 2.158
4.705 9.162 0.475
8.368 25.572 2.001
3.084 20.384 0.977
25.178 30.006 0.859
20.687 26.420 1.087
15.531 27.063 2.178
11.662 26.683 1.096
22.839 29.951 1.103
18.722 27.018 1.954
7.768 13.860 0.634
5.372 21.627 0.247
1.148 21.977 2.298
4.628 6.586 0.414
26.465 29.850 0.761
16.479 23.965 1.839
8.789 21.342 1.988
21.934 25.119 0.702
20.515 21.601 1.021
13.276 14.486 0.841
26.037 30.524 1.080
17.371 21.541 1.961
9.143 26.832 0.528
1.206 2.550 1.126
9.830 24.446 1.648
13.793 19.613 0.187
8.978 24.793 0.638
21.454 23.637 0.580
19.379 24.485 0.997
12.096 18.565 1.768
25.492 28.780 2.166
7.620 12.196 1.986
1.459 27.004 0.578
9.794 16.146 1.362
2.928 29.482 1.340
7.104 11.074 0.726
4.511 25.650 1.248
5.878 19.174 2.267
4.850 10.894 0.222
27.832 30.292 0.424
8.668 28.037 1.162
15.552 26.572 2.151
15.433 18.407 0.186
16.926 24.727 0.652
0.837 21.347 2.290
20.514 28.762 1.564
25.616 29.150 1.100
15.987 29.228 0.939
13.962 30.926 0.445
18.373 26.175 1.827
18.251 29.341 0.101
19.566 22.948 2.001
3.591 6.187 1.622
12.845 20.650 1.408
12.374 18.296 1.094
1.476 29.695 0.124
8.872 25.735 0.431
24.344 26.371 1.075
4.711 21.906 1.282
27.576 29.449 1.634
23.104 24.063 0.211
18.593 23.386 1.650
24.553 30.061 0.355
23.627 30.105 0.463
20.971 26.438 1.433
0.899 19.187 0.040
0.118 20.215 0.934
12.865 28.096 0.968
15.571 28.680 1.154
5.681 27.472 1.881
16.550 22.072 2.207
27.915 30.302 1.402
4.390 8.327 1.448
4.909 29.673 1.265
19.632 21.242 1.351
7.653 14.027 1.792
13.314 30.725 0.572
25.066 27.902 1.074
21.386 22.057 0.085
3.667 16.207 2.221
13.836 18.390 1.577
20.252 22.245 1.419
1.660 17.431 1.026
26.922 30.846 0.081
6.551 30.476 0.651
15.067 19.712 2.091
1.833 13.792 0.421
27.260 30.652 0.584
18.102 30.150 1.379
8.891 11.238 1.709
24.755 26.528 1.006
8.368 12.850 0.795
24.658 26.286 1.116
15.190 22.432 0.400
13.066 21.206 0.968
14.826 20.185 0.584
25.090 27.074 0.264
7.459 11.951 0.178
23.997 25.520 1.180
21.862 28.148 0.757
24.937 29.608 1.338
5.459 16.068 0.662
4.794 20.952 0.453
24.457 29.920 0.365
14.317 22.076 0.322
17.330 27.921 0.396
14.886 23.336 0.305
20.393 30.476 1.733
8.878 23.118 1.589
15.244 22.707 1.417
18.910 23.169 0.474
15.905 20.263 0.744
12.942 15.430 1.394
24.198 27.368 2.033
12.738 30.362 2.074
0.527 24.352 0.787
1.935 19.712 1.121
25.586 29.115 0.751
26.623 29.696 1.936
19.789 24.679 0.313
7.272 29.880 2.172
7.161 12.243 0.924
11.570 17.785 1.916
12.360 20.521 1.628
8.776 30.655 2.296
1.031 29.761 2.254
21.103 23.878 0.620
16.293 19.299 0.029
25.785 29.644 0.446
21.294 29.718 0.918
22.492 30.715 0.533
18.968 22.843 0.948
0.061 13.421 0.046
22.952 26.026 0.561
1.623 3.084 0.289
27.375 28.932 1.192
1.636 19.779 1.681
17.724 22.873 0.716
3.596 28.865 0.480
25.363 29.116 0.342
14.704 27.568 0.369
20.379 29.708 1.690
17.196 25.571 1.938
2.464 24.195 1.413
2.687 13.733 1.438
17.218 23.834 1.696
17.353 27.674 1.881
0.944 17.707 0.119
13.634 15.960 1.168
22.331 24.717 2.253
17.719 28.407 1.373
1.670 10.891 0.065
17.008 23.222 1.423
21.252 29.464 2.229
27.495 30.136 1.874
15.455 23.886 0.297
17.069 26.585 2.124
7.638 18.960 1.169
16.610 24.469 2.034
4.479 18.366 1.728
21.902 29.746 1.689
24.594 27.999 1.473
7.410 22.785 0.110
0.429 29.209 1.890
21.276 25.994 2.207
24.273 26.171 0.156
4.951 16.168 1.655
