8.921 15.616 0.618
6.121 54.254 1.724
29.444 52.417 1.134
25.110 30.410 1.600
49.836 62.384 0.922
31.202 45.603 2.406
43.542 52.183 1.577
48.805 51.771 2.131
44.615 49.875 0.906
49.138 54.632 1.959
33.793 37.929 0.437
45.426 51.362 1.035
10.258 24.255 1.361
19.117 48.844 0.563
41.905 56.717 1.676
3.362 61.143 0.824
19.241 27.179 0.769
22.112 62.398 0.691
14.173 45.551 0.652
45.362 51.475 1.457
42.729 58.161 0.845
1.295 41.489 1.751
7.583 30.186 1.800
31.437 51.594 2.160
29.710 52.770 0.077
33.209 51.213 0.874
45.857 45.925 0.057
32.817 42.960 1.870
47.642 60.059 2.088
17.787 37.331 1.347
6.107 12.585 0.973
40.092 56.736 0.405
40.246 61.552 1.846
45.395 51.371 1.424
6.687 48.901 0.668
58.649 60.756 1.220
48.072 54.622 1.532
28.957 43.615 2.496
56.880 61.571 0.552
34.542 61.960 0.364
27.476 30.780 1.606
39.345 43.480 1.856
39.045 45.275 0.499
43.928 59.676 2.486
53.598 63.023 1.369
52.132 61.107 1.540
43.864 59.184 0.380
9.167 43.251 1.012
43.007 61.844 2.075
3.823 40.539 0.987
29.285 56.000 1.128
34.727 52.145 0.839
21.620 26.794 1.874
5.739 10.711 2.493
23.801 40.640 0.270
26.035 43.602 0.674
13.499 46.142 0.653
53.586 59.475 2.197
24.702 62.622 0.580
44.362 58.798 0.854
36.203 61.224 1.554
40.949 43.982 0.589
31.900 50.904 1.789
0.906 30.523 1.277
58.251 62.951 2.224
14.750 28.073 0.259
27.978 31.188 1.517
23.171 63.926 0.292
44.395 44.583 0.102
40.815 57.900 2.391
45.053 58.018 0.353
36.765 63.386 1.657
4.266 56.031 2.269
37.710 53.775 2.223
9.132 41.578 2.247
15.777 46.095 0.439
50.059 62.266 1.676
26.912 52.230 2.457
42.526 60.075 0.146
44.815 61.242 2.435
18.848 28.361 0.294
17.507 57.050 2.369
14.986 57.513 0.540
25.853 61.318 0.514
45.199 52.854 0.975
33.478 62.294 1.577
44.176 53.006 1.840
33.011 53.383 2.451
19.661 47.877 1.075
41.740 57.025 1.225
16.101 19.468 0.262
8.386 19.342 1.135
38.790 47.070 2.142
49.055 62.887 1.562
6.136 35.222 0.635
42.068 46.039 1.760
22.319 62.423 1.204
5.931 12.372 1.136
31.244 57.309 0.815
49.449 58.459 1.845
3.104 63.449 0.468
25.632 53.760 1.609
54.045 63.336 2.107
28.979 54.784 1.200
45.463 59.511 0.960
16.440 18.803 0.907
49.336 56.781 1.895
13.457 27.039 0.206
37.541 47.463 1.918
15.282 52.213 1.212
33.716 55.067 0.870
58.028 60.387 1.004
53.333 60.386 1.481
20.842 56.994 2.004
48.900 51.100 1.059
37.944 56.653 2.456
29.957 49.468 0.461
14.303 30.194 2.155
59.374 62.461 2.050
19.304 49.036 0.997
55.853 59.747 2.260
45.820 63.195 1.314
55.021 56.981 1.606
15.813 54.150 0.722
15.484 33.022 0.718
54.864 58.636 2.046
19.329 62.288 0.575
14.729 55.457 2.334
6.204 20.460 1.443
22.557 55.279 0.479
53.804 55.087 0.773
45.122 56.459 1.798
32.876 37.102 0.922
4.133 7.645 1.933
19.208 26.361 0.771
31.556 55.800 0.818
35.910 62.025 1.449
39.627 54.538 1.774
4.307 5.905 0.737
46.331 57.619 2.494
18.315 25.508 1.188
30.937 49.318 0.468
22.634 51.065 1.277
43.395 56.764 1.769
7.401 49.399 2.392
3.382 33.905 0.570
8.020 34.908 2.435
47.078 60.532 1.531
36.756 46.116 2.098
59.883 62.693 2.144
9.438 61.987 0.269
58.731 60.626 1.461
4.109 28.458 0.827
25.852 56.903 1.836
35.802 52.654 2.195
54.441 57.029 0.515
10.747 28.555 1.099
13.006 53.421 2.087
51.368 57.521 0.995
56.926 62.528 0.119
18.036 29.204 1.299
40.121 44.839 0.724
52.333 62.352 1.181
54.706 57.417 1.463
26.762 57.527 1.705
58.923 62.707 2.414
5.279 39.207 0.127
51.751 59.729 1.482
34.831 57.984 0.707
23.229 30.044 2.204
58.077 60.637 0.144
20.631 21.612 0.896
19.023 54.304 0.529
29.446 60.182 0.153
23.856 42.518 1.421
42.394 55.625 1.421
36.373 47.045 0.489
46.561 57.389 2.265
48.726 63.313 1.997
46.210 57.600 0.493
30.836 58.569 2.108
43.751 56.938 1.727
23.792 63.346 2.196
31.973 51.444 0.632
40.847 62.937 1.602
33.735 49.508 0.678
12.159 22.783 2.190
8.941 47.572 1.805
33.409 63.897 1.555
59.996 62.781 1.495
31.512 58.582 0.114
53.560 57.267 1.378
0.320 52.804 2.333
5.990 55.606 0.327
22.896 27.360 1.906
19.593 22.966 0.040
22.189 31.822 0.016
34.476 46.152 1.866
26.364 57.538 0.287
23.685 61.404 0.800
35.829 60.594 1.411
35.086 44.786 0.591
14.045 47.326 1.567
39.470 52.677 1.901
30.689 44.930 0.439
28.260 60.240 2.461
1.329 7.298 0.183
23.363 61.302 0.793
49.940 57.613 1.434
23.682 45.825 2.299
6.757 31.933 2.152
45.170 51.398 2.489
1.811 10.199 1.163
21.327 61.657 0.851
1.225 50.781 2.356
46.600 60.146 1.941
36.847 38.386 0.110
33.242 38.912 1.744
17.185 33.863 1.829
20.862 60.294 1.274
56.678 63.305 2.312
34.212 55.543 2.349
18.399 39.209 2.477
56.418 60.911 1.512
9.937 14.307 1.812
19.408 30.180 1.257
0.927 34.966 0.394
18.051 44.100 2.122
20.961 25.978 0.003
17.147 18.554 1.371
45.941 62.527 0.191
48.363 54.683 0.522
26.873 59.569 1.938
54.908 61.244 1.347
14.991 47.074 1.532
42.830 55.927 2.384
8.707 56.295 0.868
46.697 63.102 1.852
48.385 50.470 0.272
1.523 30.352 2.356
12.170 23.695 1.594
19.928 49.197 1.902
57.241 61.668 0.385
10.659 15.737 1.057
23.671 55.046 1.890
49.900 56.664 1.730
29.909 34.225 1.602
17.048 28.274 0.456
37.274 63.441 0.082
20.023 44.377 2.453
3.342 29.305 1.428
8.628 17.917 0.995
18.137 21.058 0.546
15.916 57.288 1.491
20.043 60.711 1.457
44.157 59.830 0.064
38.140 41.000 0.202
31.493 46.498 1.499
1.236 62.704 1.668
25.220 38.645 0.189
49.251 62.604 0.270
35.163 41.997 1.776
36.868 44.462 0.107
33.659 53.425 1.539
50.315 59.629 1.369
34.280 45.569 2.398
3.071 16.882 1.646
47.574 53.165 2.113
52.850 59.661 1.221
45.952 59.194 0.052
27.718 43.627 0.725
38.973 62.102 0.225
1.503 48.639 0.538
32.352 33.279 0.815
54.671 58.484 1.758
46.261 50.102 0.124
14.781 17.377 1.368
8.634 30.646 1.344
27.388 30.243 2.118
24.632 53.858 0.389
21.660 29.212 0.950
21.603 35.809 1.238
22.475 51.894 1.383
27.536 35.906 0.929
59.747 61.540 0.388
27.243 57.718 0.528
53.835 59.234 1.757
42.308 53.117 0.718
10.560 28.766 1.175
25.240 42.765 0.054
18.007 19.694 0.831
33.116 57.348 2.116
37.615 55.847 1.373
58.628 63.701 1.192
41.378 58.546 1.631
54.327 58.980 1.382
22.876 32.468 1.989
16.667 34.982 0.186
19.811 23.915 1.092
27.437 31.439 1.247
47.257 58.354 0.353
49.099 53.211 1.052
51.407 56.846 1.909
4.677 18.266 0.152
30.759 50.473 1.041
29.886 45.724 2.297
12.920 59.553 1.412
32.425 39.928 1.508
37.878 59.132 1.129
18.571 43.181 1.438
40.579 45.776 2.412
17.538 17.789 0.091
23.920 31.465 0.350
37.382 61.563 0.050
45.800 53.819 2.168
29.757 44.576 1.430
47.836 52.103 0.420
32.198 54.865 0.836
26.531 45.195 1.904
3.278 59.729 1.298
27.201 36.426 1.607
15.513 63.871 1.938
24.799 32.750 0.563
50.632 59.815 1.165
0.974 12.178 0.821
59.517 63.051 2.497
51.073 58.240 0.187
51.989 57.956 1.722
35.655 55.673 1.786
17.405 47.210 2.170
26.115 59.398 1.633
33.030 38.478 0.333
20.455 60.388 1.576
21.083 49.278 1.108
0.895 35.578 0.516
54.487 58.224 2.032
47.131 52.685 1.577
13.336 40.765 0.623
45.238 47.946 2.067
46.485 51.035 2.418
0.077 43.790 2.160
22.625 54.991 1.021
5.775 28.287 2.324
50.832 61.579 2.054
12.338 53.324 1.623
38.633 52.198 1.855
23.901 44.966 1.832
44.342 56.539 0.742
53.115 62.073 1.180
56.667 63.207 1.052
34.273 62.813 1.758
46.353 56.177 1.269
2.443 29.958 1.573
49.059 58.077 0.684
34.546 62.182 1.121
43.535 51.784 0.992
38.636 58.485 0.576
11.681 40.604 0.835
6.938 26.782 0.028
15.147 38.195 0.872
54.129 59.586 1.950
23.706 49.372 1.823
22.261 28.879 0.109
11.836 19.025 0.311
25.337 55.245 0.151
48.728 57.502 1.243
7.017 19.914 2.069
31.112 58.941 2.400
52.183 59.045 1.325
15.381 51.451 1.082
4.243 8.597 1.519
2.639 43.739 0.453
12.869 56.775 2.400
25.586 39.962 1.372
48.651 50.023 0.520
46.450 61.717 0.411
9.577 57.377 1.309
28.505 31.124 0.634
6.751 13.724 1.005
57.213 60.529 2.500
50.669 61.325 0.156
8.408 63.820 2.084
2.573 16.019 0.004
37.684 56.321 1.735
25.040 56.100 1.856
24.495 44.906 0.839
39.559 54.339 0.342
54.465 62.329 0.640
34.275 51.748 2.054
10.853 56.619 1.115
39.330 45.473 1.733
39.178 48.694 1.286
38.142 62.565 1.876
54.657 61.872 1.133
47.902 54.417 0.938
48.219 50.265 0.011
19.174 34.158 0.796
40.726 57.531 2.245
29.968 57.854 0.918
4.157 63.106 1.933
41.859 48.051 0.168
40.581 47.456 2.480
21.935 32.170 0.145
11.972 60.917 1.104
32.118 40.541 1.739
34.119 56.771 1.031
4.243 62.741 1.994
33.207 36.505 0.935
32.673 49.239 1.655
42.026 50.381 1.384
23.689 27.144 0.395
11.164 16.179 0.729
39.949 56.205 1.792
37.056 39.621 2.100
46.320 63.815 1.656
10.305 57.530 0.443
58.127 60.672 1.437
52.313 62.160 0.467
11.521 34.932 1.142
22.938 40.694 2.045
15.940 27.105 1.123
34.632 52.460 0.511
47.981 57.677 2.212
26.333 60.894 2.056
1.919 52.673 1.661
41.220 44.693 0.607
2.064 55.597 1.116
3.410 54.586 1.154
43.612 50.045 0.179
27.650 36.658 2.167
39.325 47.720 0.241
30.085 52.282 0.445
6.477 38.479 1.192
5.360 59.593 2.139
29.684 57.996 0.897
22.437 49.569 0.251
38.060 47.706 2.024
56.764 62.411 0.805
16.974 30.835 0.569
26.791 37.693 1.041
33.033 60.356 0.609
26.090 59.384 0.117
23.431 33.034 0.787
45.873 59.771 2.345
44.796 54.550 2.484
54.120 57.046 1.539
49.773 55.876 0.557
44.128 56.423 1.780
59.202 63.742 0.006
34.883 48.036 1.146
21.494 47.555 1.511
25.348 29.365 0.034
36.064 39.720 0.604
2.496 15.153 0.963
1.992 19.914 2.201
45.739 47.498 1.417
14.061 56.803 2.104
6.229 47.805 1.764
3.155 57.859 0.219
55.525 60.087 0.851
44.670 48.987 1.922
41.947 52.126 1.328
14.035 20.762 2.043
32.246 58.978 1.894
50.731 58.337 0.684
38.030 54.423 0.894
58.238 63.603 1.807
58.861 60.616 1.666
35.313 46.281 2.052
43.936 53.169 1.269
0.637 36.134 1.395
29.767 42.650 2.282
16.447 35.445 1.824
19.474 63.610 1.363
54.067 57.002 0.545
17.886 25.400 2.154
53.415 62.832 0.580
32.980 62.391 0.601
26.573 29.024 1.876
25.930 39.066 1.773
40.149 44.307 0.451
26.447 61.126 0.472
59.912 62.262 2.021
34.961 48.066 2.322
51.443 55.041 0.273
15.797 33.301 1.679
59.852 62.924 1.266
33.394 51.661 1.743
17.538 63.878 2.209
4.400 17.587 2.140
28.952 51.708 0.399
39.543 59.709 1.603
52.743 62.704 1.603
57.938 60.332 2.314
2.426 55.398 2.160
40.856 54.713 1.878
33.685 53.420 0.636
58.768 63.191 0.599
57.720 61.336 0.985
42.949 60.560 2.011
52.864 54.247 0.076
7.923 14.067 0.260
58.405 62.821 0.952
31.570 37.451 0.354
43.077 54.867 2.153
32.830 57.144 0.663
23.061 55.754 0.610
40.627 58.599 0.354
18.386 36.688 1.383
8.899 18.643 1.755
59.733 63.509 2.113
9.370 43.609 0.589
7.220 26.578 1.365
53.122 61.647 2.054
36.582 39.715 0.820
41.918 50.459 2.018
43.256 52.051 1.858
57.766 59.511 1.629
29.409 40.422 0.298
32.174 49.132 2.051
9.703 30.218 1.683
2.320 6.389 0.286
36.606 42.530 1.386
47.327 50.126 1.304
2.602 16.851 1.748
51.819 63.150 2.475
2.199 49.302 0.254
13.008 59.345 0.135
48.783 54.829 1.243
19.630 57.674 1.621
17.624 43.261 1.619
33.279 43.655 0.838
24.077 32.088 1.298
22.894 40.492 0.384
2.814 19.954 2.046
8.516 49.670 0.093
47.457 63.614 1.654
48.678 52.207 2.079
57.257 61.015 2.003
4.389 46.547 0.032
36.672 63.405 2.148
19.011 57.348 2.233
1.635 5.109 1.593
34.982 37.621 0.037
21.049 24.708 2.046
52.904 54.065 0.519
20.690 32.757 1.136
53.238 57.830 0.118
17.055 51.947 1.539
53.501 59.891 2.050
27.902 43.406 1.519
11.834 51.987 0.497
42.277 47.164 0.934
58.449 62.031 0.771
22.647 42.165 0.490
7.612 16.809 0.736
33.396 50.794 1.840
1.659 22.028 1.427
20.428 38.294 2.315
12.677 62.114 0.543
3.840 23.896 0.903
24.548 55.700 0.344
26.828 58.712 1.975
45.307 52.110 0.591
26.694 51.533 0.378
44.888 51.354 1.510
15.791 57.687 1.313
43.795 44.604 0.475
18.498 45.975 1.090
21.420 49.481 0.685
22.869 40.285 0.821
56.352 61.385 2.168
49.603 56.177 2.083
42.321 51.558 1.535
14.048 42.782 1.971
10.168 28.417 1.066
16.636 21.525 2.491
55.660 63.215 1.507
0.797 30.556 1.274
32.806 57.034 0.512
2.767 26.455 2.451
49.982 55.857 1.445
1.934 26.966 0.979
48.997 55.689 1.876
41.357 62.032 1.076
23.123 57.037 1.677
22.979 39.618 0.098
46.012 52.467 1.073
8.641 57.881 0.815
7.411 47.837 1.052
13.561 47.574 0.663
30.706 59.276 1.122
41.055 51.201 1.217
29.327 47.612 1.668
33.573 39.172 0.396
51.361 55.620 1.603
42.826 52.172 1.425
31.819 59.898 0.773
48.625 60.868 1.715
27.467 29.888 2.118
