0.005 2.266 1.127
3.235 5.650 1.170
1.401 6.326 1.792
2.986 6.483 0.348
2.842 4.821 1.027
0.060 2.705 0.183
0.589 6.930 0.332
1.783 2.044 0.238
0.036 4.092 0.756
2.285 5.620 1.204
0.665 4.249 1.326
1.408 4.851 0.114
3.133 5.914 1.605
1.208 5.896 1.752
3.824 6.390 1.851
0.569 2.789 0.924
3.449 6.310 0.419
3.375 7.000 1.994
2.446 4.234 0.785
1.189 2.967 1.680
1.503 5.286 0.185
0.225 6.451 0.018
1.104 4.795 0.546
2.765 6.300 1.675
1.940 5.808 0.411
1.874 6.786 0.916
2.978 5.474 0.217
1.541 5.440 1.470
2.290 3.617 0.723
0.900 5.965 0.850
2.068 6.267 1.980
1.382 5.191 0.338
1.968 5.527 0.127
2.019 6.764 0.295
0.566 5.580 1.810
1.212 2.413 0.853
3.866 5.504 1.366
3.509 6.228 1.643
0.765 5.925 0.356
1.901 4.625 0.311
