0.010 3.089 1.184
6.470 9.283 1.229
2.802 9.881 1.882
5.973 10.342 0.366
5.684 8.051 1.078
0.120 4.207 0.192
1.179 10.891 0.348
3.566 3.849 0.250
0.071 6.253 0.794
4.569 8.970 1.264
1.330 6.454 1.392
2.817 7.837 0.120
6.267 9.537 1.685
2.416 9.156 1.840
7.647 10.351 1.944
1.139 4.201 0.970
6.898 10.193 0.440
6.749 10.999 2.093
4.892 7.123 0.824
2.378 4.305 1.764
3.007 8.483 0.195
0.450 10.145 0.018
2.207 7.613 0.573
5.529 9.985 1.759
3.880 9.286 0.431
3.748 10.680 0.962
5.956 9.069 0.227
3.082 8.507 1.544
4.579 6.196 0.759
1.801 9.363 0.893
4.137 9.811 2.079
2.764 8.299 0.355
3.935 8.919 0.133
4.038 10.665 0.310
1.133 8.553 1.901
2.424 3.861 0.896
7.733 9.448 1.435
7.018 10.057 1.726
1.531 9.337 0.374
3.802 7.591 0.327
5.856 7.908 0.852
4.550 9.775 1.433
5.775 7.293 0.998
2.942 4.917 1.753
4.136 7.861 1.392
0.837 10.358 1.994
4.396 7.895 0.727
3.000 6.750 1.779
3.649 10.885 0.571
2.382 7.943 1.552
1.568 9.742 1.599
3.181 10.257 1.052
0.220 7.285 2.089
0.404 3.360 1.116
6.744 9.994 1.316
1.583 4.295 1.769
0.879 5.128 1.561
7.529 9.095 0.601
1.122 9.621 1.539
5.664 9.970 1.260
2.022 2.339 0.303
0.488 9.700 1.693
1.685 6.946 0.243
0.114 5.192 0.239
6.018 9.383 1.441
0.591 3.425 0.917
5.570 8.285 0.610
1.859 7.295 1.214
5.029 8.206 0.336
7.704 10.862 1.461
1.520 3.790 0.705
7.961 10.996 0.961
0.780 2.934 1.313
3.502 5.726 1.956
7.157 8.501 0.609
6.153 7.820 0.863
5.025 8.419 1.269
3.731 8.803 1.255
6.838 10.092 1.740
5.767 8.473 1.188
