14.499 20.539 0.457
12.314 18.814 1.506
1.966 4.202 1.254
19.492 22.927 1.067
14.557 20.689 1.221
13.856 17.933 0.856
0.999 6.276 1.862
1.216 18.459 0.714
4.249 13.719 0.740
0.183 12.269 1.012
12.119 17.528 1.745
6.996 22.189 1.938
12.466 15.201 2.294
11.257 17.017 1.986
6.128 7.215 0.654
12.251 13.334 0.900
0.621 19.970 1.048
18.735 22.089 0.924
12.232 21.890 1.859
11.652 13.809 1.369
15.864 20.514 1.063
11.789 21.179 1.309
13.455 14.335 0.790
5.346 10.047 0.786
15.420 22.125 0.855
2.337 15.952 1.669
17.879 20.817 0.421
18.040 22.890 1.794
3.947 19.560 2.074
19.068 22.783 1.952
12.574 19.170 0.427
5.300 18.414 0.576
15.762 21.042 0.393
9.619 20.448 0.187
17.107 19.117 0.287
11.466 20.514 1.088
3.837 22.913 1.674
0.307 16.462 1.490
3.483 8.970 0.166
13.533 19.658 1.930
7.425 12.422 1.793
12.765 15.283 0.533
19.421 20.136 0.648
15.384 16.075 0.349
0.185 15.161 0.802
6.865 14.142 0.953
1.813 17.006 1.254
6.760 21.177 1.512
10.710 12.613 1.311
9.315 15.499 0.598
17.267 18.789 1.119
11.316 20.773 1.632
17.284 20.342 1.956
17.288 21.929 1.483
16.573 22.402 1.761
18.166 21.693 2.099
8.803 13.989 0.248
16.461 18.388 0.984
0.017 18.138 1.512
1.274 9.780 0.207
13.678 16.686 1.858
2.857 9.902 0.111
0.371 15.819 2.250
1.073 15.813 2.103
8.634 12.156 0.048
7.839 20.021 1.504
0.457 5.214 1.900
12.685 22.851 1.266
9.268 13.743 0.494
15.643 19.588 0.788
12.160 22.835 0.236
15.116 18.903 0.347
14.233 21.547 2.297
12.833 22.529 1.429
13.763 19.290 0.667
5.808 18.418 1.261
4.929 14.469 1.257
19.041 22.432 1.541
12.467 21.087 1.025
14.911 18.375 2.275
12.589 19.600 2.093
18.368 21.229 1.163
8.994 22.287 2.045
3.659 8.047 0.580
14.610 20.666 2.165
0.827 3.017 1.475
11.127 17.120 1.252
1.227 6.007 2.291
12.018 14.012 0.116
13.205 16.823 0.765
13.072 17.857 0.944
4.433 8.824 1.561
9.951 20.656 1.168
8.701 13.562 0.010
7.518 20.378 0.296
14.666 20.759 2.050
13.012 20.658 1.183
14.743 19.766 2.201
7.265 21.524 0.258
16.424 18.071 1.046
17.389 19.291 1.751
8.333 11.334 2.153
3.297 6.030 0.486
11.822 18.837 0.272
11.602 20.366 1.588
18.313 20.793 1.540
16.177 22.985 0.870
15.450 17.128 0.470
7.765 16.791 0.417
3.912 9.332 2.208
7.635 10.106 0.699
3.963 18.668 0.106
15.221 17.257 2.026
8.972 20.411 0.981
9.227 19.833 1.138
4.770 7.628 1.287
18.441 22.642 2.056
1.193 15.391 1.129
14.944 18.299 1.739
18.198 20.615 1.822
11.057 17.350 0.118
15.807 17.561 1.620
14.635 22.392 1.273
17.511 20.461 1.833
7.899 9.743 1.108
13.039 20.695 0.002
15.124 16.770 0.505
1.151 3.357 1.542
6.917 20.078 1.605
8.725 18.620 2.258
5.906 20.990 1.097
1.586 4.852 0.232
2.860 10.537 2.111
7.476 9.985 1.872
16.284 22.371 0.552
5.130 9.338 0.620
4.588 20.939 1.946
17.754 21.709 1.943
0.818 5.220 0.399
7.118 10.899 1.033
17.889 21.332 1.433
18.234 22.040 1.202
19.987 22.896 2.229
16.804 19.335 0.337
5.687 22.556 0.393
14.836 16.686 1.648
12.901 20.827 1.869
16.363 21.215 0.287
7.501 21.816 1.495
17.794 21.837 0.074
8.977 12.197 0.017
8.369 21.845 0.360
10.034 19.954 0.559
18.130 18.762 0.491
15.423 19.873 0.525
16.128 19.717 1.960
10.779 21.701 2.281
12.937 21.214 0.524
7.421 8.780 0.844
11.226 13.442 0.915
6.499 11.474 2.068
18.804 22.411 0.288
17.879 19.814 1.025
12.695 19.610 1.288
8.473 21.031 0.038
2.792 9.128 0.615
13.633 22.668 1.291
12.145 17.780 1.813
16.368 18.738 1.701
10.331 10.465 0.046
14.966 22.289 0.768
9.245 11.617 1.766
12.619 19.721 0.056
19.382 22.276 1.151
5.319 17.420 1.891
11.944 21.372 0.606
9.201 15.169 1.721
0.290 14.927 1.096
8.078 9.348 0.882
5.777 21.159 1.373
8.643 15.464 2.143
10.663 22.683 0.023
17.304 21.591 1.006
6.659 15.501 1.385
11.192 15.714 0.090
4.661 20.727 2.156
19.282 22.036 1.400
1.529 8.735 0.936
9.972 21.392 0.184
6.085 21.985 1.797
11.769 15.264 0.497
11.214 15.670 2.011
6.028 20.959 1.672
4.622 13.076 0.439
17.807 19.239 1.321
19.905 21.873 0.136
5.139 7.558 0.391
4.630 22.307 1.138
0.986 8.540 0.183
5.595 14.737 1.186
