26.002 28.422 2.230
38.267 39.252 0.379
30.799 40.844 1.521
39.064 42.596 0.254
37.582 42.833 0.749
38.550 41.802 1.841
32.057 40.123 0.853
28.403 30.055 1.356
0.552 38.884 0.363
1.917 38.634 0.576
8.411 10.702 0.120
5.799 15.929 2.033
18.027 41.583 1.527
10.031 40.306 1.724
2.549 6.683 0.721
33.667 37.885 2.165
23.522 32.226 0.834
13.195 20.107 0.326
22.363 42.354 2.097
15.894 32.851 0.099
31.609 33.860 1.543
28.076 37.558 2.129
7.263 42.622 1.506
12.653 40.496 0.164
23.309 42.192 2.007
36.767 42.513 1.616
18.620 23.283 1.131
23.389 24.983 1.509
30.019 31.846 0.461
5.925 19.453 1.409
28.097 33.543 1.758
26.789 37.101 0.130
39.700 40.795 0.566
24.731 28.155 1.991
17.626 24.816 0.191
6.431 42.205 0.249
9.073 42.249 0.969
20.429 24.349 2.183
4.780 27.746 1.838
30.904 36.108 0.215
5.595 8.408 1.572
10.202 26.240 1.409
27.274 34.653 1.248
37.118 41.207 1.986
2.933 22.454 0.579
28.120 41.097 0.511
20.360 22.246 1.822
25.573 39.638 0.166
33.724 35.603 1.204
5.910 19.891 1.329
20.870 25.784 2.178
36.339 42.593 1.956
23.327 36.362 2.113
26.320 30.662 1.807
31.645 38.422 2.000
14.465 23.276 1.786
8.362 36.297 1.986
27.795 29.148 0.647
20.102 23.238 0.848
13.621 29.337 1.095
23.759 35.189 1.468
19.236 26.781 1.382
24.694 41.235 1.355
6.677 33.924 1.627
2.055 12.113 0.701
3.596 15.236 2.259
3.014 21.522 1.791
31.980 33.106 0.600
8.738 15.609 0.987
29.043 39.849 0.936
35.279 38.835 0.929
24.093 30.691 1.224
37.330 40.958 1.901
6.450 29.706 0.369
36.970 40.658 0.170
17.745 35.823 0.230
7.995 17.760 0.095
31.982 34.236 1.182
34.348 42.007 0.586
33.713 42.402 0.367
33.419 39.426 1.792
13.482 29.026 1.428
36.622 42.670 0.528
15.423 30.528 0.351
35.694 38.756 0.041
19.460 31.034 0.501
38.501 42.156 0.653
5.004 20.963 1.008
17.977 22.894 0.014
29.399 38.196 0.519
26.886 41.185 1.326
7.532 38.716 0.806
34.659 38.862 2.018
24.138 35.509 1.947
5.454 25.506 1.549
12.244 23.091 1.106
3.801 5.745 0.209
15.086 20.670 0.570
30.898 39.077 0.468
19.444 41.864 1.235
5.591 9.889 0.974
31.021 38.066 0.983
34.516 40.175 1.410
21.865 29.216 1.411
10.552 27.662 1.672
21.199 38.018 0.814
22.996 39.798 1.114
29.233 37.702 0.523
1.284 28.488 0.405
13.562 24.662 2.250
32.044 36.972 0.889
4.791 13.435 2.186
31.463 35.135 0.494
6.758 29.081 0.475
26.683 31.624 1.680
2.516 9.255 2.292
25.848 32.638 2.147
14.749 33.125 0.984
1.923 21.919 1.357
13.794 28.637 1.363
25.070 35.289 0.189
22.741 41.304 1.604
37.591 41.926 2.228
12.299 19.284 1.128
38.922 41.814 1.040
33.198 38.402 0.362
1.032 23.871 1.079
25.826 41.850 1.040
11.922 34.268 1.911
0.675 11.111 1.844
11.462 20.653 1.939
3.818 5.781 0.143
24.896 41.333 0.596
34.247 40.811 0.387
39.711 40.827 0.886
29.366 31.817 1.614
36.308 41.308 1.856
26.237 26.509 0.135
37.102 39.716 1.476
4.385 26.840 0.080
7.132 28.088 1.339
6.056 25.028 2.016
7.227 31.727 0.930
36.770 39.083 1.950
32.967 42.738 0.456
17.841 28.866 1.558
14.360 35.271 1.037
18.232 37.743 1.349
7.179 36.565 0.945
20.694 23.086 1.216
22.254 35.829 0.030
21.606 36.390 0.993
38.812 40.952 0.354
10.233 40.426 0.612
37.096 40.816 0.988
6.350 11.580 0.608
28.996 32.479 1.562
20.234 37.493 0.568
8.329 35.008 2.204
21.003 23.833 0.811
29.648 35.405 0.073
3.088 21.379 0.436
1.141 17.455 0.494
31.341 34.430 0.274
28.164 35.674 1.318
7.849 38.756 1.600
14.327 19.125 0.484
2.993 16.254 1.878
21.892 34.198 1.768
14.600 24.079 1.260
37.284 42.674 1.029
7.255 27.994 1.077
26.110 38.086 2.223
3.904 36.830 0.862
39.927 40.671 0.127
18.857 25.844 2.095
39.286 41.294 0.866
20.079 29.841 1.799
9.215 13.017 0.975
14.435 20.358 0.649
9.325 14.799 2.249
7.050 23.201 1.237
6.085 36.386 0.709
0.460 9.820 1.850
24.622 36.458 1.298
15.539 30.045 2.087
36.518 41.034 2.013
19.363 39.391 0.451
13.584 27.296 1.507
0.316 8.749 1.690
30.501 36.278 1.503
2.612 20.180 1.310
16.462 33.095 1.111
6.300 35.748 0.835
2.625 11.498 1.996
39.504 42.956 0.335
33.161 36.954 1.800
2.210 35.006 2.255
8.083 24.208 0.252
10.393 33.916 1.460
30.847 42.825 1.372
0.575 16.625 1.147
7.791 36.525 1.914
33.144 34.616 1.451
35.047 38.292 1.878
2.802 39.728 1.257
16.421 40.803 1.424
31.510 35.320 1.967
8.026 27.459 1.565
8.070 37.108 1.556
7.060 38.840 1.642
34.242 39.736 1.381
38.177 42.989 2.168
24.824 38.426 0.875
26.259 40.739 1.754
33.631 36.307 0.492
24.172 41.241 2.159
3.568 12.357 0.005
33.235 39.180 0.580
12.266 16.060 2.222
17.638 32.413 0.596
29.764 41.997 0.339
36.952 38.579 1.381
6.737 25.386 0.338
8.095 35.710 0.584
15.534 41.037 1.565
4.845 29.800 0.877
17.045 24.317 1.693
33.900 37.902 0.200
28.961 38.361 2.071
36.946 38.882 1.463
30.464 32.167 1.125
2.969 39.917 1.279
19.702 36.250 2.293
39.122 42.455 1.744
8.604 38.477 1.794
27.019 30.811 0.925
39.691 41.845 0.853
29.242 32.555 2.083
26.439 36.988 0.121
13.047 28.152 0.735
37.667 42.378 2.118
29.953 37.695 0.957
12.016 31.213 0.492
35.870 42.852 0.907
6.270 16.336 2.039
1.865 4.140 0.447
35.637 38.227 1.892
35.381 38.179 0.420
0.485 22.400 0.779
10.866 25.795 1.239
37.236 38.185 0.946
2.358 16.017 0.348
6.144 24.865 2.110
3.335 34.000 0.862
20.711 23.057 1.803
36.532 41.324 1.602
17.266 26.171 2.085
22.990 37.234 0.843
3.955 23.329 1.476
0.643 34.969 1.073
20.981 37.231 0.552
3.131 27.383 2.007
33.348 35.152 0.848
34.306 38.588 0.446
8.762 27.576 1.226
8.023 26.331 0.507
31.441 39.209 0.763
11.350 17.901 1.779
32.766 41.066 1.686
17.166 30.708 0.590
26.604 31.012 1.222
4.457 26.330 1.808
25.966 29.845 1.112
6.206 25.484 1.512
13.373 32.579 2.187
0.793 8.828 0.469
4.895 23.254 1.826
18.248 22.845 2.191
32.251 34.522 1.028
12.416 16.852 1.113
13.700 28.713 0.255
19.288 39.889 1.713
37.701 40.757 1.206
25.197 29.172 1.776
28.275 36.993 0.880
31.557 42.587 0.192
23.118 36.677 1.926
10.003 13.148 1.020
19.221 22.696 0.486
18.493 23.363 1.071
11.476 35.699 1.769
39.908 42.769 1.569
32.401 41.454 1.584
15.108 38.055 1.001
20.445 36.791 2.113
17.148 40.091 0.777
5.797 42.321 0.010
17.494 37.889 0.559
10.703 24.869 1.969
13.619 26.076 1.753
21.468 22.904 0.978
5.222 16.231 1.254
6.212 29.791 2.243
8.611 14.739 1.963
31.319 38.545 1.697
10.380 42.434 1.370
35.181 39.243 1.833
27.588 33.858 0.055
35.456 38.504 1.715
6.997 13.936 2.111
0.492 25.555 1.289
25.701 36.139 0.714
31.878 35.586 2.115
14.621 28.758 2.096
8.339 33.314 1.045
39.854 40.825 0.793
36.224 39.039 1.813
29.770 36.472 0.839
23.793 26.124 0.736
32.993 34.194 0.938
10.371 25.703 0.396
19.040 37.535 0.811
22.098 35.316 0.417
34.454 40.448 0.637
38.603 42.668 1.940
27.591 30.105 1.079
24.401 37.006 1.013
0.043 25.898 0.223
30.094 41.482 1.642
36.783 39.491 2.032
26.699 37.995 0.186
35.651 41.903 2.259
6.493 40.528 0.333
24.693 41.307 0.402
10.724 30.312 1.669
8.119 37.132 1.326
13.324 24.589 1.066
23.284 27.598 0.966
5.549 14.546 2.054
27.141 29.268 0.661
33.959 40.083 0.670
25.957 37.705 1.155
28.636 40.745 0.673
21.906 27.924 0.948
24.928 30.656 1.773
19.239 37.728 0.252
35.078 40.391 1.166
16.279 40.172 2.007
11.310 33.121 0.658
32.380 38.512 0.895
23.819 27.359 2.069
6.232 32.793 1.806
0.944 6.506 1.776
38.567 40.636 1.684
29.559 32.147 0.226
3.296 7.339 1.323
16.218 18.862 0.475
1.548 9.330 1.500
29.112 41.509 2.052
27.786 32.301 1.982
2.188 35.167 0.856
21.386 24.080 0.525
10.976 31.305 2.046
15.520 40.902 1.901
29.785 36.228 1.143
33.105 36.904 0.186
36.848 42.446 1.791
21.837 30.276 0.667
32.833 41.135 1.949
11.980 18.292 0.807
23.850 42.076 1.235
6.590 20.106 0.481
17.656 22.188 2.039
19.216 34.085 1.493
36.201 38.909 0.988
23.948 38.980 1.886
24.012 28.278 0.178
1.764 12.900 1.019
15.094 29.845 0.331
20.676 42.149 0.323
16.104 32.694 2.145
0.038 35.071 1.970
15.530 28.314 2.075
26.704 33.690 0.119
22.414 35.175 0.922
37.259 42.169 0.783
38.851 40.993 2.060
21.701 32.407 1.568
23.126 23.638 0.430
24.196 26.681 0.445
9.724 19.533 2.041
21.420 30.344 0.698
23.867 27.870 0.218
33.054 34.078 0.913
26.339 39.723 0.740
27.557 28.803 1.085
14.534 36.792 2.280
34.239 36.043 1.680
32.542 36.699 1.812
