4.884 30.066 0.742
19.863 29.535 0.454
1.325 4.042 1.709
3.663 18.857 0.189
15.931 20.187 1.226
2.161 4.675 0.701
11.515 16.650 0.308
22.978 25.989 1.170
27.662 29.920 2.108
7.964 19.673 1.626
8.253 20.574 0.793
22.711 24.379 1.190
23.218 25.168 1.275
14.268 26.970 2.177
13.270 29.646 1.038
15.368 29.290 0.840
18.472 24.968 0.282
3.148 18.660 0.644
22.156 29.866 0.849
20.842 25.178 1.067
12.379 20.274 1.348
17.697 24.780 1.282
23.427 23.923 0.427
3.059 9.329 0.093
7.167 24.307 0.944
12.396 22.657 0.306
23.990 26.970 1.855
25.867 27.220 0.721
16.992 30.379 0.024
15.043 16.119 0.890
6.638 21.902 2.037
4.273 18.595 0.038
25.668 28.029 1.501
11.356 15.268 2.221
11.188 18.605 1.164
9.195 15.741 1.438
8.119 28.806 1.227
13.386 25.514 0.755
12.890 21.152 1.340
25.824 29.358 0.278
4.163 7.663 0.569
2.857 26.391 1.586
13.741 25.380 1.044
11.718 14.957 1.472
23.257 30.158 0.848
14.561 22.389 2.213
20.320 25.223 1.450
22.775 25.137 1.961
20.820 23.856 0.833
22.931 26.450 1.803
15.770 18.014 0.402
21.199 24.623 0.952
4.787 12.061 1.252
8.921 23.627 0.518
19.556 27.468 1.542
1.569 29.631 0.758
8.979 13.160 0.708
10.319 30.221 0.636
6.614 22.076 0.600
21.169 24.810 1.340
19.940 28.061 0.777
0.604 20.370 1.611
3.539 15.024 1.656
14.670 25.148 1.988
13.865 25.399 0.071
15.498 24.718 0.804
21.400 21.458 0.052
15.315 20.977 1.721
22.233 29.109 1.921
8.301 18.244 1.239
2.850 6.381 0.896
18.710 27.317 0.372
18.781 29.824 1.699
21.184 24.748 1.310
3.121 23.733 0.614
27.369 29.031 1.122
22.434 26.338 1.410
13.513 21.486 2.297
26.544 29.540 0.507
16.120 29.980 0.335
12.822 15.112 1.477
18.361 21.161 1.708
18.221 21.567 0.459
20.500 28.981 2.287
25.013 30.488 1.260
24.328 29.528 1.417
20.470 28.518 0.349
4.278 21.057 0.931
20.070 29.972 1.909
1.784 19.780 0.908
13.666 27.118 1.038
16.206 25.154 0.772
10.089 13.377 1.724
2.678 6.129 2.293
11.107 19.507 0.249
12.150 21.028 0.620
6.300 22.366 0.601
25.007 28.813 2.022
11.527 30.326 0.534
20.702 28.366 0.786
16.895 29.659 1.429
19.110 20.886 0.542
14.887 24.749 1.646
0.423 15.077 1.175
27.184 30.473 2.046
6.883 13.489 0.238
13.056 15.264 1.396
10.813 30.964 0.268
20.718 20.856 0.094
19.047 28.139 2.200
21.025 27.895 0.325
17.157 30.705 1.525
1.991 27.267 2.087
17.598 26.175 2.045
4.261 20.487 2.067
7.363 22.294 0.404
23.361 30.138 1.542
12.559 25.501 2.261
19.845 28.972 0.134
20.913 29.708 2.241
8.796 13.574 0.271
8.170 27.747 2.180
6.993 27.854 0.497
12.065 29.684 0.473
21.093 25.366 0.897
15.623 30.179 1.451
20.615 25.687 1.693
15.405 26.037 2.255
9.175 23.235 0.989
19.479 27.553 1.127
7.514 9.270 0.241
3.914 9.653 1.044
18.102 22.980 1.971
22.893 30.445 1.437
2.863 17.145 0.585
19.632 22.320 1.619
10.416 30.241 1.108
2.768 6.346 1.045
14.581 27.718 0.750
23.076 28.285 1.697
1.448 30.734 0.431
11.962 26.109 1.480
25.221 30.675 1.939
13.524 26.538 1.104
21.216 28.727 0.883
7.672 9.209 0.835
23.023 27.476 1.743
6.280 12.988 0.190
17.519 23.105 1.765
7.132 25.355 1.115
15.734 26.607 0.800
27.080 28.821 0.924
24.889 29.132 1.362
9.726 27.692 1.843
22.820 24.379 0.974
17.707 27.565 2.260
13.980 23.818 0.424
6.675 15.112 1.983
27.708 30.160 1.886
9.008 23.784 0.917
26.065 28.937 2.079
21.383 30.599 1.209
25.677 27.338 1.478
7.380 26.236 0.664
7.226 16.020 0.660
25.603 28.341 1.882
9.020 30.167 0.529
6.874 27.000 2.147
2.895 10.311 1.328
10.527 26.735 0.440
25.108 26.100 0.711
21.057 27.340 1.654
15.342 17.810 0.848
1.929 4.451 1.778
8.964 12.765 0.709
14.726 26.976 0.753
16.758 30.043 1.333
18.493 26.447 1.633
2.010 3.102 0.678
21.621 28.021 2.294
8.547 12.522 1.093
14.437 23.734 0.431
10.563 24.785 1.175
20.251 27.496 1.628
3.454 24.173 2.201
1.578 16.517 0.524
3.743 17.408 2.240
21.970 29.283 1.408
17.153 22.524 1.931
27.945 30.283 1.973
4.404 30.023 0.248
27.408 29.008 1.344
1.918 13.957 0.761
12.064 27.629 1.689
16.708 25.645 2.020
25.406 27.053 0.474
5.015 14.027 1.011
6.070 26.022 1.920
23.972 27.596 0.916
26.565 30.085 0.110
8.417 14.338 1.195
18.723 21.392 0.666
24.422 30.137 1.086
25.530 27.533 1.346
12.489 27.914 1.569
27.498 30.378 2.221
2.464 18.974 0.117
24.150 28.824 1.363
16.255 28.021 0.651
10.840 15.036 2.028
27.103 28.809 0.133
9.628 10.493 0.825
8.878 26.280 0.487
13.742 29.100 0.141
11.133 20.704 1.308
19.784 26.889 1.308
16.974 22.518 0.450
21.729 27.868 2.083
22.739 30.668 1.837
21.565 27.677 0.453
14.390 28.435 1.940
20.417 27.571 1.588
11.103 30.692 2.020
14.921 24.802 0.582
19.062 30.484 1.474
15.743 23.832 0.624
5.674 11.649 2.015
4.173 23.237 1.661
15.591 30.951 1.431
27.998 30.210 1.376
14.705 28.290 0.105
24.995 27.480 1.268
0.150 25.762 2.147
2.795 26.940 0.301
10.685 13.649 1.753
9.143 10.819 0.037
10.355 15.117 0.014
16.089 22.486 1.717
12.303 27.811 0.264
11.053 29.738 0.736
16.720 29.348 1.298
16.373 21.446 0.544
6.554 23.073 1.442
18.419 25.580 1.749
14.322 21.559 0.404
13.188 29.243 2.264
0.620 3.586 0.169
10.903 29.688 0.730
23.305 27.775 1.319
11.051 22.475 2.115
3.153 15.944 1.980
21.079 25.116 2.290
0.845 5.358 1.070
9.953 29.865 0.783
0.572 24.817 2.167
21.747 29.138 1.785
17.195 18.021 0.101
15.513 18.996 1.605
8.020 16.732 1.682
9.736 29.221 1.172
26.450 30.664 2.127
15.966 27.032 2.161
8.586 19.425 2.279
26.329 29.330 1.391
4.637 7.513 1.667
9.057 14.778 1.156
0.432 17.008 0.362
8.424 21.636 1.952
9.782 12.257 0.003
8.002 9.281 1.262
21.439 30.226 0.176
22.570 26.100 0.480
12.541 28.900 1.783
25.624 29.528 1.239
6.996 22.945 1.410
19.987 27.210 2.194
4.063 27.300 0.799
21.792 30.564 1.704
22.580 23.795 0.250
0.711 15.261 2.168
