14.654 17.049 1.477
20.984 23.922 1.708
20.824 24.498 0.459
23.428 32.717 2.287
28.586 34.442 1.260
27.804 33.381 1.417
23.394 32.256 0.349
4.889 23.751 0.931
22.937 33.843 1.909
2.039 22.295 0.908
15.619 30.631 1.038
18.521 28.451 0.772
11.531 15.026 1.724
3.061 6.672 2.293
12.694 22.096 0.249
13.885 23.790 0.620
7.199 25.256 0.601
28.579 32.577 2.022
13.174 34.242 0.534
23.660 32.077 0.786
19.308 33.491 1.429
21.840 23.754 0.542
17.013 27.940 1.646
0.483 16.944 1.175
31.067 34.439 2.046
7.866 15.277 0.238
14.921 17.234 1.396
12.358 34.959 0.268
23.677 23.821 0.094
21.768 31.763 2.200
24.028 31.574 0.325
19.608 34.667 1.525
2.275 30.751 2.087
20.112 29.544 2.045
4.870 23.042 2.067
8.414 25.189 0.404
26.698 34.044 1.542
14.353 28.751 2.261
22.680 32.758 0.134
23.901 33.541 2.241
10.052 15.394 0.271
9.337 31.301 2.180
7.992 31.452 0.497
13.789 33.522 0.473
24.106 28.749 0.897
17.855 34.075 1.451
23.560 29.042 1.693
17.606 29.368 2.255
10.486 26.233 0.989
22.261 31.150 1.127
8.587 10.534 0.241
4.473 10.832 1.044
20.688 25.943 1.971
26.163 34.384 1.437
3.273 19.340 0.585
22.436 25.255 1.619
11.904 34.143 1.108
3.163 7.077 1.045
16.664 31.316 0.750
26.373 31.978 1.697
1.655 34.700 0.431
13.670 29.470 1.480
28.824 34.641 1.939
15.456 29.975 1.104
24.247 32.479 0.883
8.768 10.395 0.835
26.312 31.074 1.743
7.177 14.710 0.190
20.022 26.096 1.765
8.151 28.615 1.115
17.982 30.075 0.800
30.948 32.725 0.924
28.444 32.957 1.362
11.116 31.248 1.843
26.080 27.700 0.974
20.237 31.108 2.260
15.977 26.952 0.424
7.628 16.946 1.983
31.666 34.135 1.886
10.295 26.855 0.917
29.788 32.737 2.079
24.437 34.554 1.209
29.345 31.022 1.478
8.434 29.625 0.664
8.258 18.097 0.660
29.261 32.082 1.882
10.309 34.062 0.529
7.856 30.450 2.147
3.309 11.540 1.328
12.031 30.204 0.440
28.695 29.709 0.711
24.065 30.903 1.654
17.534 20.200 0.848
2.204 4.828 1.778
10.244 14.439 0.709
16.830 30.484 0.753
19.152 33.924 1.333
21.134 29.878 1.633
2.297 3.443 0.678
24.710 31.638 2.294
9.768 14.118 1.093
16.500 26.861 0.431
12.072 27.981 1.175
23.144 31.070 1.628
3.947 27.229 2.201
1.804 18.626 0.524
4.277 19.525 2.240
25.108 33.089 1.408
19.603 25.422 1.931
31.937 34.278 1.973
5.033 33.898 0.248
31.323 32.933 1.344
2.191 15.715 0.761
13.788 31.184 1.689
19.094 28.941 2.020
29.035 30.767 0.474
5.732 15.796 1.011
6.937 29.345 1.920
27.396 31.276 0.916
30.360 34.042 0.110
9.619 16.158 1.195
21.398 24.295 0.666
27.911 34.056 1.086
29.177 31.236 1.346
14.273 31.510 1.569
31.426 34.343 2.221
2.816 21.431 0.117
27.600 32.606 1.363
18.577 31.666 0.651
12.389 16.877 2.028
30.975 32.735 0.133
11.003 11.874 0.825
10.146 29.684 0.487
15.705 32.874 0.141
12.723 23.367 1.308
22.610 30.402 1.308
19.399 25.534 0.450
24.833 31.478 2.083
25.987 34.629 1.837
24.645 31.336 0.453
16.446 32.095 1.940
23.334 31.158 1.588
12.689 34.651 2.020
17.052 28.055 0.582
21.785 34.421 1.474
17.992 26.975 0.624
6.485 13.001 2.015
4.769 26.187 1.661
17.818 34.944 1.431
31.998 34.210 1.376
16.806 31.973 0.105
28.565 31.161 1.268
0.171 29.035 2.147
3.194 30.416 0.301
12.211 15.337 1.753
10.450 12.328 0.037
11.834 17.176 0.014
18.387 25.387 1.717
14.061 31.423 0.264
12.632 33.579 0.736
19.109 33.142 1.298
18.712 24.319 0.544
7.490 26.017 1.442
21.050 28.895 1.749
16.368 24.425 0.404
15.072 33.004 2.264
0.709 4.037 0.169
12.460 33.523 0.730
26.635 31.436 1.319
12.630 25.318 2.115
3.604 17.877 1.980
24.091 28.353 2.290
0.966 5.938 1.070
11.374 33.720 0.783
0.653 27.960 2.167
24.853 32.916 1.785
19.652 20.559 0.101
17.729 21.454 1.605
9.165 18.820 1.682
11.126 32.990 1.172
30.228 34.633 2.127
18.247 30.502 2.161
9.813 21.831 2.279
30.090 33.209 1.391
5.300 8.339 1.667
10.351 16.666 1.156
0.494 19.184 0.362
9.627 24.366 1.952
11.179 13.957 0.003
9.145 10.426 1.262
24.502 34.149 0.176
25.794 29.621 0.480
14.332 32.622 1.783
29.284 33.407 1.239
7.995 25.875 1.410
22.842 30.718 2.194
4.644 30.815 0.799
24.905 34.512 1.704
25.805 27.113 0.250
0.813 17.079 2.168
6.490 13.303 1.466
10.628 27.059 1.750
30.528 33.493 0.354
5.685 8.837 0.973
12.624 30.193 1.739
26.613 30.970 1.592
15.952 18.894 1.474
9.092 15.415 0.419
19.880 34.685 0.075
10.679 24.573 2.256
1.782 16.312 1.314
4.602 10.014 0.915
9.673 11.477 0.503
8.489 31.379 1.371
10.690 33.222 1.341
23.551 32.598 0.059
20.341 22.026 0.186
16.796 25.503 1.379
0.659 34.304 1.535
13.451 20.956 0.174
26.267 34.182 0.249
18.754 23.119 1.634
19.663 23.983 0.098
17.952 29.260 1.416
26.835 32.549 1.259
18.283 25.211 2.206
1.638 9.688 1.514
25.373 29.184 1.944
28.186 32.513 1.123
24.508 32.211 0.048
14.783 23.799 0.667
20.786 33.928 0.207
0.802 26.644 0.495
17.254 18.066 0.749
29.158 31.922 1.617
24.673 26.942 0.114
7.883 9.805 1.258
4.605 16.997 1.236
14.607 16.949 1.948
13.137 29.404 0.357
11.552 16.027 0.874
11.522 19.699 1.139
11.987 28.443 1.273
14.686 19.615 0.854
31.865 33.232 0.357
14.530 31.535 0.486
28.712 32.352 1.616
22.564 28.890 0.661
5.632 15.931 1.081
13.461 23.210 0.049
9.604 10.835 0.764
17.662 31.441 1.947
20.061 30.542 1.263
31.269 34.812 1.096
22.068 32.030 1.500
28.975 32.121 1.271
12.201 18.104 1.830
8.889 19.035 0.171
10.566 13.208 1.005
14.633 17.279 1.147
25.204 31.737 0.325
26.186 28.887 0.968
27.417 31.098 1.756
2.494 9.984 0.140
16.405 27.591 0.958
15.939 25.265 2.113
6.891 32.599 1.299
17.293 21.934 1.387
20.202 32.320 1.039
9.905 23.749 1.323
21.642 25.338 2.219
9.354 9.525 0.083
12.757 17.049 0.322
19.937 33.622 0.046
24.427 29.552 1.994
15.871 24.455 1.315
25.512 28.123 0.387
17.172 29.968 0.769
14.150 24.902 1.752
1.748 32.696 1.194
14.507 20.102 1.478
8.274 34.931 1.783
13.226 17.808 0.518
27.004 32.625 1.072
0.520 6.904 0.755
31.742 34.541 2.297
27.239 31.569 0.172
27.727 31.659 1.584
19.016 30.504 1.643
9.283 26.035 1.996
13.928 32.516 1.503
17.616 20.773 0.306
10.910 33.051 1.450
11.244 26.994 1.019
0.478 19.538 0.475
29.059 31.857 1.869
25.137 28.775 1.451
7.113 22.318 0.573
24.127 26.373 1.902
24.792 28.144 2.224
0.041 24.211 1.988
12.067 30.090 0.940
3.080 15.973 2.138
27.110 33.693 1.890
6.580 29.255 1.493
20.604 28.631 1.707
12.747 24.770 1.685
23.649 30.792 0.682
28.328 33.891 1.085
30.223 34.519 0.968
18.279 34.359 1.617
24.721 30.648 1.167
1.303 16.697 1.447
26.165 31.591 0.629
18.424 34.002 1.031
23.218 28.182 0.913
20.606 31.915 0.530
6.230 22.275 0.768
3.700 14.592 0.025
8.078 20.952 0.803
