0.676 3.655 1.248
1.278 5.309 0.735
3.210 5.969 1.614
2.444 6.706 1.596
0.579 3.916 1.260
1.015 6.173 0.273
0.265 4.491 0.856
1.209 3.364 1.096
1.245 5.938 0.221
0.539 5.751 0.568
3.581 6.529 1.579
2.461 6.453 0.722
0.914 3.641 1.727
0.998 6.925 1.085
0.215 3.852 0.163
1.707 3.217 0.189
3.566 4.467 0.466
0.500 2.735 1.863
0.188 2.558 0.117
3.659 5.557 0.797
3.785 6.282 1.674
3.368 5.648 1.387
1.037 4.175 0.009
3.819 5.191 0.797
2.342 5.689 0.510
3.781 6.742 0.871
0.029 4.972 1.882
3.145 4.683 1.153
0.889 1.678 0.766
1.672 5.244 0.164
3.420 6.348 0.130
2.648 6.414 1.383
2.121 3.993 1.371
2.758 6.381 1.456
0.124 5.173 1.737
2.826 5.207 0.171
3.792 4.759 0.118
0.581 5.307 1.964
1.169 4.479 1.845
2.778 3.806 0.437
