0.040 7.844 1.296
25.880 30.956 1.346
11.209 31.150 2.061
23.891 33.490 0.400
22.736 27.286 1.181
0.480 13.194 0.210
4.714 34.657 0.382
14.262 14.632 0.274
0.285 19.149 0.869
18.278 28.975 1.384
5.319 19.537 1.525
11.268 25.741 0.131
25.066 31.117 1.846
9.662 28.625 2.015
30.589 33.949 2.129
4.555 12.532 1.063
27.592 33.474 0.482
26.997 34.998 2.293
19.568 24.339 0.903
9.513 12.005 1.932
12.028 27.653 0.213
1.799 32.305 0.020
8.828 24.474 0.628
22.118 32.004 1.927
15.518 30.129 0.472
14.991 34.036 1.053
23.822 30.618 0.249
12.328 26.795 1.691
18.317 21.550 0.831
7.203 29.714 0.978
16.547 30.981 2.277
11.058 26.928 0.389
15.741 29.261 0.146
16.154 34.067 0.339
4.530 26.282 2.082
9.698 12.390 0.981
30.932 32.886 1.571
28.072 32.894 1.890
6.123 29.796 0.409
15.208 25.359 0.358
23.425 27.333 0.933
18.200 31.281 1.569
23.101 25.524 1.093
11.770 14.438 1.920
16.544 25.286 1.525
3.350 32.683 2.183
17.585 26.221 0.796
11.999 20.618 1.948
14.595 34.663 0.625
9.530 24.714 1.700
6.272 30.669 1.751
12.725 32.680 1.152
0.879 21.394 2.288
1.616 9.080 1.222
26.977 32.747 1.442
6.331 11.565 1.937
3.518 14.578 1.709
30.114 32.194 0.658
4.488 30.233 1.686
22.656 32.229 1.381
8.087 8.462 0.332
1.952 30.403 1.854
6.738 22.492 0.266
0.456 16.299 0.262
24.071 30.731 1.578
2.364 9.756 1.004
22.279 28.210 0.668
7.438 22.738 1.329
20.118 27.803 0.368
30.817 34.806 1.600
6.078 11.871 0.773
31.846 34.996 1.052
3.120 7.432 1.438
14.007 17.063 2.142
28.628 30.592 0.667
24.610 27.462 0.945
20.098 27.590 1.390
14.923 28.169 1.375
27.353 32.846 1.906
23.069 28.358 1.301
5.897 22.808 1.697
28.963 30.557 0.559
19.351 29.167 1.607
11.242 14.197 1.137
23.704 31.246 1.408
22.116 25.612 1.850
18.433 33.711 1.996
19.671 21.934 1.674
21.369 27.201 2.246
18.214 21.715 0.703
3.474 30.607 1.999
23.818 27.713 0.356
2.539 23.409 0.176
26.240 30.858 1.254
13.087 23.656 0.687
16.039 22.402 0.351
23.616 33.152 0.722
30.690 34.367 2.009
9.602 14.728 2.171
2.104 20.219 1.805
19.508 22.668 2.199
28.020 31.288 1.504
3.354 11.438 1.162
9.289 24.410 2.116
21.210 28.136 0.263
12.132 30.511 1.143
16.296 29.442 0.879
17.029 24.974 1.394
0.188 5.155 1.628
19.938 28.351 1.985
23.915 28.837 1.143
25.132 29.473 1.271
30.583 32.558 1.451
11.976 29.167 0.303
30.455 31.950 1.408
10.555 26.227 0.129
4.212 31.087 1.948
19.100 32.921 1.660
0.470 24.999 0.291
19.749 21.222 0.500
5.405 16.443 1.435
10.221 26.887 0.845
25.677 31.464 1.856
19.555 33.647 1.836
4.634 17.720 1.449
8.118 31.153 0.314
2.117 21.390 0.984
9.673 16.362 1.261
9.963 30.243 0.254
4.311 28.636 0.654
28.647 33.838 1.816
19.687 32.924 0.831
7.312 15.195 1.986
7.986 34.609 1.248
1.722 19.271 0.187
13.658 19.342 0.218
28.529 29.934 0.535
4.003 8.457 2.143
1.507 12.864 0.135
29.270 32.270 0.917
30.277 33.697 1.926
26.947 31.110 1.595
8.293 22.335 0.010
30.554 32.322 0.917
18.738 30.047 0.587
30.249 34.588 1.002
0.229 22.008 2.164
25.157 27.696 1.326
7.114 8.111 0.881
13.373 27.710 0.189
27.363 33.585 0.149
21.186 32.588 1.590
16.964 20.891 1.577
22.064 32.497 1.674
0.994 23.622 1.998
22.610 29.537 0.197
30.333 31.714 0.135
4.646 24.323 2.258
9.352 20.120 2.122
22.225 24.642 0.503
7.698 32.449 1.199
3.405 18.521 2.076
2.564 9.626 1.799
31.181 34.736 1.785
6.740 7.893 1.050
24.020 28.620 0.262
9.956 13.117 2.283
8.067 15.065 0.435
4.912 31.715 1.427
30.051 34.009 0.450
20.658 33.834 1.511
14.575 28.852 2.119
4.824 22.641 1.464
13.505 26.121 2.169
18.514 23.642 1.234
12.703 14.295 0.806
25.448 26.540 0.452
12.461 15.322 1.359
6.325 24.929 0.359
14.539 29.228 1.390
14.122 23.350 1.574
26.743 29.481 1.362
30.383 33.417 2.015
31.599 34.690 0.426
18.382 29.186 1.017
22.673 26.274 0.114
8.326 32.306 0.938
22.726 33.898 1.675
12.594 32.934 0.914
9.875 24.594 0.893
11.314 29.398 1.687
23.564 26.621 1.701
6.405 26.063 0.627
29.156 32.589 0.846
3.500 11.560 2.087
16.575 25.500 1.506
22.005 23.230 0.208
2.425 14.033 0.064
9.831 14.797 1.604
12.635 27.799 0.156
23.198 31.529 0.457
19.703 28.711 1.506
3.146 5.918 1.254
31.186 34.918 1.067
23.292 31.643 1.221
22.170 27.679 0.856
1.599 8.809 1.862
1.946 28.030 0.714
6.799 20.849 0.740
0.293 18.417 1.012
19.390 26.696 1.745
11.194 33.739 1.938
19.946 22.922 2.294
18.011 25.800 1.986
9.805 11.114 0.654
19.602 20.772 0.900
0.993 30.318 1.048
29.977 33.882 0.924
19.571 33.310 1.859
18.643 21.196 1.369
25.382 31.498 1.063
18.862 32.272 1.309
21.528 22.448 0.790
8.554 15.295 0.786
24.673 33.767 0.855
3.739 24.019 1.669
28.606 32.226 0.421
28.864 34.849 1.794
6.316 29.609 2.074
30.509 34.722 1.952
20.119 29.463 0.427
8.480 28.052 0.576
25.220 32.314 0.393
15.390 31.243 0.187
27.371 29.915 0.287
18.346 31.296 1.088
6.140 34.865 1.674
0.491 24.818 1.490
5.572 13.784 0.166
21.652 29.938 1.930
11.879 18.631 1.793
20.423 23.830 0.533
31.073 31.796 0.648
24.615 25.436 0.349
0.296 22.927 0.802
10.984 21.543 0.953
2.901 25.724 1.254
10.816 32.194 1.512
17.135 19.340 1.311
14.905 23.824 0.598
27.627 29.293 1.119
18.106 31.619 1.632
27.655 31.190 1.956
27.660 33.517 1.483
26.516 34.139 1.761
29.066 33.167 2.099
14.085 21.649 0.248
26.338 28.626 0.984
0.027 27.423 1.512
2.039 14.878 0.207
21.884 25.477 1.858
4.571 15.177 0.111
0.594 23.669 2.250
1.717 23.696 2.103
13.815 18.991 0.048
12.542 30.430 1.504
0.730 7.111 1.900
20.297 34.778 1.266
14.830 21.240 0.494
25.029 30.230 0.788
19.457 34.762 0.236
24.186 29.310 0.347
22.772 32.771 2.297
20.533 34.297 1.429
22.021 29.671 0.667
9.292 27.968 1.261
7.886 21.881 1.257
30.466 34.297 1.541
19.948 32.177 1.025
23.857 27.946 2.275
20.143 29.783 2.093
29.389 32.728 1.163
14.391 33.894 2.045
5.854 12.233 0.580
23.376 31.453 2.165
1.323 3.910 1.475
17.803 26.172 1.252
1.964 8.183 2.291
19.229 22.050 0.116
21.128 26.034 0.765
20.915 27.477 0.944
7.092 13.038 1.561
15.921 31.467 1.168
13.922 21.085 0.010
12.029 31.085 0.296
23.466 31.617 2.050
20.819 31.542 1.183
23.590 30.081 2.201
11.624 32.796 0.258
26.279 28.159 1.046
27.822 29.786 1.751
13.333 16.809 2.153
5.276 9.180 0.486
18.916 28.964 0.272
18.563 31.014 1.588
29.301 32.083 1.540
25.884 34.979 0.870
24.720 26.864 0.470
12.424 25.715 0.417
6.260 13.516 2.208
12.215 15.583 0.699
6.341 28.466 0.106
24.353 26.395 2.026
14.356 31.098 0.981
14.763 30.214 1.138
7.632 11.338 1.287
29.505 34.508 2.056
1.908 23.239 1.129
23.911 28.041 1.739
29.117 31.749 1.822
