2.970 6.093 1.637
5.106 6.699 0.486
7.768 8.420 0.592
6.154 6.685 0.319
0.074 7.370 0.732
2.746 6.692 0.871
0.725 8.254 1.145
2.704 10.144 1.381
4.284 5.779 1.197
3.726 7.144 0.546
6.907 8.197 1.022
4.527 9.896 1.490
6.914 9.374 1.786
6.915 10.309 1.354
6.629 10.646 1.608
7.267 10.131 1.916
3.521 6.315 0.226
6.584 8.080 0.898
0.007 8.823 1.381
0.510 4.671 0.189
5.471 7.758 1.696
1.143 4.621 0.102
0.148 7.900 2.055
0.429 7.864 1.920
3.454 5.318 0.044
3.136 9.584 1.373
0.183 3.175 1.735
5.074 10.921 1.156
3.707 6.216 0.451
6.257 8.910 0.719
4.864 10.908 0.215
6.047 8.480 0.317
5.693 10.279 2.097
5.133 10.754 1.305
5.505 8.885 0.609
2.323 8.835 1.151
1.971 7.002 1.148
7.616 10.536 1.407
4.987 9.978 0.936
5.964 8.647 2.077
5.036 9.343 1.911
7.347 9.677 1.062
3.598 10.670 1.868
1.463 3.821 0.529
5.844 9.808 1.976
0.331 1.999 1.347
4.451 8.007 1.143
0.491 3.658 2.092
4.807 5.965 0.106
5.282 7.566 0.698
5.229 8.189 0.862
1.773 4.497 1.425
3.980 9.826 1.066
3.481 6.040 0.009
3.007 9.666 0.270
5.866 9.836 1.871
5.205 9.746 1.080
5.897 9.348 2.010
2.906 10.251 0.236
6.570 7.903 0.955
6.956 8.650 1.599
3.333 5.685 1.966
1.319 2.843 0.444
4.729 8.701 0.249
4.641 9.682 1.450
7.325 9.409 1.406
6.471 10.991 0.794
6.180 7.358 0.429
3.106 7.852 0.381
1.565 4.993 2.016
3.054 4.575 0.638
1.585 8.868 0.097
6.088 7.944 1.850
3.589 9.707 0.895
3.691 9.429 1.039
1.908 3.817 1.175
7.376 10.750 1.877
0.477 7.507 1.031
5.978 8.444 1.588
7.279 9.353 1.663
