0.025 5.512 1.296
16.175 20.150 1.346
7.006 20.532 2.061
14.932 21.918 0.400
14.210 17.704 1.181
0.300 8.706 0.210
2.946 22.774 0.382
8.914 9.252 0.274
0.178 12.719 0.869
11.424 18.996 1.384
3.325 13.032 1.525
7.042 16.791 0.131
15.666 20.365 1.846
6.039 18.915 2.015
19.118 22.193 2.129
2.847 8.402 1.063
17.245 21.838 0.482
16.873 22.999 2.293
12.230 15.759 0.903
5.946 8.237 1.932
7.517 18.071 0.213
1.124 21.225 0.020
5.518 16.054 0.628
13.824 21.017 1.927
9.699 19.712 0.472
9.369 22.361 1.053
14.889 19.848 0.249
7.705 17.680 1.691
11.448 13.904 0.831
4.502 19.546 0.978
10.342 20.421 2.277
6.911 17.620 0.389
9.838 19.092 0.146
10.096 22.367 0.339
2.832 17.445 2.082
6.061 8.165 0.981
19.332 21.225 1.571
17.545 21.510 1.890
3.827 19.570 0.409
9.505 16.483 0.358
14.640 17.650 0.933
11.375 20.545 1.569
14.438 16.450 1.093
7.356 9.758 1.920
10.340 16.611 1.525
2.094 21.528 2.183
10.991 17.076 0.796
7.500 13.742 1.948
9.122 22.774 0.625
5.956 16.360 1.700
3.920 20.218 1.751
7.953 21.474 1.152
0.549 14.382 2.288
1.010 6.263 1.222
16.861 21.392 1.442
3.957 8.004 1.937
2.199 9.904 1.709
18.821 20.663 0.658
2.805 19.939 1.686
14.160 21.114 1.381
5.054 5.415 0.332
1.220 20.063 1.854
4.212 14.724 0.266
0.285 10.752 0.262
15.044 20.088 1.578
1.478 6.626 1.004
13.924 18.264 0.668
4.649 15.043 1.329
12.574 18.013 0.368
19.261 22.839 1.600
3.799 7.858 0.773
19.904 22.996 1.052
1.950 5.239 1.438
8.755 11.483 2.142
17.892 19.569 0.667
15.381 17.674 0.945
12.561 18.038 1.390
9.327 18.508 1.375
17.096 21.500 1.906
14.418 18.451 1.301
3.685 15.163 1.697
18.102 19.480 0.559
12.094 19.137 1.607
7.026 9.356 1.137
14.815 20.427 1.408
13.822 16.765 1.850
11.521 22.161 1.996
12.294 14.358 1.674
13.356 17.932 2.246
11.384 13.985 0.703
2.171 20.198 1.999
14.886 17.779 0.356
1.587 15.376 0.176
16.400 20.050 1.254
8.180 15.447 0.687
10.024 14.454 0.351
14.760 21.697 0.722
19.181 22.502 2.009
6.001 10.059 2.171
1.315 13.549 1.805
12.193 15.014 2.199
17.513 20.300 1.504
2.096 7.741 1.162
5.806 16.232 2.116
13.256 18.189 0.263
7.583 20.050 1.143
10.185 19.278 0.879
10.643 16.370 1.394
0.118 3.884 1.628
12.461 18.651 1.985
14.947 18.716 1.143
15.707 19.129 1.271
19.114 20.995 1.451
7.485 19.095 0.303
19.034 20.513 1.408
6.597 17.128 0.129
2.633 20.501 1.948
11.938 21.627 1.660
0.294 16.453 0.291
12.343 13.513 0.500
3.378 11.015 1.435
6.388 17.655 0.845
16.048 20.587 1.856
12.222 22.111 1.836
2.896 11.852 1.449
5.074 20.450 0.314
1.323 14.171 0.984
6.046 10.846 1.261
6.227 19.829 0.254
2.694 18.836 0.654
17.905 22.160 1.816
12.304 21.586 0.831
4.570 10.329 1.986
4.991 22.746 1.248
1.076 12.668 0.187
8.536 12.441 0.218
17.831 19.045 0.535
2.502 6.115 2.143
0.942 8.452 0.135
18.294 20.851 0.917
18.923 21.998 1.926
16.842 20.252 1.595
5.183 14.552 0.010
19.096 20.733 0.917
11.711 19.618 0.587
18.906 22.660 1.002
0.143 14.755 2.164
15.723 17.897 1.326
4.447 5.403 0.881
8.358 18.085 0.189
17.102 21.914 0.149
13.241 21.388 1.590
10.603 13.724 1.577
13.790 21.325 1.674
0.621 15.755 1.998
14.131 19.115 0.197
18.958 20.168 0.135
2.904 16.221 2.258
5.845 13.492 2.122
13.891 15.736 0.503
4.811 21.340 1.199
2.128 12.507 2.076
1.602 6.768 1.799
19.488 22.776 1.785
4.213 5.330 1.050
15.013 18.401 0.262
6.223 9.065 2.283
5.042 9.817 0.435
3.070 20.879 1.427
18.782 22.170 0.450
12.911 22.221 1.511
9.109 19.047 2.119
3.015 15.027 1.464
8.441 17.308 2.169
11.571 15.408 1.234
7.939 9.267 0.806
15.905 16.824 0.452
7.788 10.130 1.359
3.953 16.353 0.359
9.087 19.210 1.390
8.826 15.396 1.574
16.714 19.059 1.362
18.989 21.786 2.015
19.749 22.705 0.426
11.489 19.089 1.017
14.170 16.773 0.114
5.204 21.235 0.938
14.204 22.260 1.675
7.871 21.634 0.914
6.172 16.157 0.893
7.071 19.373 1.687
14.728 17.344 1.701
4.003 17.130 0.627
18.223 21.104 0.846
2.188 8.077 2.087
10.359 16.748 1.506
13.753 14.680 0.208
1.516 9.186 0.064
6.145 9.924 1.604
7.897 18.153 0.156
