4.423 7.909 0.108
6.323 7.879 1.479
5.854 10.658 1.162
7.004 9.387 1.674
3.160 4.531 1.012
5.216 9.662 0.002
6.050 7.206 0.461
0.460 2.167 1.408
2.767 9.634 1.466
3.490 9.014 2.062
2.362 10.041 1.002
0.634 2.301 0.212
1.144 5.519 1.928
2.991 4.993 1.709
6.514 10.593 0.504
2.052 4.361 0.566
1.835 10.075 1.777
7.102 10.170 1.774
0.327 2.586 0.364
2.847 5.125 0.943
7.156 9.850 1.308
7.293 10.297 1.097
7.995 10.871 2.036
6.722 8.516 0.308
2.275 10.780 0.359
5.935 7.549 1.505
5.160 9.909 1.707
6.545 9.821 0.262
3.001 10.439 1.365
7.117 10.136 0.068
3.591 5.297 0.016
3.348 10.407 0.329
4.014 9.410 0.510
7.252 7.806 0.448
6.169 9.071 0.479
6.451 9.155 1.789
4.311 10.398 2.083
5.175 9.999 0.478
2.968 3.993 0.770
4.490 6.006 0.836
2.599 5.800 1.888
7.521 10.515 0.263
7.152 8.734 0.936
5.078 9.216 1.176
3.389 9.971 0.035
1.117 4.400 0.562
5.453 10.820 1.179
4.858 8.410 1.655
6.547 8.494 1.553
4.132 4.222 0.042
5.987 10.578 0.701
3.698 5.598 1.613
5.048 9.126 0.051
7.753 10.355 1.051
2.128 8.475 1.727
4.778 10.117 0.554
3.681 7.273 1.571
0.116 7.308 1.001
3.231 4.229 0.806
2.311 10.137 1.253
3.457 7.553 1.956
4.265 10.827 0.021
6.922 10.051 0.919
2.664 7.454 1.265
4.477 6.995 0.082
1.864 9.993 1.968
7.713 10.164 1.279
0.612 4.377 0.855
3.989 10.143 0.168
2.434 10.535 1.641
4.707 6.792 0.454
4.486 7.492 1.836
2.411 10.058 1.527
1.849 6.159 0.400
7.123 8.406 1.206
7.962 9.890 0.124
2.055 3.409 0.357
1.852 10.674 1.039
0.394 4.086 0.167
2.238 7.088 1.083
