23.886 40.732 1.298
23.391 30.066 0.544
9.363 31.906 1.442
26.313 35.525 1.749
20.460 30.158 0.404
18.840 40.526 2.264
0.886 4.939 0.169
15.575 41.192 0.730
33.293 38.757 1.319
15.788 31.003 2.115
4.505 21.745 1.980
30.113 34.828 2.290
1.207 7.098 1.070
14.218 41.431 0.783
0.817 34.245 2.167
31.067 40.470 1.785
24.565 25.635 0.101
22.161 26.369 1.605
11.457 22.996 1.682
13.908 40.528 1.172
37.786 42.572 2.127
22.808 37.442 2.161
12.266 26.642 2.279
37.612 40.966 1.391
6.625 9.991 1.667
12.939 20.442 1.156
0.618 23.536 0.362
12.034 29.826 1.952
13.974 17.358 0.003
11.431 12.717 1.262
30.627 41.995 0.176
32.242 36.665 0.480
17.916 40.066 1.783
36.605 41.166 1.239
9.994 31.735 1.410
28.553 37.734 2.194
5.805 37.847 0.799
31.131 42.409 1.704
32.257 33.747 0.250
1.016 20.716 2.168
8.113 16.187 1.466
13.285 33.184 1.750
38.160 41.359 0.354
7.106 10.764 0.973
15.781 37.064 1.739
33.266 38.172 1.592
19.940 23.217 1.474
11.365 19.015 0.419
24.849 42.621 0.075
13.349 30.054 2.256
2.228 19.886 1.314
5.752 12.209 0.915
12.091 14.187 0.503
10.611 38.532 1.371
13.362 40.810 1.341
29.438 40.153 0.059
25.427 27.413 0.186
20.996 31.358 1.379
0.824 42.138 1.535
16.813 25.909 0.174
32.834 42.044 0.249
23.442 28.426 1.634
24.578 29.753 0.098
22.440 35.971 1.416
33.544 40.091 1.259
22.853 30.898 2.206
2.047 11.655 1.514
31.716 35.930 1.944
35.233 40.097 1.123
30.634 39.710 0.048
18.478 29.333 0.667
25.982 41.713 0.207
1.002 32.710 0.495
21.568 22.393 0.749
36.448 39.404 1.617
30.841 33.497 0.114
9.854 11.931 1.258
5.756 20.768 1.236
18.259 20.694 1.948
16.421 36.177 0.357
14.440 19.730 0.874
14.402 24.193 1.139
14.983 34.934 1.273
18.357 24.193 0.854
39.832 41.210 0.357
18.162 38.777 0.486
35.890 39.886 1.616
28.205 35.666 0.661
7.040 19.487 1.081
16.827 28.668 0.049
12.005 13.342 0.764
22.077 38.612 1.947
25.076 37.569 1.263
39.086 42.799 1.096
27.585 39.385 1.500
36.218 39.663 1.271
15.251 22.116 1.830
11.111 23.479 0.171
13.207 16.224 1.005
18.292 21.276 1.147
31.505 39.152 0.325
32.733 35.755 0.968
34.271 38.331 1.756
3.118 12.282 0.140
20.506 33.953 0.958
19.924 30.959 2.113
8.614 40.037 1.299
21.617 26.991 1.387
25.252 39.746 1.039
12.381 29.135 1.323
27.053 31.092 2.219
11.692 11.883 0.083
15.947 21.110 0.322
24.921 41.346 0.046
30.533 36.350 1.994
19.838 30.068 1.315
31.891 34.897 0.387
21.465 36.874 0.769
17.687 30.542 1.752
2.185 40.152 1.194
18.134 24.675 1.478
10.342 42.914 1.783
16.532 22.012 0.518
33.755 40.197 1.072
0.649 8.347 0.755
39.678 42.510 2.297
34.049 39.031 0.172
34.659 39.031 1.584
23.770 37.486 1.643
11.603 31.888 1.996
17.410 39.942 1.503
22.020 25.778 0.306
13.637 40.598 1.450
14.056 33.167 1.019
0.597 23.960 0.475
36.324 39.289 1.869
31.421 35.506 1.451
8.891 27.429 0.573
30.158 32.480 1.902
30.990 34.596 2.224
0.051 29.597 1.988
15.083 36.978 0.940
3.850 19.354 2.138
33.888 41.427 1.890
8.225 35.899 1.493
25.755 35.201 1.707
15.934 30.376 1.685
29.561 37.968 0.682
35.410 41.708 1.085
37.778 42.463 0.968
22.849 42.213 1.617
30.902 37.779 1.167
1.628 20.342 1.447
32.706 38.985 0.629
23.030 41.785 1.031
29.023 34.805 0.913
25.758 39.281 0.530
7.787 27.348 0.768
4.625 17.975 0.025
10.098 25.736 0.803
36.086 40.147 1.794
15.804 33.297 1.677
14.841 19.328 0.100
7.891 12.796 0.286
16.891 37.096 0.139
32.485 38.660 1.144
4.678 13.763 1.904
20.742 39.673 2.208
34.789 39.698 1.219
10.254 34.618 0.995
2.828 6.114 1.398
1.759 29.420 0.417
8.579 38.224 2.208
17.057 26.984 1.262
32.434 33.492 0.478
30.967 41.447 0.378
6.384 38.584 1.204
19.003 20.920 0.583
4.501 9.413 0.925
38.142 40.929 2.300
33.779 41.157 0.144
5.606 42.881 1.917
1.715 10.753 0.004
25.123 37.914 1.596
16.694 37.762 1.707
16.330 30.211 0.772
26.373 36.461 0.315
36.310 41.854 0.589
22.850 34.915 1.890
7.235 38.072 1.025
26.220 30.734 1.594
26.119 32.791 1.183
25.428 42.052 1.726
36.438 41.569 1.043
31.935 36.551 0.863
32.146 33.556 0.010
12.782 23.016 0.732
27.150 38.760 2.065
19.979 38.884 0.845
2.771 42.406 1.778
27.906 32.156 0.155
27.054 32.204 2.282
14.623 21.555 0.133
7.981 40.941 1.016
21.412 27.444 1.600
22.746 38.163 0.948
2.828 42.165 1.834
22.138 24.581 0.860
21.782 33.202 1.523
28.017 33.932 1.273
15.793 18.214 0.363
7.443 10.983 0.670
26.633 37.846 1.649
24.704 26.943 1.932
30.880 42.878 1.524
6.870 38.660 0.408
38.751 40.804 1.322
34.875 41.738 0.430
7.681 23.597 1.050
15.292 27.573 1.882
10.627 18.365 1.033
23.088 35.225 0.470
31.987 38.889 2.035
17.555 40.946 1.891
1.279 35.465 1.528
27.480 29.972 0.558
1.376 37.391 1.027
2.273 36.717 1.062
29.074 33.498 0.164
18.433 24.944 1.993
26.217 31.965 0.221
20.057 35.111 0.409
4.318 25.972 1.097
3.573 40.078 1.967
19.789 38.978 0.825
14.958 33.285 0.231
25.373 32.259 1.862
37.843 41.909 0.741
11.316 20.755 0.523
17.861 25.411 0.957
22.022 40.549 0.561
17.393 39.886 0.108
15.621 22.252 0.724
30.582 40.251 2.157
29.864 36.868 2.285
36.080 38.411 1.416
33.182 37.470 0.512
29.419 37.998 1.638
39.468 42.810 0.005
23.255 32.333 1.055
14.329 32.057 1.390
16.899 19.619 0.031
24.042 26.653 0.556
1.664 10.363 0.886
1.328 13.775 2.025
30.493 32.024 1.303
9.374 38.232 1.936
4.153 32.236 1.623
2.103 38.878 0.202
37.017 40.331 0.783
29.780 33.124 1.769
27.965 35.086 1.222
9.357 14.341 1.880
21.497 39.677 1.743
33.821 39.153 0.629
25.354 36.575 0.822
38.826 42.748 1.662
39.241 40.830 1.533
23.542 31.311 1.888
29.290 35.773 1.168
0.425 24.431 1.283
19.844 28.930 2.099
10.965 24.044 1.678
12.983 42.740 1.254
36.045 38.189 0.501
11.924 17.453 1.982
35.610 42.200 0.534
21.987 41.918 0.553
17.715 19.823 1.726
17.287 26.457 1.631
26.766 29.687 0.415
17.631 41.067 0.434
39.941 41.992 1.859
23.308 32.529 2.136
34.295 36.834 0.251
10.531 22.595 1.545
39.901 42.278 1.164
22.263 34.820 1.604
11.692 42.920 2.032
2.933 12.227 1.968
19.301 34.723 0.367
26.362 40.153 1.475
35.162 42.146 1.474
38.625 40.803 2.129
1.617 37.296 1.987
27.237 36.871 1.728
22.457 35.885 0.585
39.178 42.429 0.551
38.480 41.182 0.906
28.632 40.738 1.850
35.243 36.221 0.069
5.282 9.472 0.240
38.937 42.191 0.875
21.047 25.099 0.326
28.718 37.015 1.980
21.887 38.392 0.610
15.374 37.466 0.561
27.085 39.342 0.326
12.257 24.803 1.272
5.933 12.856 1.614
39.822 42.718 1.944
6.247 29.336 0.542
4.813 18.060 1.256
35.415 41.481 1.890
24.388 26.696 0.754
27.945 34.093 1.856
28.838 35.121 1.709
38.511 40.084 1.498
19.606 27.104 0.274
21.450 33.181 1.887
6.469 20.538 1.548
1.547 4.348 0.263
24.404 28.701 1.275
31.551 33.748 1.200
1.735 11.654 1.608
34.546 42.459 2.277
1.466 33.137 0.234
8.672 39.870 0.124
32.522 36.874 1.144
13.086 38.794 1.491
11.750 29.210 1.489
22.186 29.354 0.771
16.052 21.722 1.194
15.263 27.192 0.353
1.876 13.774 1.882
5.678 33.367 0.086
31.638 42.745 1.522
32.452 35.310 1.913
38.171 41.120 1.842
2.926 31.269 0.030
24.448 42.608 1.976
12.674 38.601 2.055
1.090 3.807 1.465
23.321 25.119 0.034
14.032 16.983 1.882
35.270 36.187 0.477
13.793 22.138 1.045
35.492 38.711 0.109
11.370 34.980 1.416
35.668 40.351 1.886
18.602 29.301 1.398
7.890 34.943 0.457
28.184 31.698 0.860
38.966 41.631 0.709
15.098 28.332 0.451
5.075 11.415 0.677
22.264 34.257 1.693
1.106 15.038 1.313
13.619 26.021 2.130
8.451 41.735 0.500
2.560 16.193 0.831
16.365 37.415 0.317
17.885 39.500 1.817
30.205 34.953 0.543
17.796 34.608 0.347
29.925 34.605 1.389
10.528 38.791 1.208
29.196 29.860 0.437
12.332 30.960 1.003
14.280 33.265 0.630
15.246 27.116 0.755
37.568 41.360 1.994
33.069 37.908 1.916
28.214 34.740 1.412
9.366 28.928 1.813
6.779 19.235 0.981
11.090 14.965 2.292
37.107 42.482 1.386
0.531 20.698 1.172
21.871 38.310 0.471
1.845 18.153 2.255
33.321 37.592 1.329
1.289 18.259 0.900
32.665 37.549 1.726
27.572 41.683 0.990
15.416 38.375 1.543
15.319 26.562 0.090
30.675 35.269 0.987
5.761 38.906 0.749
4.940 32.205 0.968
9.041 31.995 0.610
20.471 39.844 1.032
27.370 34.452 1.119
19.551 32.119 1.534
22.382 26.256 0.364
34.241 37.468 1.474
28.551 35.131 1.311
21.213 40.247 0.711
32.417 40.935 1.578
18.311 20.460 1.948
