0.015 3.957 1.296
9.705 12.946 1.346
4.203 13.452 2.061
8.959 14.204 0.400
8.526 11.316 1.181
0.180 5.715 0.210
1.768 14.853 0.382
5.348 5.666 0.274
0.107 8.432 0.869
6.854 12.344 1.384
1.995 8.695 1.525
4.225 10.824 0.131
9.400 13.198 1.846
3.623 12.441 2.015
11.471 14.355 2.129
1.708 5.649 1.063
10.347 14.081 0.482
10.124 14.999 2.293
7.338 10.040 0.903
3.567 5.725 1.932
4.510 11.683 0.213
0.675 13.838 0.020
3.311 10.442 0.628
8.294 13.693 1.927
5.819 12.768 0.472
5.622 14.577 1.053
8.933 12.667 0.249
4.623 11.603 1.691
6.869 8.806 0.831
2.701 12.768 0.978
6.205 13.381 2.277
4.147 11.414 0.389
5.903 12.313 0.146
6.058 14.566 0.339
1.699 11.554 2.082
3.637 5.348 0.981
11.599 13.451 1.571
10.527 13.920 1.890
2.296 12.752 0.409
5.703 10.566 0.358
8.784 11.194 0.933
6.825 13.387 1.569
8.663 10.401 1.093
4.414 6.638 1.920
6.204 10.828 1.525
1.256 14.091 2.183
6.595 10.980 0.796
4.500 9.158 1.948
5.473 14.848 0.625
3.574 10.791 1.700
2.352 13.250 1.751
4.772 14.003 1.152
0.330 9.707 2.288
0.606 4.384 1.222
10.117 13.822 1.442
2.374 5.629 1.937
1.319 6.788 1.709
11.293 12.976 0.658
1.683 13.077 1.686
8.496 13.705 1.381
3.033 3.384 0.332
0.732 13.171 1.854
2.527 9.546 0.266
0.171 7.054 0.262
9.027 12.993 1.578
0.887 4.538 1.004
8.355 11.633 0.668
2.789 9.914 1.329
7.544 11.486 0.368
11.557 14.861 1.600
2.279 5.183 0.773
11.942 14.996 1.052
1.170 3.778 1.438
5.253 7.764 2.142
10.735 12.220 0.667
9.229 11.148 0.945
7.537 11.669 1.390
5.596 12.067 1.375
10.258 13.936 1.906
8.651 11.846 1.301
2.211 10.066 1.697
10.861 12.096 0.559
7.257 12.451 1.607
4.216 6.128 1.137
8.889 13.215 1.408
8.293 10.868 1.850
6.912 14.461 1.996
7.376 9.307 1.674
8.013 11.753 2.246
6.830 8.832 0.703
1.303 13.260 1.999
8.932 11.155 0.356
0.952 10.020 0.176
9.840 12.845 1.254
4.908 9.974 0.687
6.014 9.155 0.351
8.856 14.060 0.722
11.509 14.592 2.009
3.601 6.946 2.171
0.789 9.102 1.805
7.316 9.911 2.199
10.508 12.974 1.504
1.258 5.276 1.162
3.484 10.781 2.116
7.954 11.558 0.263
4.550 13.077 1.143
6.111 12.502 0.879
6.386 10.633 1.394
0.071 3.037 1.628
7.477 12.184 1.985
8.968 11.969 1.143
9.424 12.233 1.271
11.469 13.287 1.451
4.491 12.380 0.303
11.421 12.889 1.408
3.958 11.063 0.129
1.580 13.443 1.948
7.163 14.098 1.660
0.176 10.755 0.291
7.406 8.374 0.500
