17.625 26.389 2.093
25.715 28.895 1.163
12.592 30.025 2.045
5.122 10.837 0.580
20.454 27.858 2.165
1.158 3.612 1.475
15.578 23.155 1.252
1.718 7.457 2.291
16.825 19.371 0.116
18.487 22.963 0.765
18.300 24.270 0.944
6.206 11.633 1.561
13.931 27.863 1.168
12.182 18.577 0.010
10.525 27.516 0.296
20.532 27.998 2.050
18.217 27.914 1.183
20.641 26.642 2.201
10.171 29.039 0.258
22.994 24.797 1.046
24.344 26.287 1.751
11.667 14.984 2.153
4.616 8.130 0.486
16.551 25.588 0.272
16.243 27.465 1.588
25.638 28.319 1.540
22.648 30.981 0.870
21.630 23.619 0.470
10.871 22.740 0.417
5.477 12.121 2.208
10.688 13.757 0.699
5.548 25.200 0.106
21.309 23.349 2.026
12.561 27.535 0.981
12.918 26.754 1.138
6.678 10.101 1.287
25.817 30.553 2.056
1.670 20.623 1.129
20.922 24.794 1.739
25.477 28.038 1.822
15.480 23.640 0.118
22.130 23.924 1.620
20.489 30.207 1.273
24.515 27.769 1.833
11.058 13.157 1.108
18.255 28.051 0.002
21.173 23.121 0.505
1.611 4.063 1.542
9.684 27.021 1.605
12.215 24.977 2.258
8.268 28.282 1.097
2.220 6.541 0.232
4.004 13.798 2.111
10.467 13.209 1.872
22.798 30.219 0.552
7.182 12.627 0.620
6.423 28.168 1.946
24.855 29.358 1.943
1.145 6.957 0.399
9.965 14.700 1.033
25.045 28.949 1.433
25.527 29.850 1.202
27.981 30.895 2.229
23.526 26.535 0.337
7.962 30.406 0.393
20.771 22.684 1.648
18.061 28.077 1.869
22.909 28.806 0.287
10.502 29.393 1.495
24.911 29.638 0.074
12.568 16.795 0.017
11.717 29.468 0.360
14.047 26.975 0.559
25.383 26.038 0.491
21.593 27.062 0.525
22.579 26.681 1.960
15.090 29.219 2.281
18.112 28.685 0.524
10.389 11.924 0.844
15.716 18.353 0.915
9.098 15.162 2.068
26.325 30.339 0.288
25.031 27.154 1.025
17.773 26.512 1.288
11.862 28.405 0.038
3.909 12.255 0.615
19.087 30.563 1.291
17.002 23.966 1.813
22.915 25.482 1.701
14.463 14.624 0.046
20.953 30.092 0.768
12.943 15.532 1.766
17.667 26.783 0.056
27.134 30.203 1.151
7.446 23.345 1.891
16.722 28.870 0.606
12.882 20.368 1.721
0.406 19.982 1.096
11.309 12.711 0.882
8.087 28.499 1.373
12.101 20.661 2.143
14.928 30.587 0.023
24.226 29.267 1.006
9.323 20.825 1.385
15.669 21.523 0.090
6.525 27.865 2.156
26.995 29.916 1.400
2.141 11.602 0.936
13.960 28.889 0.184
8.520 29.612 1.797
16.476 20.891 0.497
15.700 21.034 2.011
8.439 28.214 1.672
6.470 17.673 0.439
24.930 26.387 1.321
27.867 29.859 0.136
7.194 10.304 0.391
6.482 30.060 1.138
1.380 11.503 0.183
7.833 19.802 1.186
11.544 24.087 2.127
8.180 18.001 1.094
26.637 30.488 1.261
22.244 28.186 1.844
24.362 30.641 0.732
7.502 25.002 2.170
3.574 17.483 1.782
4.925 6.070 0.061
12.734 16.934 1.983
0.405 25.537 0.489
22.322 28.649 1.793
8.365 29.364 1.797
23.580 27.560 0.558
0.644 1.751 0.174
9.974 19.561 1.645
5.052 10.338 0.685
20.857 21.740 0.310
14.717 28.013 0.825
4.447 9.744 2.070
0.819 25.585 0.417
6.978 16.169 1.313
15.118 29.145 1.529
26.111 28.570 2.174
4.291 25.921 1.283
25.064 30.263 0.167
23.028 27.806 0.893
18.815 22.989 1.037
26.585 30.414 2.259
16.655 19.091 0.626
5.542 18.657 1.381
9.949 20.297 0.529
19.370 27.893 2.181
27.512 29.569 0.546
6.603 19.485 2.065
9.141 22.148 1.236
9.423 13.739 0.801
8.125 29.273 0.504
20.711 28.052 1.856
19.228 28.400 0.621
1.804 27.119 1.660
9.564 19.998 0.102
0.582 20.132 1.928
15.136 24.757 1.389
21.766 28.646 1.472
21.278 24.495 1.996
11.858 14.038 1.809
12.274 21.803 0.097
7.539 13.402 0.157
27.498 30.101 1.165
1.988 29.748 0.845
24.082 26.344 0.776
8.107 30.834 0.117
4.829 10.714 0.158
8.426 23.724 1.810
2.343 6.776 0.604
6.091 11.595 1.294
17.704 23.871 0.246
21.248 22.531 0.768
7.910 28.276 1.597
15.892 18.955 1.998
22.271 28.653 2.299
17.328 25.994 1.368
5.439 13.087 2.251
1.184 9.201 0.550
11.391 18.064 1.828
25.201 29.658 0.873
5.782 21.076 0.122
9.912 24.277 0.831
27.329 30.671 0.514
9.715 24.607 2.193
5.647 15.077 0.649
14.896 18.961 0.669
2.789 22.872 0.245
23.627 29.946 1.545
0.162 19.254 1.130
26.189 29.367 0.668
20.913 30.291 2.010
23.243 26.577 1.394
21.959 27.023 0.345
19.293 30.927 0.908
2.854 4.547 0.947
19.248 21.729 0.595
6.402 27.671 0.435
21.372 26.081 0.110
1.572 6.096 2.211
15.833 25.481 2.214
24.602 27.743 0.940
11.578 27.837 1.515
26.465 27.125 0.651
17.255 26.312 0.114
11.815 24.271 2.195
5.624 14.895 0.953
17.448 19.364 1.859
2.947 11.370 0.907
8.870 28.036 1.896
8.723 21.500 0.455
13.134 22.171 2.289
10.317 18.870 0.963
16.252 22.566 2.019
11.015 22.264 2.187
11.721 27.008 1.399
2.342 8.576 0.348
2.446 16.303 0.730
17.616 19.382 0.765
17.207 21.315 0.329
23.099 30.962 1.010
6.187 19.183 0.247
7.409 21.010 0.017
21.576 30.717 0.247
10.344 22.115 2.079
6.235 18.447 0.696
8.697 25.977 0.953
23.565 27.256 0.895
20.277 22.793 1.690
2.288 26.872 1.732
17.859 24.535 0.827
2.643 8.760 0.955
9.607 16.132 2.101
8.689 16.542 0.355
5.104 10.934 0.626
4.829 7.262 0.771
14.053 28.190 2.216
12.501 17.540 2.100
13.494 26.061 1.086
6.961 15.187 2.154
8.387 27.263 1.892
17.637 19.549 1.829
7.307 29.917 0.666
24.065 29.320 1.190
7.173 19.956 2.118
2.619 6.550 1.900
7.914 23.079 0.883
14.423 17.608 0.993
27.299 27.489 0.172
25.614 29.914 0.947
5.254 16.283 0.234
18.982 29.101 1.213
23.441 27.529 0.624
24.373 30.816 0.343
15.075 16.611 0.508
5.730 10.971 0.455
5.587 21.564 2.201
20.686 27.915 0.677
22.012 30.508 2.119
23.641 24.950 0.596
1.733 7.844 2.079
24.997 30.776 0.827
10.684 24.832 0.762
24.851 28.011 0.874
18.890 25.055 0.614
14.780 28.040 1.845
20.897 29.453 1.119
15.653 21.400 0.641
1.516 24.506 2.096
10.317 15.199 0.649
9.088 28.420 0.115
6.967 11.243 0.929
24.508 29.898 1.399
5.512 25.175 1.039
12.133 27.599 1.464
