1.223 2.522 0.947
8.249 9.885 0.595
2.744 13.371 0.435
9.160 12.038 0.110
0.674 3.914 2.211
6.786 12.443 2.214
10.544 12.901 0.940
4.962 13.494 1.515
11.342 12.000 0.651
7.395 12.423 0.114
5.063 11.934 2.195
2.410 7.326 0.953
7.478 9.364 1.859
1.263 5.722 0.907
3.801 13.637 1.896
3.738 10.296 0.455
5.629 10.986 2.289
4.422 9.085 0.963
6.965 11.014 2.019
4.721 11.028 2.187
5.023 13.085 1.399
1.004 4.189 0.348
1.048 8.016 0.730
7.550 8.845 0.765
7.374 9.751 0.329
9.900 14.977 1.010
2.651 9.179 0.247
3.175 9.996 0.017
9.247 14.830 0.247
4.433 10.940 2.079
2.672 8.934 0.696
3.727 12.572 0.953
10.099 12.707 0.895
8.690 10.803 1.690
0.981 13.120 1.732
7.654 11.578 0.827
1.133 4.520 0.955
4.117 8.232 2.101
3.724 7.809 0.355
2.187 5.323 0.626
2.070 3.636 0.771
6.023 13.710 2.216
5.357 8.809 2.100
5.783 12.554 1.086
2.983 7.874 2.154
3.594 13.284 1.892
7.559 9.428 1.829
3.132 14.473 0.666
10.314 13.977 1.190
3.074 10.010 2.118
1.122 3.941 1.900
3.392 11.174 0.883
6.181 8.275 0.993
11.700 11.888 0.172
10.978 14.247 0.947
2.252 7.781 0.234
8.135 14.007 1.213
10.046 12.833 0.624
10.445 14.877 0.343
6.461 7.504 0.508
2.456 5.242 0.455
2.394 10.770 2.201
8.866 13.253 0.677
9.434 14.753 2.119
10.132 11.178 0.596
0.743 4.628 2.079
10.713 14.850 0.827
4.579 11.953 0.762
10.650 13.030 0.874
8.096 11.747 0.614
6.334 13.596 1.845
8.956 14.152 1.119
6.708 10.006 0.641
0.650 12.094 2.096
4.422 7.169 0.649
3.895 13.699 0.115
2.986 5.521 0.929
10.503 14.330 1.399
2.362 12.237 1.039
5.200 13.371 1.464
2.093 14.552 0.742
8.513 14.173 0.454
0.568 2.736 1.709
1.570 9.077 0.189
6.827 9.574 1.226
0.926 2.489 0.701
4.935 7.698 0.308
9.848 12.088 1.170
11.855 14.090 2.108
3.413 9.730 1.626
3.537 9.933 0.793
9.733 11.198 1.190
9.951 11.617 1.275
6.115 13.143 2.177
5.687 14.329 1.038
6.586 14.124 0.840
7.917 11.650 0.282
1.349 9.101 0.644
9.495 14.339 0.849
8.932 11.798 1.067
5.305 9.817 1.348
7.584 11.827 1.282
10.040 10.511 0.427
1.311 4.420 0.093
3.072 11.788 0.944
5.313 10.723 0.306
10.281 12.762 1.855
11.086 12.264 0.721
7.282 14.658 0.024
6.447 7.432 0.890
2.845 10.876 2.037
1.831 8.897 0.038
11.001 13.063 1.501
4.867 7.856 2.221
4.795 8.991 1.164
3.941 7.792 1.438
3.479 13.957 1.227
5.737 12.231 0.755
5.524 10.222 1.340
11.068 13.775 0.278
