24.089 26.800 0.415
15.868 37.241 0.434
35.947 37.997 1.859
20.977 29.525 2.136
30.866 33.250 0.251
9.478 20.539 1.545
35.911 38.282 1.164
20.036 31.579 1.604
10.523 38.927 2.032
2.640 11.221 1.968
17.371 31.457 0.367
23.726 36.409 1.475
31.646 38.211 1.474
34.763 36.937 2.129
1.456 33.852 1.987
24.513 33.428 1.728
20.211 32.511 0.585
35.261 38.443 0.551
34.632 37.258 0.906
25.769 36.944 1.850
31.718 32.640 0.069
4.754 8.578 0.240
35.043 38.218 0.875
18.942 22.668 0.326
25.846 33.563 1.980
19.698 34.799 0.610
13.837 33.969 0.561
24.376 35.645 0.326
11.032 22.516 1.272
5.340 11.753 1.614
35.840 38.722 1.944
5.622 26.610 0.542
4.332 16.436 1.256
31.873 37.603 1.890
21.949 24.121 0.754
25.151 30.906 1.856
25.954 31.827 1.709
34.660 36.230 1.498
17.646 24.506 0.274
19.305 30.108 1.887
5.822 18.691 1.548
1.392 3.956 0.263
21.963 25.989 1.275
28.396 30.511 1.200
1.561 10.678 1.608
31.091 38.507 2.277
1.319 30.057 0.234
7.805 36.156 0.124
29.270 33.365 1.144
11.778 35.192 1.491
10.575 26.519 1.489
19.967 26.567 0.771
14.446 19.701 1.194
13.737 24.620 0.353
1.689 12.613 1.882
5.110 30.255 0.086
28.474 38.767 1.522
29.207 31.982 1.913
34.354 37.235 1.842
2.634 28.355 0.030
22.003 38.645 1.976
11.406 35.027 2.055
0.981 3.578 1.465
20.989 22.638 0.034
12.629 15.477 1.882
31.743 32.632 0.477
12.414 20.079 1.045
31.943 34.972 0.109
10.233 31.740 1.416
32.101 36.562 1.886
16.741 26.576 1.398
7.101 31.690 0.457
25.366 28.655 0.860
35.069 37.673 0.709
13.588 25.662 0.451
4.567 10.377 0.677
20.037 31.071 1.693
0.995 13.718 1.313
12.257 23.664 2.130
7.606 37.853 0.500
2.304 14.727 0.831
14.729 33.916 0.317
16.097 35.832 1.817
27.184 31.596 0.543
16.016 31.358 0.347
26.933 31.328 1.389
9.475 35.188 1.208
26.277 26.922 0.437
11.099 28.083 1.003
12.852 30.156 0.630
13.721 24.573 0.755
33.811 37.476 1.994
29.762 34.348 1.916
25.392 31.468 1.412
8.429 26.283 1.813
6.101 17.475 0.981
9.981 13.702 2.292
33.396 38.515 1.386
0.478 18.830 1.172
19.684 34.722 0.471
1.660 16.590 2.255
29.989 34.025 1.329
1.160 16.605 0.900
29.398 34.013 1.726
24.814 37.796 0.990
13.874 34.811 1.543
13.787 24.032 0.090
27.607 31.905 0.987
5.185 35.290 0.749
4.446 29.226 0.968
8.137 29.016 0.610
18.424 36.130 1.032
24.633 31.196 1.119
17.596 29.134 1.534
20.144 23.712 0.364
30.816 33.906 1.474
25.696 31.817 1.311
19.092 36.492 0.711
29.175 37.109 1.578
16.480 18.610 1.948
35.693 38.026 1.770
34.399 38.312 0.066
3.293 13.011 0.681
0.334 13.100 0.578
13.732 36.776 2.161
35.830 37.878 1.311
16.866 28.982 1.132
5.530 38.110 1.165
26.020 30.177 0.832
1.879 37.850 1.542
2.902 17.811 1.947
12.837 38.952 2.281
32.816 38.552 2.006
21.635 28.379 0.536
16.493 21.288 0.969
16.299 23.732 0.117
28.452 30.545 1.311
11.134 28.526 1.934
31.727 37.450 0.160
3.004 20.540 1.269
33.742 38.780 1.894
30.534 38.036 0.457
4.455 6.251 1.328
26.888 36.189 1.410
34.193 37.785 1.829
12.988 30.410 1.386
15.290 19.097 0.281
24.387 37.633 1.931
11.379 35.289 0.463
2.085 26.271 0.069
1.191 22.815 0.042
9.884 32.453 2.096
16.851 27.285 1.217
32.735 38.658 2.158
6.049 11.532 0.475
10.759 32.096 2.001
3.965 25.578 0.977
32.372 37.845 0.859
26.598 33.382 1.087
19.968 34.008 2.178
14.993 33.579 1.096
29.364 37.732 1.103
24.071 33.996 1.954
9.987 17.476 0.634
6.906 27.239 0.247
1.477 27.465 2.298
5.950 8.305 0.414
34.027 37.716 0.761
21.188 30.139 1.839
11.300 26.720 1.988
28.201 31.901 0.702
26.377 27.477 1.021
17.069 18.371 0.841
33.476 38.455 1.080
22.334 27.079 1.961
11.756 33.779 0.528
1.550 2.953 1.126
12.639 30.703 1.648
17.734 24.898 0.187
11.543 31.215 0.638
27.584 30.101 0.580
24.916 30.974 0.997
15.552 23.268 1.768
32.775 36.303 2.166
9.797 15.078 1.986
1.875 33.958 0.578
12.593 20.252 1.362
3.764 37.075 1.340
9.134 13.939 0.726
5.800 32.228 1.248
7.558 23.904 2.267
6.236 13.765 0.222
35.784 38.279 0.424
11.145 35.263 1.162
19.996 33.388 2.151
19.843 23.467 0.186
21.762 31.248 0.652
1.076 26.659 2.290
26.376 36.225 1.564
32.935 36.855 1.100
20.555 36.796 0.939
17.951 38.908 0.445
23.622 32.947 1.827
23.465 36.976 0.101
25.156 28.891 2.001
4.617 7.476 1.622
16.515 25.974 1.408
15.910 23.061 1.094
1.897 37.359 0.124
11.406 32.409 0.431
31.299 33.504 1.075
6.057 27.486 1.282
35.455 37.344 1.634
29.706 30.800 0.211
23.906 29.484 1.650
31.568 37.909 0.355
30.377 37.943 0.463
26.962 33.372 1.433
1.156 24.144 0.040
0.152 25.346 0.934
16.540 35.364 0.968
20.020 36.103 1.154
7.304 34.511 1.881
21.279 27.686 2.207
35.891 38.292 1.402
5.644 10.248 1.448
6.312 37.320 1.265
25.241 26.912 1.351
9.840 17.450 1.792
17.118 38.657 0.572
32.228 35.367 1.074
27.496 28.284 0.085
4.714 20.112 2.221
17.789 23.116 1.577
26.038 28.168 1.419
2.135 21.825 1.026
34.613 38.834 0.081
8.422 38.341 0.651
19.372 24.699 2.091
2.357 17.317 0.421
35.049 38.629 0.584
23.274 37.942 1.379
11.432 13.949 1.709
31.828 33.737 1.006
10.759 16.188 0.795
31.703 33.424 1.116
19.530 28.398 0.400
16.799 26.743 0.968
19.062 25.573 0.584
32.258 34.496 0.264
9.590 15.165 0.178
30.853 32.444 1.180
28.108 35.551 0.757
32.061 37.350 1.338
7.018 20.202 0.662
6.164 26.365 0.453
31.445 37.743 0.365
18.407 27.944 0.322
22.281 35.214 0.396
19.139 29.520 0.305
26.220 38.348 1.733
11.415 29.021 1.589
19.599 28.599 1.417
24.312 29.419 0.474
20.449 25.678 0.744
16.639 19.410 1.394
31.112 34.541 2.033
16.378 38.190 2.074
0.678 30.594 0.787
2.487 24.704 1.121
32.896 36.836 0.751
34.229 37.485 1.936
25.443 31.319 0.313
9.350 37.573 2.172
9.207 15.370 0.924
14.876 22.242 1.916
15.891 25.769 1.628
11.283 38.560 2.296
1.325 37.416 2.254
27.133 30.365 0.620
20.948 24.632 0.029
33.152 37.464 0.446
27.378 37.439 0.918
28.918 38.659 0.533
24.387 28.943 0.948
0.078 16.879 0.046
29.509 33.068 0.561
2.086 3.851 0.289
35.197 36.780 1.192
2.104 24.726 1.681
22.787 28.974 0.716
4.623 36.312 0.480
32.610 36.848 0.342
18.905 34.749 0.369
26.202 37.393 1.690
22.110 32.158 1.938
3.169 30.365 1.413
3.455 17.086 1.438
22.137 30.007 1.696
22.311 34.814 1.881
1.214 22.274 0.119
17.529 20.149 1.168
28.711 31.131 2.253
22.782 35.768 1.373
2.147 13.722 0.065
21.868 29.278 1.423
27.324 37.070 2.229
35.351 38.060 1.874
19.870 30.214 0.297
21.946 33.417 2.124
9.820 23.803 1.169
21.356 30.749 2.034
5.759 22.942 1.728
28.160 37.451 1.689
31.621 35.407 1.473
9.528 28.726 0.110
0.552 36.717 1.890
27.355 32.714 2.207
31.209 33.389 0.156
6.366 20.164 1.655
20.526 28.892 1.512
0.533 37.811 1.156
22.344 36.354 1.169
30.905 32.291 1.071
5.337 35.954 1.580
3.645 4.721 0.927
23.375 38.973 2.211
11.738 37.003 1.055
28.908 33.399 0.579
22.315 32.870 1.885
6.029 32.457 0.809
22.174 36.756 1.741
20.708 37.629 0.476
13.389 35.679 1.015
20.059 26.050 1.183
15.399 32.018 0.574
26.853 33.449 1.241
24.187 32.984 0.981
20.103 38.144 0.003
3.521 35.234 1.404
6.338 8.868 1.662
10.313 16.453 1.054
19.163 38.789 1.526
22.383 28.660 0.244
11.840 18.828 0.055
34.921 37.221 0.037
23.049 31.286 1.129
33.987 38.791 1.385
2.402 25.882 1.130
2.291 3.893 1.035
10.174 17.242 1.543
8.447 25.181 1.398
29.435 35.845 1.900
4.612 32.734 2.211
23.084 27.343 0.770
13.317 20.264 1.629
7.363 37.889 2.005
2.826 5.589 0.158
24.083 33.805 2.222
12.173 31.470 0.512
