1.924 10.220 1.095
0.851 6.393 1.896
0.641 3.781 1.642
7.795 10.796 1.629
1.685 2.675 0.959
6.005 8.169 0.240
2.489 4.821 2.084
2.017 4.541 0.397
1.228 10.029 1.303
7.513 10.322 0.411
5.164 10.595 1.379
3.644 9.179 1.935
1.206 7.359 1.336
3.376 8.407 1.980
4.629 7.094 1.127
3.176 4.171 0.736
6.362 7.072 0.413
3.115 4.827 1.241
1.581 7.767 0.327
3.635 9.155 1.269
3.530 7.360 1.437
6.686 8.542 1.244
7.596 10.048 1.840
7.900 10.717 0.389
4.596 8.959 0.928
5.668 7.265 0.104
2.082 10.156 0.856
5.682 10.606 1.530
3.149 10.325 0.835
2.469 7.686 0.815
2.828 9.311 1.541
5.891 7.939 1.553
1.601 8.180 0.572
7.289 9.583 0.772
0.875 4.450 1.906
4.144 7.922 1.375
5.501 6.113 0.190
0.606 4.335 0.058
2.458 4.932 1.464
3.159 8.504 0.142
5.799 9.536 0.417
4.926 8.857 1.375
0.786 2.382 1.145
7.797 10.933 0.974
5.823 9.700 1.115
5.542 8.141 0.781
0.400 3.609 1.701
0.487 8.875 0.652
1.700 6.556 0.676
0.073 6.077 0.924
4.848 8.269 1.593
2.798 10.629 1.770
4.986 7.290 2.094
4.503 8.128 1.813
2.451 3.260 0.597
4.901 5.820 0.821
0.248 9.609 0.957
7.494 10.274 0.844
4.893 10.451 1.698
4.661 6.312 1.250
6.345 9.492 0.971
4.715 10.064 1.195
5.382 6.154 0.722
2.138 4.746 0.717
6.168 10.473 0.781
0.935 7.830 1.524
7.152 9.391 0.384
7.216 10.925 1.638
1.579 9.475 1.893
7.627 10.826 1.783
5.030 8.862 0.389
2.120 8.763 0.526
6.305 9.759 0.359
3.848 9.649 0.171
6.843 8.302 0.262
4.587 9.710 0.993
1.535 10.961 1.528
0.123 8.065 1.360
1.393 4.145 0.151
5.413 9.304 1.762
