3.849 18.539 1.199
1.703 10.944 2.076
1.282 5.987 1.799
15.590 19.660 1.785
3.370 4.479 1.050
12.010 15.400 0.262
4.978 7.753 2.283
4.033 8.316 0.435
2.456 18.153 1.427
15.025 19.003 0.450
10.329 19.259 1.511
7.287 16.442 2.119
2.412 13.059 1.464
6.753 14.910 2.169
9.257 12.919 1.234
6.351 7.627 0.806
12.724 13.656 0.452
6.231 8.470 1.359
3.163 14.139 0.359
7.269 16.568 1.390
7.061 13.142 1.574
13.372 15.785 1.362
15.191 18.301 2.015
15.799 19.606 0.426
9.191 16.351 1.017
11.336 13.892 0.114
4.163 18.440 0.938
11.363 19.276 1.675
6.297 18.771 0.914
4.938 13.915 0.893
5.657 16.777 1.687
11.782 14.391 1.701
3.203 14.833 0.627
14.578 17.793 0.846
1.750 7.119 2.087
8.287 14.269 1.506
11.002 11.910 0.208
1.212 7.925 0.064
4.916 8.443 1.604
6.318 15.614 0.156
11.599 17.569 0.457
9.851 16.059 1.506
1.573 3.679 1.254
15.593 19.900 1.067
11.646 17.717 1.221
11.085 15.073 0.856
0.799 5.602 1.862
0.973 16.053 0.714
3.400 11.827 0.740
0.146 10.727 1.012
9.695 14.873 1.745
5.597 19.281 1.938
9.973 12.680 2.294
9.006 14.476 1.986
4.902 5.942 0.654
9.801 10.874 0.900
0.497 17.378 1.048
14.988 18.885 0.924
9.785 18.959 1.859
9.322 11.426 1.369
12.691 17.443 1.063
9.431 18.297 1.309
10.764 11.641 0.790
4.277 8.529 0.786
12.336 19.114 0.855
1.870 13.892 1.669
14.303 17.550 0.421
14.432 19.869 1.794
3.158 17.008 2.074
15.254 19.694 1.952
10.059 16.355 0.427
4.240 15.934 0.576
12.610 17.998 0.393
7.695 17.656 0.187
13.685 15.826 0.287
9.173 17.683 1.088
3.070 19.924 1.674
0.246 14.368 1.490
2.786 7.640 0.166
10.826 16.788 1.930
5.940 10.585 1.793
10.212 12.638 0.533
15.537 16.272 0.648
12.308 13.002 0.349
0.148 13.216 0.802
5.492 12.091 0.953
1.451 14.799 1.254
5.408 18.381 1.512
8.568 10.425 1.311
7.452 13.150 0.598
13.813 15.376 1.119
9.053 17.936 1.632
13.828 17.019 1.956
13.830 18.814 1.483
13.258 19.362 1.761
14.533 18.390 2.099
7.043 11.790 0.248
13.169 15.146 0.984
0.014 15.817 1.512
1.020 8.467 0.207
10.942 13.909 1.858
2.286 8.490 0.111
0.297 13.850 2.250
0.858 13.823 2.103
6.907 10.120 0.048
6.271 17.334 1.504
0.365 4.720 1.900
10.148 19.858 1.266
7.415 11.545 0.494
12.515 16.521 0.788
9.728 19.844 0.236
12.093 15.891 0.347
11.386 18.582 2.297
10.266 19.552 1.429
11.011 16.397 0.667
4.646 15.946 1.261
3.943 12.491 1.257
15.233 19.242 1.541
9.974 18.189 1.025
11.929 15.389 2.275
10.072 16.797 2.093
14.694 17.885 1.163
7.196 19.359 2.045
2.927 6.855 0.580
11.688 17.695 2.165
0.662 2.753 1.475
8.902 14.549 1.252
0.982 5.410 2.291
9.615 11.505 0.116
10.564 14.068 0.765
10.457 15.077 0.944
3.546 7.586 1.561
7.961 17.855 1.168
6.961 11.395 0.010
6.014 17.636 0.296
11.733 17.782 2.050
10.409 17.763 1.183
11.795 16.793 2.201
5.812 18.672 0.258
13.140 14.817 1.046
13.911 15.832 1.751
6.667 9.577 2.153
2.638 5.097 0.486
9.458 16.080 0.272
9.282 17.549 1.588
14.650 17.328 1.540
12.942 19.985 0.870
12.360 14.053 0.470
6.212 14.397 0.417
3.130 8.128 2.208
6.108 8.401 0.699
3.171 16.173 0.106
12.177 14.213 2.026
7.178 17.650 0.981
7.382 17.123 1.138
3.816 6.484 1.287
14.752 19.544 2.056
0.954 13.407 1.129
11.955 15.307 1.739
14.559 17.103 1.822
