26.324 37.979 2.142
28.419 30.428 1.547
13.333 28.236 2.141
28.335 38.555 1.009
22.272 26.096 1.453
23.036 34.694 0.668
25.813 33.350 0.250
15.586 29.549 0.592
13.872 15.950 1.289
34.789 37.906 1.327
1.494 25.778 0.198
19.789 22.991 1.386
9.565 37.138 0.879
32.135 34.254 1.627
9.133 38.788 2.024
9.252 15.502 0.993
2.163 29.886 1.533
18.199 31.238 1.668
26.018 35.641 1.542
29.722 32.842 1.594
18.364 37.945 0.311
30.421 34.162 1.029
6.088 25.294 1.141
25.898 30.400 0.176
28.552 37.713 1.275
24.389 26.147 0.046
14.770 27.264 0.908
21.321 28.300 2.066
8.265 30.800 2.272
18.758 21.638 1.647
10.914 33.324 2.183
34.517 37.152 2.208
28.704 30.553 1.446
32.095 37.891 0.169
26.213 35.505 1.636
27.283 30.467 1.700
19.643 25.004 2.142
8.562 29.266 2.217
34.466 37.351 1.084
18.975 36.388 1.691
18.149 22.284 0.603
19.284 29.029 1.579
9.072 32.330 1.937
14.675 21.054 0.764
6.444 38.298 1.803
0.285 4.611 1.566
1.129 13.424 0.288
25.125 28.001 0.032
8.326 20.187 1.830
33.886 37.267 2.195
16.506 30.191 2.142
6.287 16.764 0.630
15.486 19.587 0.574
2.398 22.601 1.871
28.260 31.268 1.192
32.414 37.339 0.157
17.128 29.455 1.508
17.035 33.052 2.295
10.787 24.574 0.741
26.500 35.622 0.353
28.250 35.895 0.234
18.877 27.045 1.858
8.084 13.145 1.479
9.991 29.027 0.350
29.954 37.592 1.384
26.796 36.720 0.732
14.462 20.618 2.209
15.635 19.137 1.588
5.184 26.213 1.132
5.186 38.316 0.637
4.138 11.910 1.936
13.322 37.791 1.041
19.246 25.453 0.226
34.404 38.261 1.787
32.033 34.645 2.115
0.825 37.543 1.138
24.494 32.663 0.884
8.763 13.133 0.680
22.181 27.584 2.062
33.291 37.988 1.523
22.548 33.587 1.863
12.994 19.840 0.466
30.121 34.300 0.128
19.362 33.182 1.046
11.443 16.228 0.256
26.004 38.592 0.728
19.620 25.834 0.558
29.815 36.383 0.415
27.045 28.388 0.512
30.844 33.075 1.427
12.147 36.932 1.801
10.565 22.175 1.721
30.150 31.584 0.139
7.744 25.678 1.642
9.429 26.678 0.716
5.950 21.824 2.152
20.610 27.601 0.895
25.098 33.448 0.249
7.497 35.120 2.246
0.133 37.440 1.104
21.882 33.677 1.109
13.250 21.963 2.188
6.576 37.947 2.281
14.511 24.027 1.923
29.356 38.815 1.845
12.007 37.560 0.637
11.199 21.596 0.001
1.013 19.727 2.167
33.857 37.512 0.969
8.693 25.059 0.863
32.937 35.537 0.512
25.162 29.412 1.937
33.679 35.887 0.893
13.665 18.430 0.862
18.087 33.339 1.975
26.750 31.123 1.155
2.535 23.726 1.791
30.144 34.574 1.453
0.726 22.102 1.625
12.042 18.682 1.538
14.801 18.744 1.449
25.239 35.412 0.044
7.483 23.277 1.090
1.350 28.462 0.261
27.418 38.038 1.134
27.049 34.894 1.635
14.415 27.584 1.722
9.869 37.067 0.242
23.831 38.095 1.866
22.703 33.547 1.271
22.361 31.095 0.207
33.644 36.744 1.043
19.349 26.015 1.954
34.222 37.031 1.413
11.147 31.564 0.514
30.547 35.987 2.228
21.293 37.120 0.897
11.078 20.086 0.049
19.020 24.264 1.832
12.137 25.511 1.573
19.302 38.925 2.103
24.323 36.913 1.490
35.675 38.708 1.529
20.277 37.259 1.555
27.186 30.669 1.132
5.162 37.448 1.798
27.263 33.290 0.426
32.380 37.114 1.929
35.687 37.653 0.211
16.846 35.621 0.779
33.764 38.798 1.098
1.169 11.624 1.019
5.528 20.431 1.229
14.764 32.028 1.683
9.059 31.218 0.285
0.817 30.149 1.921
12.139 26.564 1.861
11.600 31.552 2.256
28.129 35.698 0.645
1.347 21.008 0.253
23.402 25.804 2.230
34.440 35.401 0.379
27.719 37.030 1.521
35.157 38.606 0.254
33.824 38.842 0.749
34.695 37.869 1.841
28.851 36.350 0.853
25.563 27.189 1.356
0.497 35.269 0.363
1.725 35.044 0.576
7.570 9.662 0.120
5.219 14.562 2.033
16.224 37.716 1.527
9.028 36.565 1.724
2.294 6.107 0.721
30.300 34.337 2.165
21.170 29.178 0.834
11.875 18.189 0.326
20.126 38.416 2.097
14.305 29.757 0.099
28.448 30.639 1.543
25.268 34.065 2.129
6.537 38.658 1.506
11.388 36.723 0.164
20.978 38.268 2.007
33.091 38.547 1.616
16.758 21.096 1.131
21.050 22.637 1.509
27.017 28.735 0.461
5.333 17.703 1.409
25.287 30.399 1.758
24.110 33.586 0.130
35.730 36.819 0.566
22.258 25.548 1.991
15.864 22.432 0.191
5.788 38.279 0.249
8.165 38.319 0.969
18.386 22.139 2.183
4.302 25.223 1.838
27.814 32.635 0.215
5.035 7.729 1.572
9.182 23.831 1.409
24.546 31.387 1.248
33.406 37.339 1.986
2.640 20.383 0.579
25.308 37.255 0.511
18.324 20.204 1.822
23.016 35.919 0.166
30.352 32.178 1.204
5.319 18.094 1.329
18.783 23.435 2.178
32.705 38.625 1.956
20.994 32.992 2.113
23.688 27.796 1.807
28.481 34.831 2.000
13.018 21.159 1.786
7.526 32.946 1.986
25.016 26.309 0.647
18.092 21.021 0.848
12.259 26.611 1.095
21.383 31.903 1.468
17.313 24.286 1.382
22.225 37.395 1.355
6.010 30.796 1.627
1.849 11.025 0.701
3.237 13.957 2.259
2.713 19.602 1.791
28.782 29.867 0.600
7.864 14.182 0.987
26.138 36.114 0.936
31.751 35.125 0.929
21.683 27.798 1.224
33.597 37.103 1.901
5.805 26.938 0.369
33.273 36.779 0.170
15.970 32.462 0.230
7.195 16.074 0.095
28.784 30.951 1.182
30.913 38.076 0.586
30.342 38.444 0.367
30.077 35.728 1.792
12.134 26.346 1.428
32.960 38.689 0.528
13.881 27.654 0.351
32.125 35.007 0.041
17.514 28.101 0.501
34.651 38.189 0.653
4.503 19.048 1.008
16.179 20.664 0.014
26.459 34.585 0.519
24.197 37.346 1.326
6.779 35.117 0.806
31.193 35.212 2.018
21.724 32.211 1.947
4.909 23.185 1.549
11.020 20.955 1.106
3.421 5.204 0.209
13.577 18.704 0.570
27.808 35.384 0.468
17.500 37.968 1.235
5.032 9.016 0.974
27.919 34.469 0.983
31.065 36.394 1.410
19.678 26.483 1.411
9.497 25.129 1.672
19.079 34.464 0.814
20.697 36.086 1.114
26.310 34.133 0.523
1.156 25.848 0.405
12.206 22.446 2.250
28.840 33.448 0.889
4.312 12.325 2.186
28.317 31.743 0.494
6.082 26.375 0.475
24.015 28.659 1.680
2.264 8.567 2.292
23.263 29.615 2.147
13.274 30.040 0.984
1.730 19.940 1.357
12.415 25.989 1.363
22.563 31.938 0.189
20.467 37.461 1.604
33.832 38.008 2.228
11.069 17.506 1.128
35.030 37.857 1.040
29.878 34.733 0.362
0.928 21.694 1.079
23.243 37.951 1.040
10.730 31.108 1.911
0.608 10.209 1.844
10.315 18.808 1.939
3.437 5.230 0.143
22.406 37.477 0.596
30.822 36.961 0.387
35.740 36.853 0.886
26.430 28.806 1.614
32.678 37.437 1.856
23.614 23.874 0.135
33.392 35.931 1.476
3.946 24.334 0.080
6.418 25.507 1.339
5.450 22.775 2.016
6.504 28.787 0.930
33.093 35.379 1.950
29.671 38.757 0.456
16.057 26.193 1.558
12.924 31.989 1.037
16.409 34.232 1.349
6.461 33.171 0.945
18.625 20.909 1.216
20.029 32.443 0.030
19.445 32.986 0.993
34.931 37.015 0.354
9.210 36.664 0.612
33.386 36.945 0.988
5.715 10.513 0.608
26.097 29.409 1.562
18.210 33.983 0.568
7.496 31.787 2.204
18.903 21.552 0.811
26.683 31.997 0.073
2.780 19.400 0.436
1.027 15.854 0.494
28.207 31.081 0.274
25.347 32.315 1.318
7.064 35.163 1.600
12.894 17.299 0.484
2.694 14.850 1.878
19.702 31.022 1.768
13.140 21.850 1.260
33.555 38.693 1.029
6.529 25.412 1.077
23.499 34.551 2.223
3.514 33.412 0.862
35.934 36.677 0.127
16.971 23.489 2.095
35.357 37.337 0.866
18.071 27.082 1.799
8.294 11.830 0.975
12.992 18.432 0.649
8.393 13.552 2.249
6.345 21.080 1.237
5.477 33.005 0.709
0.414 9.044 1.850
22.160 33.047 1.298
13.985 27.294 2.087
32.867 37.187 2.013
17.427 35.712 0.451
12.226 24.782 1.507
0.285 8.064 1.690
27.451 32.859 1.503
2.351 18.363 1.310
14.816 30.012 1.111
5.670 32.429 0.835
2.362 10.566 1.996
35.554 38.957 0.335
29.845 33.468 1.800
1.989 31.790 2.255
7.274 21.938 0.252
9.354 30.779 1.460
