2.446 4.041 0.947
16.498 18.768 0.595
5.487 24.096 0.435
18.319 22.571 0.110
1.348 5.551 2.211
13.571 22.221 2.214
21.088 24.032 0.940
9.924 24.251 1.515
22.685 23.344 0.651
14.790 22.840 0.114
10.127 21.187 2.195
4.821 13.003 0.953
14.955 16.864 1.859
2.526 9.958 0.907
7.603 24.436 1.896
7.477 18.699 0.455
11.258 19.375 2.289
8.844 16.424 0.963
13.930 19.678 2.019
9.441 19.455 2.187
10.046 23.528 1.399
2.008 7.480 0.348
2.096 14.232 0.730
15.099 16.748 0.765
14.748 18.424 0.329
19.799 26.965 1.010
5.303 16.682 0.247
6.350 18.257 0.017
18.493 26.746 0.247
8.866 19.321 2.079
5.344 16.069 0.696
7.455 22.626 0.953
20.199 23.618 0.895
17.380 19.795 1.690
1.961 23.434 1.732
15.307 21.296 0.827
2.265 7.700 0.955
8.235 14.157 2.101
7.447 14.359 0.355
4.375 9.532 0.626
4.139 6.356 0.771
12.046 24.570 2.216
10.715 15.358 2.100
11.566 22.685 1.086
5.966 13.359 2.154
7.189 23.768 1.892
15.118 17.019 1.829
6.263 26.056 0.666
20.627 25.484 1.190
6.148 17.469 2.118
2.245 5.898 1.900
6.783 20.103 0.883
12.362 15.275 0.993
23.399 23.589 0.172
21.955 25.997 0.947
4.504 14.158 0.234
16.271 25.327 1.213
20.092 23.855 0.624
20.891 26.832 0.343
12.921 14.334 0.508
4.911 9.539 0.455
4.789 18.866 2.201
17.731 24.249 0.677
18.867 26.570 2.119
20.264 21.507 0.596
1.485 7.040 2.079
21.426 26.794 0.827
9.158 21.612 0.762
21.301 24.266 0.874
16.191 21.728 0.614
12.668 24.429 1.845
17.912 25.628 1.119
13.417 18.551 0.641
1.299 21.403 2.096
8.844 13.191 0.649
7.790 24.739 0.115
5.972 9.812 0.929
21.007 26.006 1.399
4.724 21.941 1.039
10.400 24.042 1.464
4.187 26.188 0.742
17.026 25.695 0.454
1.135 3.715 1.709
3.140 16.412 0.189
13.655 17.533 1.226
1.852 4.129 0.701
9.870 14.412 0.308
19.695 22.514 1.170
23.711 25.963 2.108
6.826 17.187 1.626
7.074 17.914 0.793
19.467 21.084 1.190
19.901 21.780 1.275
12.230 23.513 2.177
11.374 25.817 1.038
13.172 25.498 0.840
15.833 21.638 0.282
2.698 16.270 0.644
18.991 25.984 0.849
17.864 21.833 1.067
10.610 17.659 1.348
15.169 21.542 1.282
20.080 20.570 0.427
2.622 8.101 0.093
6.143 21.177 0.944
10.626 19.674 0.306
20.563 23.418 1.855
22.172 23.481 0.721
14.565 26.448 0.024
12.894 13.948 0.890
5.690 19.145 2.037
3.662 16.170 0.038
22.001 24.288 1.501
9.733 13.415 2.221
9.590 16.201 1.164
7.882 13.754 1.438
6.959 25.094 1.227
11.474 22.193 0.755
11.048 18.420 1.340
22.135 25.462 0.278
3.568 6.688 0.569
2.449 23.014 1.586
11.778 22.086 1.044
10.044 13.052 1.472
19.934 26.241 0.848
12.481 19.551 2.213
17.417 21.910 1.450
19.522 21.835 1.961
17.846 20.640 0.833
19.655 22.976 1.803
13.517 15.544 0.402
18.170 21.323 0.952
4.103 10.577 1.252
7.647 20.559 0.518
16.762 23.898 1.542
1.345 25.811 0.758
7.697 11.435 0.708
8.845 26.319 0.636
5.669 19.222 0.600
18.145 21.522 1.340
17.092 24.390 0.777
0.518 17.815 1.611
3.033 13.187 1.656
12.575 21.925 1.988
11.884 22.062 0.071
13.284 21.481 0.804
18.343 18.400 0.052
13.127 18.277 1.721
19.057 25.337 1.921
7.115 15.917 1.239
2.443 5.627 0.896
16.037 23.727 0.372
16.098 25.971 1.699
18.158 21.463 1.310
2.675 20.680 0.614
23.459 25.101 1.122
19.229 22.856 1.410
11.583 18.782 2.297
22.752 25.617 0.507
13.817 26.099 0.335
10.990 13.175 1.477
15.738 18.401 1.708
15.618 18.637 0.459
17.571 25.244 2.287
21.439 26.535 1.260
20.853 25.675 1.417
17.546 24.780 0.349
3.667 18.364 0.931
17.203 26.101 1.909
1.529 17.264 0.908
11.714 23.606 1.038
13.891 21.856 0.772
8.648 11.727 1.724
2.295 5.585 2.293
9.520 16.919 0.249
10.414 18.267 0.620
5.400 19.477 0.601
21.434 25.048 2.022
9.881 26.410 0.534
17.745 24.654 0.786
14.481 25.827 1.429
16.380 18.018 0.542
12.760 21.559 1.646
0.363 13.211 1.175
23.301 26.508 2.046
5.900 11.701 0.238
11.191 13.294 1.396
9.268 26.968 0.268
17.758 17.892 0.094
16.326 24.514 2.200
18.021 24.216 0.325
14.706 26.742 1.525
1.707 23.782 2.087
15.084 22.806 2.045
3.653 17.932 2.067
6.311 19.399 0.404
20.024 26.232 1.542
10.765 22.250 2.261
17.010 25.186 0.134
17.926 25.875 2.241
7.539 11.753 0.271
7.003 24.194 2.180
5.994 24.255 0.497
10.341 25.847 0.473
18.080 21.983 0.897
13.391 26.284 1.451
17.670 22.332 1.693
13.205 22.707 2.255
7.864 20.237 0.989
16.696 23.957 1.127
6.440 8.006 0.241
3.355 8.473 1.044
15.516 20.018 1.971
19.622 26.506 1.437
2.454 14.951 0.585
16.827 19.384 1.619
8.928 26.339 1.108
2.372 5.615 1.045
12.498 24.119 0.750
19.780 24.592 1.697
1.241 26.769 0.431
10.253 22.747 1.480
21.618 26.709 1.939
11.592 23.102 1.104
18.185 24.974 0.883
6.576 8.022 0.835
19.734 23.878 1.743
5.383 11.266 0.190
15.017 20.114 1.765
6.113 22.094 1.115
13.486 23.139 0.800
23.211 24.916 0.924
21.333 25.307 1.362
8.337 24.137 1.843
19.560 21.059 0.974
15.178 24.023 2.260
11.983 20.685 0.424
5.721 13.279 1.983
23.750 26.185 1.886
7.721 20.713 0.917
