2.027 7.397 1.435
3.833 11.501 0.845
9.629 13.336 1.856
7.333 14.420 1.836
1.738 7.941 1.449
3.044 13.314 0.314
0.794 9.359 0.984
3.627 7.169 1.261
3.736 12.887 0.254
1.617 12.303 0.654
10.743 14.375 1.816
7.383 14.027 0.831
2.742 7.085 1.986
2.995 14.837 1.248
0.646 8.266 0.187
5.122 7.839 0.218
10.698 11.786 0.535
1.501 4.554 2.143
0.565 5.511 0.135
10.976 13.238 0.917
11.354 14.199 1.926
10.105 13.013 1.595
3.110 9.364 0.010
11.458 13.008 0.917
7.027 12.666 0.587
11.343 14.709 1.002
0.086 9.920 2.164
9.434 11.364 1.326
2.668 3.598 0.881
5.015 11.669 0.189
10.261 14.133 0.149
7.945 13.922 1.590
6.362 8.947 1.577
8.274 13.877 1.674
0.373 10.511 1.998
8.479 12.166 0.197
11.375 12.470 0.135
1.742 10.820 2.258
3.507 9.073 2.122
8.334 9.798 0.503
2.887 13.933 1.199
1.277 8.498 2.076
0.961 4.863 1.799
11.693 14.803 1.785
2.528 3.621 1.050
9.008 11.589 0.262
3.734 6.363 2.283
3.025 6.319 0.435
1.842 13.655 1.427
11.269 14.277 0.450
7.747 14.478 1.511
5.465 12.510 2.119
1.809 9.952 1.464
5.064 11.432 2.169
6.943 9.919 1.234
4.763 5.914 0.806
9.543 10.347 0.452
4.673 6.668 1.359
2.372 10.636 0.359
5.452 12.531 1.390
5.296 10.094 1.574
10.029 12.111 1.362
11.394 14.032 2.015
11.849 14.716 0.426
6.893 12.358 1.017
8.502 10.439 0.114
3.122 13.855 0.938
8.522 14.501 1.675
4.723 14.100 0.914
3.703 10.532 0.893
4.243 12.690 1.687
8.837 11.159 1.701
2.402 11.175 0.627
10.934 13.447 0.846
1.313 5.755 2.087
6.216 10.913 1.506
8.252 8.980 0.208
0.909 5.954 0.064
3.687 6.676 1.604
4.738 11.723 0.156
8.699 13.212 0.457
7.389 12.216 1.506
1.180 3.058 1.254
11.695 14.933 1.067
8.734 13.385 1.221
8.314 11.435 0.856
0.600 4.588 1.862
0.730 12.078 0.714
2.550 8.965 0.740
0.110 8.170 1.012
7.271 11.416 1.745
4.198 14.489 1.938
7.480 10.053 2.294
6.754 11.161 1.986
3.677 4.615 0.654
7.351 8.376 0.900
0.372 13.071 1.048
11.241 14.227 0.924
7.339 14.277 1.859
6.991 8.884 1.369
9.518 13.191 1.063
7.073 13.783 1.309
8.073 8.926 0.790
3.208 6.548 0.786
9.252 14.363 0.855
1.402 10.573 1.669
10.727 13.211 0.421
10.824 14.917 1.794
2.368 12.861 2.074
11.441 14.824 1.952
7.545 12.307 0.427
3.180 11.989 0.576
9.457 13.527 0.393
5.771 13.251 0.187
10.264 11.919 0.287
6.880 13.327 1.088
2.302 14.945 1.674
0.184 10.891 1.490
2.090 5.760 0.166
8.120 12.805 1.930
