8.909 14.492 1.793
15.318 18.132 0.533
23.305 24.023 0.648
18.461 19.195 0.349
0.222 17.749 0.802
8.238 16.609 0.953
2.176 19.912 1.254
8.112 24.850 1.512
12.851 14.856 1.311
11.179 18.274 0.598
20.720 22.290 1.119
13.580 24.388 1.632
20.741 23.958 1.956
20.745 25.792 1.483
19.887 26.315 1.761
21.800 25.517 2.099
10.564 16.543 0.248
19.753 21.801 0.984
0.021 21.233 1.512
1.529 11.479 0.207
16.413 19.616 1.858
3.429 11.660 0.111
0.445 18.436 2.250
1.288 18.441 2.103
10.361 14.434 0.048
9.407 23.491 1.504
0.548 5.847 1.900
15.222 26.826 1.266
11.122 16.242 0.494
18.772 23.136 0.788
14.592 26.811 0.236
18.140 22.372 0.347
17.079 25.289 2.297
15.400 26.452 1.429
16.516 22.751 0.667
6.969 21.601 1.261
5.914 16.940 1.257
22.849 26.387 1.541
14.961 24.784 1.025
17.893 21.566 2.275
15.107 22.995 2.093
22.041 25.062 1.163
10.793 26.156 2.045
4.390 9.442 0.580
17.532 24.262 2.165
0.992 3.314 1.475
13.352 20.137 1.252
1.473 6.732 2.291
14.422 16.691 0.116
15.846 19.893 0.765
15.686 21.063 0.944
5.319 10.229 1.561
11.941 24.260 1.168
10.442 16.070 0.010
9.022 23.947 0.296
17.599 24.378 2.050
15.614 24.286 1.183
17.692 23.204 2.201
8.718 25.282 0.258
19.709 21.434 1.046
20.867 22.789 1.751
10.000 13.159 2.153
3.957 7.080 0.486
14.187 22.213 0.272
13.922 23.916 1.588
21.976 24.556 1.540
19.413 26.983 0.870
18.540 20.373 0.470
9.318 19.766 0.417
4.695 10.727 2.208
9.161 11.931 0.699
4.756 21.934 0.106
18.265 20.303 2.026
10.767 23.973 0.981
11.072 23.293 1.138
5.724 8.865 1.287
22.129 26.597 2.056
1.431 18.007 1.129
17.933 21.546 1.739
21.838 24.326 1.822
13.268 20.495 0.118
18.969 20.743 1.620
17.562 26.300 1.273
21.013 24.115 1.833
9.479 11.450 1.108
15.647 24.373 0.002
18.149 19.946 0.505
1.381 3.710 1.542
8.301 23.550 1.605
10.470 21.799 2.258
7.087 24.636 1.097
1.903 5.696 0.232
3.432 12.168 2.111
8.972 11.597 1.872
19.541 26.295 0.552
6.156 10.983 0.620
5.505 24.553 1.946
21.305 25.534 1.943
0.981 6.088 0.399
8.542 12.800 1.033
21.467 25.140 1.433
21.880 25.945 1.202
23.984 26.896 2.229
20.165 22.935 0.337
6.825 26.481 0.393
17.804 19.685 1.648
15.481 24.452 1.869
19.636 25.011 0.287
9.002 25.604 1.495
21.352 25.737 0.074
10.773 14.496 0.017
10.043 25.656 0.360
12.041 23.464 0.559
21.757 22.400 0.491
18.508 23.467 0.525
19.353 23.199 1.960
12.934 25.460 2.281
15.525 24.950 0.524
8.905 10.352 0.844
13.471 15.897 0.915
7.798 13.318 2.068
22.564 26.375 0.288
21.455 23.484 1.025
15.234 23.061 1.288
10.168 24.718 0.038
3.351 10.691 0.615
16.360 26.615 1.291
14.573 20.873 1.813
19.641 22.110 1.701
12.397 12.545 0.046
17.960 26.190 0.768
11.094 13.575 1.766
15.143 23.252 0.056
23.258 26.239 1.151
6.383 20.383 1.891
14.333 25.121 0.606
11.042 17.768 1.721
0.348 17.454 1.096
9.693 11.029 0.882
6.932 24.829 1.373
10.372 18.062 2.143
12.795 26.635 0.023
20.765 25.429 1.006
7.991 18.163 1.385
13.431 18.619 0.090
5.593 24.296 2.156
23.139 25.976 1.400
1.835 10.168 0.936
11.966 25.141 0.184
7.302 25.799 1.797
14.122 18.077 0.497
13.457 18.352 2.011
7.234 24.586 1.672
5.546 15.374 0.439
21.368 22.813 1.321
23.886 25.866 0.136
6.166 8.931 0.391
5.556 26.184 1.138
1.183 10.022 0.183
6.714 17.269 1.186
9.895 21.024 2.127
7.012 15.695 1.094
22.832 26.520 1.261
19.066 24.521 1.844
20.882 26.672 0.732
6.430 21.825 2.170
3.063 15.322 1.782
4.222 5.229 0.061
10.915 14.818 1.983
0.347 22.252 0.489
19.133 24.926 1.793
7.170 25.585 1.797
20.211 23.877 0.558
0.552 1.538 0.174
8.549 17.081 1.645
4.330 9.019 0.685
17.877 18.701 0.310
12.615 24.379 0.825
3.812 8.665 2.070
0.702 22.292 0.417
5.981 14.130 1.313
12.958 25.383 1.529
22.381 24.812 2.174
3.678 22.598 1.283
21.483 26.317 0.167
19.738 24.126 0.893
16.127 19.932 1.037
22.787 26.469 2.259
14.275 16.498 0.626
4.751 16.302 1.381
8.528 17.641 0.529
16.603 24.298 2.181
23.582 25.603 0.546
5.660 17.061 2.065
7.835 19.305 1.236
8.077 11.944 0.801
6.964 25.493 0.504
17.752 24.416 1.856
16.481 24.692 0.621
1.546 23.647 1.660
8.198 17.356 0.102
0.499 17.626 1.928
12.974 21.549 1.389
18.657 24.916 1.472
18.239 21.304 1.996
10.164 12.295 1.809
10.521 18.912 0.097
6.462 11.610 0.157
23.569 26.129 1.165
1.704 25.913 0.845
20.642 22.768 0.776
6.949 26.855 0.117
4.139 9.295 0.158
7.222 20.704 1.810
2.008 5.941 0.604
5.221 10.166 1.294
15.175 20.674 0.246
18.212 19.440 0.768
6.780 24.640 1.597
13.622 16.544 1.998
19.090 24.952 2.299
14.853 22.614 1.368
4.662 11.564 2.251
1.015 8.054 0.550
9.763 15.790 1.828
21.601 25.767 0.873
4.956 18.331 0.122
8.496 21.134 0.831
23.425 26.681 0.514
8.327 21.481 2.193
4.840 13.135 0.649
12.768 16.421 0.669
2.391 19.918 0.245
20.251 26.059 1.545
0.138 16.827 1.130
22.448 25.469 0.668
17.926 26.380 2.010
19.922 23.049 1.394
18.822 23.417 0.345
16.537 26.935 0.908
