2.974 5.714 0.569
2.040 19.638 1.586
9.815 18.792 1.044
8.370 11.147 1.472
16.612 22.324 0.848
10.401 16.713 2.213
14.514 18.597 1.450
16.268 18.534 1.961
14.872 17.424 0.833
16.379 19.502 1.803
11.264 13.074 0.402
15.142 18.024 0.952
3.419 9.093 1.252
6.372 17.491 0.518
13.968 20.329 1.542
1.121 21.991 0.758
6.414 9.709 0.708
7.371 22.417 0.636
4.724 16.369 0.600
15.121 18.233 1.340
14.243 20.719 0.777
0.432 15.260 1.611
2.528 11.351 1.656
10.479 18.702 1.988
9.903 18.725 0.071
11.070 18.245 0.804
15.286 15.342 0.052
10.939 15.578 1.721
15.881 21.564 1.921
5.929 13.589 1.239
2.036 4.872 0.896
13.364 20.137 0.372
13.415 22.119 1.699
15.132 18.179 1.310
2.229 17.627 0.614
19.550 21.172 1.122
16.024 19.374 1.410
9.652 16.078 2.297
18.960 21.694 0.507
11.514 22.218 0.335
9.159 11.237 1.477
13.115 15.640 1.708
13.015 15.706 0.459
14.643 21.508 2.287
17.866 22.581 1.260
17.377 21.822 1.417
14.621 21.043 0.349
3.056 15.670 0.931
14.336 22.230 1.909
1.274 14.748 0.908
9.762 20.094 1.038
11.576 18.559 0.772
7.207 10.077 1.724
1.913 5.042 2.293
7.934 14.331 0.249
8.678 15.506 0.620
4.500 16.587 0.601
17.862 21.284 2.022
8.234 22.494 0.534
14.787 20.943 0.786
12.068 21.995 1.429
13.650 15.150 0.542
10.633 18.368 1.646
0.302 11.344 1.175
19.417 22.543 2.046
4.917 9.914 0.238
9.326 11.324 1.396
7.724 22.973 0.268
14.798 14.928 0.094
13.605 20.889 2.200
15.018 20.536 0.325
12.255 22.779 1.525
1.422 20.297 2.087
12.570 19.438 2.045
3.044 15.377 2.067
5.259 16.504 0.404
16.686 22.325 1.542
8.971 19.000 2.261
14.175 21.401 0.134
14.938 22.042 2.241
6.283 9.933 0.271
5.836 20.640 2.180
4.995 20.657 0.497
8.618 22.009 0.473
15.066 18.600 0.897
11.159 22.388 1.451
14.725 18.977 1.693
11.004 19.376 2.255
6.554 17.240 0.989
13.913 20.361 1.127
5.367 6.742 0.241
2.795 7.294 1.044
12.930 17.056 1.971
16.352 22.566 1.437
2.045 12.757 0.585
14.023 16.448 1.619
7.440 22.437 1.108
1.977 4.884 1.045
10.415 20.521 0.750
16.483 20.898 1.697
1.035 22.803 0.431
8.544 19.385 1.480
18.015 22.742 1.939
9.660 19.665 1.104
15.154 21.222 0.883
5.480 6.835 0.835
16.445 20.280 1.743
4.486 9.545 0.190
12.514 17.123 1.765
5.094 18.834 1.115
11.239 19.671 0.800
19.343 21.012 0.924
17.778 21.482 1.362
6.947 20.581 1.843
16.300 17.739 0.974
12.648 20.481 2.260
9.986 17.552 0.424
4.768 11.445 1.983
19.791 22.210 1.886
6.435 17.642 0.917
18.618 21.336 2.079
15.273 22.689 1.209
18.340 19.970 1.478
5.271 19.459 0.664
5.161 11.867 0.660
18.288 20.859 1.882
6.443 22.378 0.529
4.910 20.098 2.147
2.068 7.853 1.328
7.519 19.798 0.440
17.935 18.882 0.711
15.041 20.216 1.654
10.959 13.031 0.848
1.378 3.697 1.778
6.403 9.415 0.709
10.519 19.959 0.753
11.970 22.281 1.333
13.209 19.584 1.633
1.436 2.419 0.678
15.444 20.787 2.294
6.105 9.330 1.093
10.312 17.479 0.431
7.545 18.392 1.175
14.465 20.346 1.628
2.467 18.062 2.201
1.127 12.301 0.524
2.673 13.173 2.240
15.693 21.671 1.408
12.252 16.729 1.931
19.961 22.294 1.973
3.146 22.273 0.248
19.577 21.158 1.344
1.370 10.442 0.761
8.617 20.519 1.689
11.934 19.053 2.020
18.147 19.624 0.474
3.582 10.490 1.011
4.335 19.378 1.920
17.123 20.237 0.916
18.975 22.172 0.110
6.012 10.696 1.195
13.374 15.585 0.666
17.444 22.297 1.086
18.235 20.126 1.346
8.921 20.721 1.569
19.641 22.447 2.221
1.760 14.062 0.117
17.250 21.260 1.363
11.610 20.730 0.651
7.743 11.352 2.028
19.359 20.958 0.133
6.877 7.732 0.825
6.341 19.472 0.487
9.815 21.552 0.141
7.952 15.377 1.308
14.131 19.863 1.308
12.124 16.486 0.450
15.520 20.649 2.083
16.242 22.745 1.837
15.403 20.357 0.453
10.279 21.115 1.940
14.584 20.397 1.588
7.931 22.775 2.020
10.658 18.296 0.582
13.616 22.610 1.474
11.245 17.548 0.624
4.053 8.944 2.015
2.980 17.337 1.661
11.136 22.963 1.431
19.999 22.210 1.376
10.504 20.926 0.105
17.853 20.118 1.268
0.107 19.214 2.147
1.997 19.988 0.301
7.632 10.274 1.753
6.531 7.802 0.037
7.396 10.998 0.014
11.492 16.682 1.717
8.788 20.587 0.264
7.895 22.056 0.736
