4.455 8.283 1.793
7.659 9.585 0.533
11.652 12.362 0.648
9.231 9.834 0.349
0.111 9.983 0.802
4.119 9.207 0.953
1.088 11.193 1.254
4.056 13.833 1.512
6.426 8.129 1.311
5.589 9.949 0.598
10.360 11.787 1.119
6.790 13.543 1.632
10.371 13.110 1.956
10.373 14.204 1.483
9.944 14.578 1.761
10.900 14.043 2.099
5.282 8.882 0.248
9.877 11.563 0.984
0.010 11.948 1.512
0.765 6.382 0.207
8.207 10.825 1.858
1.714 6.386 0.111
0.223 10.586 2.250
0.644 10.558 2.103
5.181 7.599 0.048
4.703 13.082 1.504
0.274 3.949 1.900
7.611 14.899 1.266
5.561 8.745 0.494
9.386 12.493 0.788
7.296 14.884 0.236
9.070 11.965 0.347
8.540 14.065 2.297
7.700 14.684 1.429
8.258 12.370 0.667
3.485 12.050 1.261
2.957 9.528 1.257
11.425 14.522 1.541
7.480 13.693 1.025
8.946 11.994 2.275
7.554 12.812 2.093
11.021 13.562 1.163
5.397 14.550 2.045
2.195 5.257 0.580
8.766 13.474 2.165
0.496 2.421 1.475
6.676 11.085 1.252
0.736 4.557 2.291
7.211 8.653 0.116
7.923 10.682 0.765
7.843 11.443 0.944
2.660 6.014 1.561
5.971 13.449 1.168
5.221 8.548 0.010
4.511 13.240 0.296
8.800 13.520 2.050
7.807 13.401 1.183
8.846 12.889 2.201
4.359 14.010 0.258
9.855 11.346 1.046
10.433 12.295 1.751
5.000 7.685 2.153
1.978 3.930 0.486
7.093 12.086 0.272
6.961 13.268 1.588
10.988 13.266 1.540
9.706 14.989 0.870
9.270 10.637 0.470
4.659 10.842 0.417
2.347 6.543 2.208
4.581 6.454 0.699
2.378 12.136 0.106
9.132 11.166 2.026
5.383 13.286 0.981
5.536 12.913 1.138
2.862 5.155 1.287
11.064 14.731 2.056
0.716 10.159 1.129
8.967 11.804 1.739
10.919 13.192 1.822
6.634 11.059 0.118
9.484 11.198 1.620
8.781 14.576 1.273
10.507 13.152 1.833
4.739 6.329 1.108
7.824 13.340 0.002
9.074 10.418 0.505
0.690 2.650 1.542
4.150 13.134 1.605
5.235 12.264 2.258
3.544 13.698 1.097
0.951 3.163 0.232
1.716 7.277 2.111
4.486 6.761 1.872
9.770 14.522 0.552
3.078 6.049 0.620
2.753 13.711 1.946
10.652 14.060 1.943
0.491 3.483 0.399
4.271 7.099 1.033
10.734 13.715 1.433
10.940 14.230 1.202
11.992 14.897 2.229
10.082 12.135 0.337
3.412 14.706 0.393
8.902 10.687 1.648
7.740 13.577 1.869
9.818 13.624 0.287
4.501 14.239 1.495
10.676 14.037 0.074
5.386 7.598 0.017
5.022 14.221 0.360
6.020 12.932 0.559
10.878 11.486 0.491
9.254 12.685 0.525
9.677 12.752 1.960
6.467 14.183 2.281
7.762 13.743 0.524
4.453 5.636 0.844
6.736 8.531 0.915
