0.962 6.512 1.043
0.426 4.338 1.805
0.320 2.763 1.564
3.898 6.799 1.552
0.843 1.775 0.913
3.003 4.756 0.228
1.245 3.375 1.985
1.008 2.777 0.379
0.614 6.410 1.241
3.756 6.372 0.391
2.582 6.718 1.314
1.822 5.880 1.843
0.603 4.794 1.273
1.688 5.426 1.886
2.314 4.309 1.073
1.588 2.461 0.701
3.181 3.815 0.393
1.558 3.041 1.181
0.791 4.902 0.312
1.817 5.797 1.209
1.765 4.667 1.369
3.343 5.021 1.184
3.798 6.118 1.752
3.950 6.721 0.371
2.298 5.577 0.884
2.834 4.095 0.099
1.041 6.462 0.815
2.841 6.719 1.457
1.574 6.555 0.795
1.234 4.857 0.776
1.414 5.951 1.467
2.946 4.783 1.479
0.801 5.193 0.545
3.645 5.736 0.736
0.438 3.216 1.815
2.072 4.968 1.310
2.751 3.255 0.181
0.303 2.717 0.056
1.229 3.248 1.395
1.579 5.286 0.136
