59.489 62.361 1.924
57.332 63.000 0.072
5.488 21.134 0.741
0.557 21.285 0.628
22.887 60.269 2.349
59.716 62.274 1.425
28.109 47.467 1.231
9.216 62.525 1.267
43.366 49.671 0.905
3.131 62.087 1.676
4.836 28.605 2.116
21.395 63.919 2.480
54.693 63.236 2.181
36.058 46.733 0.583
27.489 34.840 1.054
27.165 39.183 0.127
47.420 50.128 1.425
18.556 46.495 2.102
52.879 61.614 0.174
5.006 33.374 1.379
56.237 63.627 2.059
50.890 62.481 0.496
7.425 9.645 1.443
44.813 59.363 1.532
56.988 61.950 1.988
21.647 49.752 1.507
25.484 31.539 0.306
40.645 61.709 2.099
18.965 57.916 0.503
3.475 43.117 0.075
1.985 37.443 0.045
16.473 53.037 2.278
28.086 44.640 1.323
54.558 63.409 2.346
10.082 18.833 0.516
17.932 52.452 2.175
6.608 41.801 1.062
53.954 62.175 0.934
44.329 54.821 1.182
33.280 55.602 2.368
24.989 55.050 1.192
48.940 61.939 1.199
40.118 55.609 2.124
16.645 28.606 0.689
11.510 44.715 0.269
2.461 44.666 2.498
9.917 13.557 0.450
56.711 62.030 0.827
35.313 49.195 1.999
18.833 43.461 2.161
47.001 52.585 0.763
43.961 45.201 1.109
28.448 30.119 0.914
55.794 63.137 1.174
37.223 44.021 2.131
19.593 55.435 0.574
2.584 4.267 1.224
21.065 50.187 1.792
29.556 41.092 0.204
19.238 51.208 0.693
45.974 49.714 0.631
41.526 50.883 1.083
25.919 37.762 1.922
54.626 59.336 2.354
16.328 23.997 2.158
3.126 55.688 0.628
20.988 32.911 1.480
6.273 60.804 1.457
15.224 22.730 0.790
9.666 52.771 1.356
12.596 38.677 2.464
10.393 22.617 0.241
59.639 62.994 0.461
18.575 57.818 1.264
33.326 54.565 2.338
33.072 38.843 0.202
36.271 51.371 0.709
1.793 43.318 2.489
43.959 59.399 1.700
54.891 60.582 1.196
34.258 60.384 1.020
29.919 63.850 0.483
39.371 53.885 1.986
39.109 60.749 0.110
41.927 47.015 2.175
7.694 11.518 1.763
27.525 42.404 1.531
26.516 37.699 1.189
3.162 61.306 0.135
19.011 53.197 0.468
52.165 55.153 1.169
10.095 44.904 1.393
59.092 61.285 1.776
49.510 51.125 0.230
39.843 48.171 1.793
52.613 62.304 0.386
50.628 62.333 0.503
44.937 54.710 1.558
1.926 39.625 0.043
0.253 41.409 1.016
27.567 58.015 1.052
33.366 59.225 1.254
12.173 56.505 2.045
35.465 44.940 2.399
59.819 62.898 1.524
9.406 16.225 1.574
10.520 61.214 1.375
42.068 44.065 1.469
16.399 28.052 1.947
28.531 63.440 0.621
53.714 58.186 1.167
45.827 47.033 0.092
7.857 32.350 2.414
29.648 37.596 1.714
43.397 46.112 1.542
3.558 35.569 1.116
57.689 63.760 0.088
14.037 62.916 0.708
32.286 39.991 2.273
3.928 28.314 0.458
58.414 63.454 0.635
38.790 62.251 1.499
19.053 22.258 1.858
53.047 55.584 1.094
17.932 26.428 0.864
52.839 55.026 1.213
32.550 46.757 0.434
27.998 43.825 1.053
31.770 42.081 0.634
53.763 57.082 0.287
15.984 25.007 0.193
51.421 53.371 1.282
46.847 58.443 0.823
53.435 61.317 1.455
11.697 33.041 0.719
10.273 43.229 0.492
52.408 62.043 0.396
30.678 46.017 0.350
37.135 57.869 0.430
31.898 48.599 0.332
43.699 62.913 1.884
19.025 47.399 1.727
32.665 46.769 1.540
40.521 48.520 0.515
34.082 42.222 0.809
27.732 31.529 1.515
51.853 56.433 2.210
27.296 62.643 2.255
1.130 50.112 0.855
4.146 40.314 1.218
54.827 60.622 0.816
57.048 61.410 2.105
42.405 51.672 0.341
15.583 61.608 2.361
15.345 24.996 1.004
24.793 35.987 2.083
26.485 41.983 1.770
18.806 63.261 2.496
2.208 61.347 2.450
45.221 50.100 0.674
34.914 40.838 0.032
55.254 61.650 0.485
45.629 61.466 0.998
48.197 63.456 0.579
40.645 47.570 1.031
0.130 27.685 0.050
49.182 54.561 0.610
3.477 6.217 0.314
58.661 60.563 1.296
3.507 40.220 1.828
37.979 47.668 0.778
7.705 59.578 0.522
54.349 60.699 0.372
31.508 57.085 0.401
43.670 61.324 1.837
36.849 52.541 2.106
5.281 49.653 1.536
5.759 27.584 1.563
36.895 49.022 1.844
37.184 56.997 2.044
2.023 36.537 0.129
29.215 32.881 1.270
47.852 50.585 2.449
37.970 58.658 1.492
3.578 22.531 0.071
36.446 47.905 1.547
45.540 60.723 2.423
58.918 62.387 2.037
33.117 49.743 0.323
36.576 54.608 2.309
16.366 38.847 1.271
35.593 50.153 2.211
9.599 37.236 1.878
46.933 61.421 1.836
52.701 58.101 1.601
15.879 47.205 0.119
0.919 60.189 2.055
45.591 53.338 2.399
52.015 55.316 0.170
10.609 32.631 1.799
34.211 47.227 1.644
0.888 62.029 1.256
37.239 59.644 1.271
51.509 53.180 1.164
8.896 58.931 1.718
6.076 7.329 1.007
38.959 63.955 2.404
19.564 60.701 1.146
48.180 55.056 0.629
37.192 53.745 2.049
10.049 53.203 0.879
36.957 60.258 1.892
34.513 61.770 0.518
22.316 58.521 1.103
33.432 42.646 1.286
25.665 52.566 0.623
44.754 54.890 1.349
40.312 54.161 1.066
33.506 62.619 0.003
5.869 57.745 1.526
10.564 13.815 1.806
17.189 26.738 1.146
31.938 63.649 1.658
37.305 47.309 0.266
19.734 31.101 0.060
58.202 61.466 0.040
38.415 51.323 1.227
56.645 63.664 1.506
4.003 42.264 1.228
3.818 5.882 1.126
16.956 27.821 1.677
14.078 41.058 1.520
49.059 58.699 2.065
7.687 53.502 2.403
38.473 44.997 0.837
22.195 32.817 1.770
12.272 62.143 2.179
4.710 9.158 0.172
40.138 55.224 2.415
20.289 51.652 0.557
43.873 62.275 2.328
47.365 49.811 1.681
22.222 45.950 2.327
47.224 63.277 1.097
37.120 42.627 1.580
38.393 56.995 0.726
43.022 54.957 0.272
25.976 48.521 0.644
23.120 25.828 1.401
57.982 62.265 1.443
2.490 42.276 0.215
32.982 37.495 1.507
15.942 60.928 0.956
53.558 56.142 1.768
15.222 63.645 2.200
15.420 25.184 1.079
3.605 48.839 1.666
30.332 51.076 1.813
43.363 58.433 1.676
49.537 53.798 1.733
30.607 62.284 0.338
50.702 56.196 1.119
10.146 41.302 1.241
43.163 50.264 0.192
47.587 61.891 1.386
40.649 43.437 0.050
24.617 44.679 0.987
35.535 46.032 2.245
13.775 50.242 2.470
31.263 35.105 1.790
18.190 54.482 2.373
57.528 60.693 2.401
47.840 50.077 1.571
53.492 62.300 0.184
43.688 58.191 1.778
45.472 49.790 1.848
32.738 40.476 2.328
14.270 47.678 2.410
57.444 61.430 1.178
31.625 59.650 1.838
30.248 36.676 0.656
32.140 47.428 1.716
15.119 52.854 2.105
24.458 34.514 0.831
10.739 62.829 1.960
0.474 6.771 1.702
1.882 21.940 0.313
41.876 46.448 0.035
13.876 32.605 1.989
56.477 60.951 2.386
27.511 49.214 2.328
10.478 27.379 0.684
25.810 32.209 0.624
3.997 36.628 2.034
47.100 51.363 1.296
54.023 61.466 0.170
28.547 48.150 1.639
28.391 53.986 2.495
17.978 40.257 0.805
44.166 58.592 0.384
47.083 59.080 0.254
31.462 44.025 2.019
13.473 21.033 1.608
16.652 47.655 0.380
49.923 61.690 1.504
44.661 60.315 0.795
24.103 33.132 2.401
26.059 30.967 1.726
8.639 42.823 1.231
8.643 62.872 0.693
6.896 18.749 2.105
22.204 62.004 1.131
32.077 42.024 0.246
57.339 62.759 1.942
53.388 56.539 2.299
1.375 61.585 1.237
40.823 53.665 0.960
14.605 21.418 0.740
36.968 44.822 2.241
55.484 62.341 1.656
37.580 54.948 2.025
21.657 32.615 0.506
50.202 56.664 0.139
32.270 54.427 1.137
19.071 26.757 0.278
43.341 63.338 0.792
32.700 42.530 0.607
49.691 59.864 0.451
45.075 46.966 0.556
51.407 54.277 1.551
20.245 60.549 1.957
17.608 35.959 1.871
50.249 52.423 0.151
12.907 41.818 1.785
15.715 43.714 0.778
9.917 35.236 2.340
34.350 45.315 0.973
41.830 55.095 0.271
12.495 57.494 2.441
0.222 61.414 1.200
36.470 55.248 1.205
22.083 35.411 2.379
10.959 62.233 2.480
24.185 38.970 2.090
48.927 63.689 2.006
20.012 61.635 0.692
18.665 35.619 0.001
1.688 31.741 2.356
56.428 61.677 1.053
14.488 41.002 0.938
54.895 58.666 0.557
41.936 47.921 2.106
56.131 59.151 0.971
22.775 30.137 0.936
30.146 54.522 2.147
44.584 51.106 1.255
4.224 38.526 1.947
50.240 56.718 1.579
1.210 35.864 1.766
20.071 30.223 1.671
24.669 30.383 1.575
42.064 58.275 0.048
12.472 37.986 1.185
2.250 46.677 0.284
45.697 62.428 1.233
45.082 57.177 1.777
24.024 44.974 1.871
16.449 60.835 0.263
39.719 62.486 2.029
37.838 55.008 1.381
37.269 51.248 0.224
56.074 60.446 1.133
32.248 42.260 2.124
57.037 60.824 1.536
18.578 51.798 0.559
50.912 58.838 2.422
35.489 60.920 0.975
18.463 33.135 0.053
31.700 39.390 1.991
20.228 41.565 1.709
32.171 63.875 2.286
40.539 60.543 1.620
59.458 63.532 1.662
33.795 61.108 1.690
45.311 50.383 1.230
8.603 61.412 1.954
45.439 54.864 0.463
53.966 60.809 2.097
59.478 62.136 0.229
28.076 58.455 0.847
56.274 63.681 1.193
1.948 18.677 1.108
9.214 33.217 1.336
24.606 52.388 1.829
15.098 51.249 0.310
1.362 49.221 2.088
20.232 43.234 2.023
19.333 51.495 2.452
46.882 58.699 0.701
2.245 34.424 0.275
39.003 41.718 2.424
57.400 58.674 0.412
46.199 60.740 1.653
58.596 63.437 0.276
56.373 63.757 0.814
57.825 62.084 2.001
48.085 59.727 0.928
42.604 44.524 1.473
0.828 57.860 0.394
2.875 57.479 0.626
12.616 15.975 0.131
8.698 23.133 2.210
27.040 61.867 1.660
15.046 59.941 1.874
3.823 9.710 0.784
50.500 56.047 2.353
35.284 47.928 0.907
19.792 29.945 0.354
33.544 63.019 2.280
23.841 48.950 0.108
47.413 50.163 1.677
42.114 55.675 2.315
10.895 63.431 1.637
18.979 60.280 0.178
34.963 62.773 2.181
55.151 63.252 1.756
27.930 34.452 1.230
35.084 36.852 1.641
45.029 47.545 0.501
8.888 28.626 1.531
42.145 49.651 1.911
40.184 55.315 0.141
59.550 60.907 0.615
37.096 41.439 2.164
26.439 37.028 0.207
9.646 62.817 0.271
13.609 62.875 1.053
30.644 35.656 2.373
7.171 41.011 1.998
46.356 53.900 0.233
8.392 11.968 1.709
15.303 38.816 1.531
40.911 51.471 1.357
55.677 61.163 2.159
4.400 33.317 0.630
42.180 61.184 0.556
30.539 32.617 1.981
38.360 59.041 0.180
50.586 52.906 1.309
8.864 29.305 1.445
31.305 37.831 2.368
54.508 63.363 2.127
34.991 53.902 2.296
39.481 45.288 1.964
47.468 56.973 2.174
21.697 34.239 1.941
12.543 53.879 2.158
41.693 43.443 0.704
30.153 34.491 0.922
20.432 43.528 1.191
35.639 52.237 1.596
28.855 39.621 1.502
37.042 61.347 1.472
10.016 50.342 1.768
3.082 17.831 0.762
5.394 22.030 2.456
4.521 31.648 1.947
47.970 49.398 0.652
13.107 22.989 1.073
43.564 59.301 1.018
52.919 57.824 1.010
36.139 45.532 1.330
55.995 60.783 2.066
9.676 44.186 0.401
55.455 60.659 0.185
26.617 53.351 0.250
11.992 26.473 0.103
47.973 50.865 1.284
51.522 62.542 0.637
50.570 63.127 0.399
50.128 58.528 1.948
20.223 42.995 1.552
54.933 63.520 0.574
23.134 45.455 0.381
53.542 57.916 0.044
29.190 46.203 0.544
57.751 62.784 0.709
7.506 30.995 1.096
26.965 34.238 0.015
44.099 56.899 0.564
40.328 61.271 1.442
11.298 57.594 0.876
51.989 57.575 2.194
36.207 52.628 2.116
8.181 37.692 1.684
18.366 34.165 1.202
5.702 8.513 0.227
22.629 30.721 0.620
46.347 58.219 0.509
29.166 62.295 1.342
8.386 14.423 1.058
46.532 56.641 1.068
51.775 59.730 1.532
32.797 43.266 1.534
15.828 40.897 1.818
31.799 56.565 0.884
34.494 59.203 1.210
43.850 56.166 0.568
1.926 42.348 0.440
20.344 36.204 2.446
48.067 55.037 0.967
7.187 19.322 2.376
47.195 52.414 0.537
10.137 43.240 0.516
40.024 46.786 1.826
3.774 12.987 2.491
38.772 48.189 2.333
22.123 49.221 1.070
2.884 32.346 1.475
20.692 42.424 1.482
37.606 52.617 0.206
34.112 61.441 1.743
56.387 62.248 2.422
18.448 28.454 1.226
58.383 62.249 1.131
49.797 57.274 0.394
1.547 35.332 1.173
38.739 62.280 1.131
17.883 50.815 2.077
1.013 15.961 2.004
17.192 30.253 2.108
5.728 8.592 0.156
37.344 61.524 0.648
51.370 60.805 0.421
59.566 60.862 0.963
44.049 47.071 1.754
54.463 61.369 2.017
39.356 39.704 0.147
55.653 58.992 1.605
6.577 39.956 0.087
10.697 41.609 1.456
9.084 36.871 2.191
10.840 47.128 1.011
55.155 57.846 2.120
49.451 63.615 0.495
26.762 42.712 1.693
21.539 52.426 1.127
27.348 56.102 1.466
10.769 54.368 1.027
31.041 34.128 1.322
33.381 53.412 0.033
32.409 54.115 1.080
58.218 61.117 0.385
15.350 60.159 0.665
55.644 60.765 1.074
9.525 17.087 0.661
43.494 48.095 1.698
30.351 55.805 0.617
12.494 51.911 2.395
31.504 35.399 0.882
44.472 52.877 0.079
4.633 31.743 0.474
1.712 25.865 0.537
47.012 51.435 0.298
42.246 52.987 1.432
11.774 57.613 1.739
21.490 28.441 0.526
4.490 23.687 2.041
32.837 50.693 1.922
21.900 35.604 1.369
55.926 63.516 1.118
10.882 41.515 1.171
39.166 56.488 2.416
5.856 54.768 0.937
59.890 60.860 0.138
28.285 37.982 2.277
58.929 61.527 0.942
30.118 44.110 1.956
13.823 19.114 1.060
21.653 30.225 0.706
13.988 21.313 2.445
10.575 34.295 1.345
9.128 54.117 0.771
0.690 14.015 2.010
36.934 54.173 1.411
23.308 44.383 2.268
54.778 60.905 2.188
29.045 58.636 0.490
20.377 40.375 1.638
0.474 12.457 1.837
45.752 53.843 1.634
3.919 29.746 1.424
24.693 49.158 1.207
9.450 53.153 0.908
3.937 16.481 2.169
59.257 63.939 0.364
49.742 54.747 1.957
3.314 51.920 2.451
12.124 36.027 0.274
15.590 50.343 1.587
