0.020 4.928 1.296
12.940 17.028 1.346
5.605 17.815 2.061
11.946 18.920 0.400
11.368 14.814 1.181
0.240 7.575 0.210
2.357 19.802 0.382
7.131 7.464 0.274
0.143 11.107 0.869
9.139 16.277 1.384
2.660 11.314 1.525
5.634 14.415 0.131
12.533 17.301 1.846
4.831 16.405 2.015
15.294 18.813 2.129
2.277 7.261 1.063
13.796 18.739 0.482
13.498 19.999 2.293
9.784 13.166 0.903
4.756 7.005 1.932
6.014 15.554 0.213
0.899 18.450 0.020
4.414 13.836 0.628
11.059 18.081 1.927
7.759 16.984 0.472
7.495 19.418 1.053
11.911 16.857 0.249
6.164 15.251 1.691
9.158 11.507 0.831
3.602 16.960 0.978
8.274 17.652 2.277
5.529 15.174 0.389
7.870 16.402 0.146
8.077 19.416 0.339
2.265 15.193 2.082
4.849 6.827 0.981
15.466 17.491 1.571
14.036 18.297 1.890
3.062 16.978 0.409
7.604 14.028 0.358
11.712 14.701 0.933
9.100 17.722 1.569
11.551 13.549 1.093
5.885 8.233 1.920
8.272 14.146 1.525
1.675 18.731 2.183
8.793 14.500 0.796
6.000 11.767 1.948
7.298 19.794 0.625
4.765 14.143 1.700
3.136 17.573 1.751
6.362 18.629 1.152
0.439 12.617 2.288
0.808 5.518 1.222
13.489 18.264 1.442
3.166 6.940 1.937
1.759 8.660 1.709
15.057 17.156 0.658
2.244 17.342 1.686
11.328 18.157 1.381
4.044 4.401 0.332
0.976 17.470 1.854
3.369 12.688 0.266
0.228 9.357 0.262
12.036 17.084 1.578
1.182 5.784 1.004
11.140 15.385 0.668
3.719 13.011 1.329
10.059 15.253 0.368
15.409 19.775 1.600
3.039 6.699 0.773
15.923 19.994 1.052
1.560 4.603 1.438
7.004 9.672 2.142
14.314 16.122 0.667
12.305 14.613 0.945
10.049 15.305 1.390
7.462 15.922 1.375
13.677 18.343 1.906
11.535 15.523 1.301
2.948 13.169 1.697
14.481 15.977 0.559
9.676 16.379 1.607
5.621 7.823 1.137
11.852 17.441 1.408
11.058 13.966 1.850
9.217 19.223 1.996
9.835 11.876 1.674
10.684 15.157 2.246
9.107 11.583 0.703
1.737 17.580 1.999
11.909 14.794 0.356
1.270 13.339 0.176
13.120 16.896 1.254
6.544 13.176 0.687
8.019 12.127 0.351
11.808 18.705 0.722
15.345 19.272 2.009
4.801 8.630 2.171
1.052 11.850 1.805
9.754 12.535 2.199
14.010 16.959 1.504
1.677 6.736 1.162
4.645 14.058 2.116
10.605 15.366 0.263
6.066 17.357 1.143
8.148 16.578 0.879
8.514 13.897 1.394
0.094 3.561 1.628
9.969 15.909 1.985
11.957 15.723 1.143
12.566 16.038 1.271
15.291 17.318 1.451
5.988 16.481 0.303
15.228 16.729 1.408
5.278 14.735 0.129
2.106 17.836 1.948
9.550 18.716 1.660
0.235 14.312 0.291
9.874 11.010 0.500
2.703 9.547 1.435
5.111 15.239 0.845
12.838 17.488 1.856
9.778 19.166 1.836
2.317 10.299 1.449
4.059 17.737 0.314
1.059 12.338 0.984
4.837 9.233 1.261
4.982 17.166 0.254
2.155 16.357 0.654
14.324 19.011 1.816
9.844 18.663 0.831
3.656 8.936 1.986
3.993 19.776 1.248
0.861 10.992 0.187
6.829 10.399 0.218
14.265 15.562 0.535
2.002 5.415 2.143
0.753 7.318 0.135
14.635 17.477 0.917
15.139 18.633 1.926
13.474 17.030 1.595
4.147 12.484 0.010
15.277 17.111 0.917
9.369 16.826 0.587
15.124 19.575 1.002
0.115 12.939 2.164
12.579 14.773 1.326
3.557 4.505 0.881
6.687 15.537 0.189
13.682 18.834 0.149
10.593 18.458 1.590
8.482 11.478 1.577
11.032 18.379 1.674
0.497 13.777 1.998
11.305 16.193 0.197
15.166 16.594 0.135
2.323 14.140 2.258
4.676 11.650 2.122
11.113 12.923 0.503
