18.271 33.012 0.939
15.957 34.917 0.445
20.998 29.561 1.827
20.858 33.158 0.101
22.361 25.920 2.001
4.104 6.831 1.622
14.680 23.312 1.408
14.142 20.678 1.094
1.687 33.527 0.124
10.139 29.072 0.431
27.821 29.938 1.075
5.384 24.696 1.282
31.516 33.396 1.634
26.405 27.431 0.211
21.250 26.435 1.650
28.060 33.985 0.355
27.002 34.024 0.463
23.967 29.905 1.433
1.027 21.666 0.040
0.135 22.781 0.934
14.703 31.730 0.968
17.795 32.391 1.154
6.492 30.991 1.881
18.915 24.879 2.207
31.903 34.297 1.402
5.017 9.287 1.448
5.611 33.496 1.265
22.436 24.077 1.351
8.746 15.738 1.792
15.216 34.691 0.572
28.647 31.634 1.074
24.441 25.171 0.085
4.191 18.159 2.221
15.812 20.753 1.577
23.145 25.206 1.419
1.898 19.628 1.026
30.768 34.840 0.081
7.487 34.409 0.651
17.219 22.205 2.091
2.095 15.555 0.421
31.154 34.640 0.584
20.688 34.046 1.379
10.161 12.594 1.709
28.292 30.133 1.006
9.564 14.519 0.795
28.181 29.855 1.116
17.360 25.415 0.400
14.932 23.975 0.968
16.944 22.879 0.584
28.674 30.785 0.264
8.525 13.558 0.178
27.425 28.982 1.180
24.985 31.850 0.757
28.499 33.479 1.338
6.238 18.135 0.662
5.479 23.658 0.453
27.951 33.831 0.365
16.362 25.010 0.322
19.805 31.568 0.396
17.012 26.428 0.305
23.306 34.412 1.733
10.147 26.070 1.589
17.421 25.653 1.417
21.611 26.294 0.474
18.177 22.971 0.744
14.790 17.420 1.394
27.655 30.955 2.033
14.558 34.276 2.074
0.603 27.473 0.787
2.211 22.208 1.121
29.241 32.976 0.751
30.426 33.590 1.936
22.616 27.999 0.313
8.311 33.727 2.172
8.184 13.806 0.924
13.223 20.014 1.916
14.125 23.145 1.628
10.030 34.608 2.296
1.178 33.589 2.254
24.118 27.122 0.620
18.621 21.966 0.029
29.469 33.554 0.446
24.336 33.579 0.918
25.705 34.687 0.533
21.677 25.893 0.948
0.069 15.150 0.046
26.230 29.547 0.561
1.855 3.467 0.289
31.286 32.856 1.192
1.870 22.252 1.681
20.256 25.924 0.716
4.110 32.589 0.480
28.986 32.982 0.342
16.804 31.159 0.369
23.291 33.550 1.690
19.653 28.864 1.938
2.816 27.280 1.413
3.071 15.409 1.438
19.677 26.920 1.696
19.832 31.244 1.881
1.079 19.991 0.119
15.582 18.055 1.168
25.521 27.924 2.253
20.251 32.088 1.373
1.908 12.307 0.065
19.438 26.250 1.423
24.288 33.267 2.229
31.423 34.098 1.874
17.663 27.050 0.297
19.507 30.001 2.124
8.729 21.381 1.169
18.983 27.609 2.034
5.119 20.654 1.728
25.031 33.598 1.689
28.107 31.703 1.473
8.469 25.755 0.110
0.490 32.963 1.890
24.315 29.354 2.207
27.741 29.780 0.156
5.658 18.166 1.655
18.246 25.917 1.512
0.474 33.937 1.156
19.861 32.613 1.169
27.472 28.831 1.071
4.744 32.277 1.580
3.240 4.301 0.927
20.778 34.976 2.211
10.434 33.208 1.055
25.696 29.863 0.579
19.836 29.500 1.885
5.360 29.135 0.809
19.711 32.984 1.741
18.407 33.760 0.476
11.902 32.018 1.015
17.831 23.342 1.183
13.688 28.712 0.574
23.869 29.966 1.241
21.500 29.555 0.981
17.870 34.224 0.003
3.130 31.633 1.404
5.634 8.071 1.662
9.167 14.781 1.054
17.034 34.810 1.526
19.896 25.615 0.244
10.525 16.826 0.055
31.041 33.274 0.037
20.488 28.035 1.129
30.211 34.804 1.385
2.135 23.263 1.130
2.036 3.579 1.035
9.043 15.531 1.543
7.508 22.632 1.398
26.165 32.145 1.900
4.100 29.413 2.211
20.519 24.447 0.770
11.837 18.227 1.629
6.545 34.009 2.005
2.512 5.009 0.158
21.407 30.347 2.222
10.821 28.228 0.512
23.399 34.083 2.142
25.262 27.227 1.547
11.852 25.388 2.141
25.186 34.594 1.009
19.797 23.385 1.453
20.476 31.099 0.668
22.945 29.844 0.250
13.854 26.489 0.592
12.330 14.327 1.289
30.924 33.957 1.327
1.328 23.136 0.198
17.590 20.609 1.386
8.502 33.329 0.879
28.564 30.643 1.627
8.118 34.810 2.024
8.224 13.931 0.993
1.923 26.857 1.533
16.177 28.040 1.668
23.127 31.967 1.542
26.420 29.401 1.594
16.324 34.047 0.311
27.041 30.560 1.029
5.411 22.727 1.141
23.020 27.147 0.176
25.380 33.829 1.275
21.679 23.285 0.046
13.129 24.451 0.908
18.952 25.418 2.066
7.347 27.688 2.272
16.673 19.426 1.647
9.701 29.935 2.183
30.682 33.286 2.208
25.514 27.327 1.446
28.529 33.962 0.169
23.301 31.845 1.636
24.252 27.292 1.700
17.460 22.481 2.142
7.611 26.318 2.217
30.637 33.433 1.084
16.867 32.658 1.691
16.132 19.921 0.603
17.141 26.050 1.579
8.064 29.043 1.937
13.044 18.859 0.764
5.728 34.373 1.803
0.253 4.285 1.566
1.004 12.060 0.288
22.334 24.961 0.032
7.401 18.192 1.830
30.121 33.407 2.195
14.672 27.129 2.142
5.588 15.052 0.630
13.765 17.516 0.574
2.132 20.364 1.871
25.120 27.964 1.192
28.812 33.442 0.157
15.225 26.438 1.508
15.142 29.689 2.295
9.588 22.045 0.741
23.555 31.916 0.353
25.111 32.149 0.234
16.780 24.290 1.858
7.186 11.869 1.479
8.881 26.032 0.350
26.626 33.715 1.384
23.819 32.923 0.732
12.855 18.588 2.209
13.898 17.201 1.588
4.608 23.553 1.132
4.610 34.386 0.637
3.678 10.823 1.936
11.842 33.915 1.041
17.108 22.744 0.226
30.581 34.308 1.787
28.474 31.041 2.115
0.733 33.697 1.138
21.772 29.258 0.884
7.789 11.781 0.680
19.716 24.772 2.062
29.592 34.061 1.523
20.043 30.141 1.863
11.550 17.758 0.466
26.774 30.651 0.128
17.210 29.761 1.046
10.171 14.504 0.256
23.115 34.629 0.728
17.440 23.107 0.558
26.502 32.588 0.415
24.040 25.311 0.512
27.417 29.580 1.427
10.797 33.151 1.801
9.391 19.955 1.721
26.800 28.137 0.139
6.884 23.090 1.642
8.381 23.939 0.716
5.289 19.680 2.152
18.320 24.715 0.895
22.309 29.941 0.249
6.664 31.540 2.246
0.118 33.604 1.104
19.451 30.199 1.109
11.778 19.791 2.188
5.845 34.061 2.281
12.899 21.612 1.923
26.095 34.832 1.845
10.673 33.706 0.637
9.954 19.321 0.001
0.900 17.819 2.167
30.095 33.597 0.969
7.727 22.496 0.863
29.277 31.749 0.512
22.366 26.383 1.937
29.936 32.069 0.893
12.147 16.516 0.862
16.078 29.934 1.975
23.778 27.853 1.155
2.253 21.364 1.791
26.795 30.963 1.453
0.646 19.909 1.625
10.704 16.809 1.538
13.157 16.841 1.449
22.434 31.725 0.044
6.652 20.915 1.090
1.200 25.547 0.261
24.372 34.126 1.134
24.044 31.290 1.635
12.813 24.781 1.722
8.773 33.261 0.242
21.183 34.187 1.866
20.180 30.084 1.271
19.877 27.824 0.207
29.906 32.881 1.043
17.199 23.372 1.954
30.420 33.147 1.413
9.909 28.315 0.514
27.153 32.281 2.228
18.927 33.303 0.897
9.847 17.965 0.049
16.907 21.796 1.832
10.788 22.925 1.573
17.158 34.933 2.103
21.621 33.118 1.490
31.711 34.714 1.529
18.024 33.436 1.555
24.166 27.433 1.132
4.588 33.614 1.798
24.234 29.780 0.426
28.782 33.276 1.929
31.722 33.668 0.211
14.974 31.957 0.779
30.013 34.810 1.098
1.039 10.502 1.019
4.914 18.381 1.229
13.123 28.758 1.683
8.052 28.004 0.285
0.727 27.103 1.921
10.790 23.883 1.861
10.311 28.355 2.256
25.004 31.980 0.645
1.197 18.860 0.253
