16.491 33.273 2.127
11.686 24.918 1.094
38.053 42.392 1.261
31.777 39.181 1.844
34.803 42.546 0.732
10.717 34.531 2.170
5.105 23.964 1.782
7.036 8.592 0.061
18.191 23.282 1.983
0.579 35.391 0.489
31.888 39.818 1.793
11.950 40.704 1.797
33.685 38.611 0.558
0.920 2.389 0.174
14.248 27.002 1.645
7.217 14.294 0.685
29.796 30.857 0.310
21.025 38.912 0.825
6.353 12.980 2.070
1.169 35.466 0.417
9.969 22.285 1.313
21.597 40.431 1.529
37.301 39.846 2.174
6.129 35.892 1.283
35.806 42.103 0.167
32.897 38.844 0.893
26.878 32.160 1.037
37.978 42.249 2.259
23.792 26.871 0.626
7.918 25.723 1.381
14.213 28.262 0.529
27.672 38.676 2.181
39.303 41.467 0.546
9.433 26.756 2.065
13.058 30.679 1.236
13.461 19.125 0.801
11.607 40.616 0.504
29.587 38.960 1.856
27.468 39.524 0.621
2.577 37.537 1.660
13.663 27.923 0.102
0.831 27.649 1.928
21.623 34.379 1.389
31.095 39.836 1.472
30.398 34.070 1.996
16.940 19.269 1.809
17.535 30.476 0.097
10.771 18.781 0.157
39.282 42.018 1.165
2.841 41.252 0.845
34.403 37.071 0.776
11.581 42.772 0.117
6.898 14.969 0.158
12.037 32.785 1.810
3.347 9.281 0.604
8.701 15.879 1.294
25.291 33.460 0.246
30.354 31.803 0.768
11.300 39.185 1.597
22.703 26.187 1.998
31.816 39.757 2.299
24.754 36.133 1.368
7.770 17.656 2.251
1.692 12.641 0.550
16.272 24.885 1.828
36.002 41.331 0.873
8.260 29.311 0.122
14.159 33.704 0.831
39.042 42.641 0.514
13.879 33.982 2.193
8.067 20.902 0.649
21.280 26.580 0.669
3.984 31.731 0.245
33.752 41.607 1.545
0.231 26.537 1.130
37.413 41.061 0.668
29.876 42.025 2.010
33.204 37.159 1.394
31.369 37.838 0.345
27.562 42.901 0.908
4.077 6.066 0.947
27.497 30.612 0.595
9.146 38.395 0.435
30.532 36.613 0.110
2.246 7.733 2.211
22.619 35.259 2.214
35.146 38.874 0.940
16.540 38.594 1.515
37.808 38.469 0.651
24.650 36.728 0.114
16.878 33.524 2.195
8.035 20.571 0.953
24.925 26.863 1.859
4.210 15.606 0.907
12.671 38.835 1.896
12.461 29.904 0.455
18.763 30.561 2.289
14.739 26.208 0.963
23.217 31.230 2.019
15.735 30.691 2.187
16.744 37.451 1.399
3.346 11.866 0.348
3.494 22.519 0.730
25.166 27.285 0.765
24.581 29.988 0.329
32.999 42.950 1.010
8.838 26.687 0.247
10.584 29.271 0.017
30.822 42.633 0.247
14.777 30.496 2.079
8.907 25.582 0.696
12.425 36.031 0.953
33.664 38.167 0.895
28.967 31.785 1.690
3.269 37.185 1.732
25.512 34.254 0.827
3.776 11.939 0.955
13.725 22.057 2.101
12.412 23.093 0.355
7.291 15.143 0.626
6.898 9.981 0.771
20.076 39.050 2.216
17.858 24.089 2.100
19.277 36.192 1.086
9.944 20.672 2.154
11.982 37.747 1.892
25.196 27.140 1.829
10.439 41.500 0.666
34.378 40.826 1.190
10.247 27.415 2.118
3.742 8.506 1.900
11.305 32.008 0.883
20.604 24.608 0.993
38.999 39.190 0.172
36.592 41.664 0.947
7.506 22.660 0.234
27.118 40.421 1.213
33.487 38.551 0.624
34.818 42.771 0.343
21.535 23.441 0.508
8.185 15.268 0.455
7.981 29.659 2.201
29.552 38.911 0.677
31.445 42.325 2.119
33.773 35.279 0.596
2.476 10.257 2.079
35.710 42.720 0.827
15.263 34.491 0.762
35.502 39.246 0.874
26.986 35.036 0.614
21.114 38.874 1.845
29.853 40.929 1.119
22.362 29.945 0.641
2.166 33.815 2.096
14.739 21.222 0.649
12.983 39.460 0.115
9.953 15.535 0.929
35.011 41.574 1.399
7.874 34.879 1.039
17.333 38.270 1.464
6.978 41.702 0.742
28.376 41.057 0.454
1.892 5.022 1.709
5.233 26.191 0.189
22.758 28.146 1.226
3.087 6.315 0.701
16.451 23.363 0.308
32.826 36.415 1.170
39.518 41.793 2.108
11.377 27.130 1.626
11.790 28.555 0.793
32.445 34.265 1.190
33.169 35.331 1.275
20.383 37.340 2.177
18.957 41.134 1.038
21.954 40.663 0.840
26.389 34.956 0.282
4.497 25.829 0.644
31.651 41.510 0.849
29.774 35.214 1.067
17.684 28.116 1.348
25.282 34.496 1.282
33.467 33.982 0.427
4.370 13.010 0.093
10.238 33.696 0.944
17.709 31.608 0.306
34.271 37.627 1.855
36.953 38.437 0.721
24.274 42.169 0.024
21.490 22.635 0.890
9.483 30.170 2.037
6.104 25.868 0.038
36.669 39.254 1.501
16.222 20.828 2.221
15.983 25.816 1.164
13.136 21.703 1.438
11.598 39.943 1.227
19.123 35.476 0.755
18.414 29.349 1.340
36.892 41.045 0.278
5.947 10.587 0.569
4.081 36.520 1.586
19.630 35.262 1.044
16.740 20.671 1.472
33.224 41.910 0.848
20.801 30.903 2.213
29.028 35.163 1.450
32.536 35.041 1.961
29.743 33.504 0.833
32.759 36.873 1.803
22.529 25.424 0.402
30.284 34.523 0.952
6.839 16.512 1.252
12.745 32.831 0.518
27.937 38.177 1.542
2.241 41.090 0.758
12.828 18.337 0.708
14.742 41.926 0.636
9.449 30.638 0.600
30.241 34.676 1.340
28.486 39.073 0.777
0.863 28.034 1.611
5.055 20.533 1.656
20.958 34.816 1.988
19.807 35.411 0.071
22.139 34.428 0.804
30.571 30.631 0.052
21.878 29.074 1.721
31.761 40.427 1.921
11.858 25.225 1.239
4.071 8.645 0.896
26.728 38.086 0.372
26.831 41.383 1.699
30.263 34.601 1.310
4.458 32.890 0.614
39.099 40.818 1.122
32.048 36.783 1.410
19.305 29.597 2.297
37.920 41.309 0.507
23.028 41.623 0.335
18.317 20.923 1.477
26.230 29.443 1.708
26.030 30.358 0.459
29.286 40.190 2.287
35.732 42.350 1.260
34.754 41.087 1.417
29.243 39.731 0.349
6.111 29.138 0.931
28.672 41.585 1.909
2.549 27.326 0.908
19.523 37.655 1.038
23.151 35.046 0.772
14.413 18.326 1.724
3.826 7.759 2.293
15.867 27.272 0.249
17.356 29.313 0.620
8.999 31.034 0.601
35.724 40.106 2.022
16.468 42.075 0.534
29.575 39.500 0.786
24.135 41.156 1.429
27.299 29.491 0.542
21.267 34.321 1.646
0.604 20.677 1.175
38.834 42.369 2.046
9.833 18.852 0.238
18.652 21.174 1.396
15.447 42.950 0.268
29.597 29.749 0.094
27.210 39.013 2.200
30.035 38.933 0.325
24.510 42.593 1.525
2.844 37.721 2.087
25.140 36.281 2.045
6.088 28.152 2.067
10.518 30.980 0.404
33.373 41.857 1.542
17.941 35.251 2.261
28.350 40.329 0.134
29.876 41.208 2.241
12.565 19.035 0.271
11.671 38.409 2.180
9.991 38.649 0.497
17.236 41.198 0.473
30.133 35.515 0.897
22.319 41.867 1.451
29.450 35.752 1.693
22.008 36.029 2.255
13.107 32.229 0.989
27.827 38.342 1.127
10.734 13.063 0.241
5.591 13.191 1.044
25.860 31.867 1.971
32.704 42.263 1.437
4.091 23.728 0.585
28.045 31.126 1.619
14.880 41.947 1.108
3.954 8.540 1.045
20.829 38.513 0.750
32.966 39.365 1.697
2.069 42.630 0.431
17.088 36.194 1.480
36.030 42.574 1.939
19.319 36.848 1.104
30.309 39.984 0.883
10.960 12.769 0.835
32.890 38.270 1.743
8.971 18.153 0.190
25.028 32.078 1.765
10.188 35.136 1.115
22.477 37.011 0.800
38.685 40.534 0.924
35.555 40.607 1.362
13.894 38.359 1.843
32.600 34.340 0.974
25.296 38.192 2.260
19.971 33.218 0.424
9.535 20.614 1.983
39.583 42.085 1.886
12.869 32.997 0.917
37.235 40.337 2.079
30.547 42.463 1.209
36.681 38.390 1.478
10.542 36.402 0.664
10.323 22.250 0.660
36.576 39.564 1.882
12.886 41.852 0.529
9.820 37.352 2.147
4.136 13.998 1.328
15.038 37.141 0.440
35.869 36.928 0.711
30.081 38.027 1.654
21.917 24.979 0.848
2.755 5.582 1.778
12.806 17.789 0.709
21.037 37.500 0.753
23.940 41.686 1.333
26.418 36.740 1.633
2.871 4.126 0.678
30.887 38.872 2.294
12.210 17.310 1.093
20.624 33.115 0.431
15.090 34.373 1.175
28.930 38.220 1.628
4.934 33.340 2.201
2.255 22.842 0.524
5.347 23.759 2.240
31.385 40.701 1.408
24.504 31.218 1.931
39.922 42.268 1.973
6.292 41.648 0.248
39.154 40.783 1.344
2.739 19.231 0.761
17.234 38.294 1.689
23.868 35.533 2.020
36.294 38.196 0.474
7.165 19.332 1.011
8.671 35.989 1.920
34.245 38.635 0.916
37.950 41.955 0.110
12.024 19.799 1.195
26.748 30.102 0.666
34.889 41.896 1.086
36.471 38.643 1.346
17.841 38.703 1.569
39.282 42.273 2.221
3.519 26.344 0.117
34.501 40.169 1.363
23.221 38.957 0.651
15.486 20.561 2.028
38.718 40.585 0.133
13.754 14.635 0.825
12.682 36.492 0.487
19.631 40.422 0.141
15.904 28.693 1.308
28.263 37.428 1.308
24.249 31.566 0.450
31.041 38.697 2.083
32.484 42.551 1.837
30.807 38.656 0.453
20.557 39.415 1.940
29.167 38.332 1.588
15.861 42.568 2.020
21.315 34.560 0.582
27.231 42.295 1.474
22.490 33.259 0.624
8.106 15.706 2.015
5.961 32.086 1.661
22.272 42.932 1.431
39.998 42.209 1.376
21.008 39.337 0.105
35.707 38.523 1.268
0.214 35.583 2.147
3.993 37.368 0.301
15.264 18.713 1.753
13.062 15.345 0.037
14.793 21.295 0.014
22.984 31.191 1.717
17.576 38.647 0.264
15.790 41.260 0.736
