7.327 9.349 1.477
10.492 12.979 1.708
10.412 13.010 0.459
11.714 18.525 2.287
14.293 19.519 1.260
13.902 18.689 1.417
11.697 18.061 0.349
2.444 13.591 0.931
11.469 19.245 1.909
1.020 12.837 0.908
7.809 17.344 1.038
9.261 15.844 0.772
5.765 8.509 1.724
1.530 4.543 2.293
6.347 12.158 0.249
6.943 13.197 0.620
3.600 14.340 0.601
14.289 17.969 2.022
6.587 19.542 0.534
11.830 17.955 0.786
9.654 19.057 1.429
10.920 12.391 0.542
8.507 15.745 1.646
0.242 9.936 1.175
15.534 19.280 2.046
3.933 8.392 0.238
7.461 9.403 1.396
6.179 19.975 0.268
11.839 11.968 0.094
10.884 17.971 2.200
12.014 17.535 0.325
9.804 19.792 1.525
1.138 17.674 2.087
10.056 16.644 2.045
2.435 13.396 2.067
4.207 14.234 0.404
13.349 19.278 1.542
7.176 16.410 2.261
11.340 18.431 0.134
11.951 19.044 2.241
5.026 8.318 0.271
4.669 17.929 2.180
3.996 17.925 0.497
6.894 19.100 0.473
12.053 15.592 0.897
8.928 19.433 1.451
11.780 16.010 1.693
8.803 16.673 2.255
5.243 14.869 0.989
11.131 17.433 1.127
4.294 5.543 0.241
2.236 6.295 1.044
10.344 14.360 1.971
13.081 19.544 1.437
1.636 11.060 0.585
11.218 13.623 1.619
5.952 19.496 1.108
1.582 4.246 1.045
8.332 17.713 0.750
13.186 17.769 1.697
0.828 19.829 0.431
6.835 16.745 1.480
14.412 19.691 1.939
7.728 16.957 1.104
12.123 18.214 0.883
4.384 5.680 0.835
13.156 17.116 1.743
3.588 8.089 0.190
10.011 14.458 1.765
4.075 16.326 1.115
8.991 16.900 0.800
15.474 17.380 0.924
14.222 18.263 1.362
5.558 17.855 1.843
13.040 14.500 0.974
10.118 17.627 2.260
7.989 14.986 0.424
3.814 9.900 1.983
15.833 18.637 1.886
5.148 15.228 0.917
14.894 17.813 2.079
12.219 19.686 1.209
14.672 16.334 1.478
4.217 16.862 0.664
4.129 10.142 0.660
14.630 17.362 1.882
5.154 19.444 0.529
3.928 17.465 2.147
1.654 6.851 1.328
6.015 17.116 0.440
14.348 15.327 0.711
12.033 17.213 1.654
8.767 10.751 0.848
1.102 3.347 1.778
5.122 7.885 0.709
8.415 17.191 0.753
9.576 19.326 1.333
10.567 16.734 1.633
1.148 2.092 0.678
12.355 17.750 2.294
4.884 7.869 1.093
8.250 14.901 0.431
6.036 15.873 1.175
11.572 17.387 1.628
1.974 15.737 2.201
0.902 10.691 0.524
2.139 11.513 2.240
12.554 18.640 1.408
9.802 14.120 1.931
15.969 18.637 1.973
2.517 19.361 0.248
15.662 17.347 1.344
1.096 9.082 0.761
6.894 17.769 1.689
9.547 16.320 2.020
14.518 16.139 0.474
2.866 9.042 1.011
3.468 16.839 1.920
13.698 17.001 0.916
15.180 19.003 0.110
4.810 9.097 1.195
10.699 12.854 0.666
13.956 19.221 1.086
14.588 16.582 1.346
7.136 17.942 1.569
15.713 18.997 2.221
1.408 12.182 0.117
13.800 18.082 1.363
9.288 17.873 0.651
6.195 9.630 2.028
15.487 17.451 0.133
5.502 6.353 0.825
5.073 16.850 0.487
7.852 18.667 0.141
6.362 13.159 1.308
11.305 16.935 1.308
9.700 13.845 0.450
12.416 17.603 2.083
12.994 19.732 1.837
12.323 17.327 0.453
8.223 18.280 1.940
11.667 17.428 1.588
6.344 19.800 2.020
8.526 15.644 0.582
10.892 19.624 1.474
8.996 14.916 0.624
3.242 7.761 2.015
2.384 15.078 1.661
8.909 19.966 1.431
15.999 18.724 1.376
8.403 18.077 0.105
14.283 16.694 1.268
0.085 16.757 2.147
1.597 17.366 0.301
6.106 8.651 1.753
5.225 6.369 0.037
5.917 9.169 0.014
9.194 14.134 1.717
7.030 17.802 0.264
6.316 19.149 0.736
