0.045 8.621 1.296
29.115 34.558 1.346
12.610 34.690 2.061
26.878 37.347 0.400
25.578 30.480 1.181
0.539 14.690 0.210
5.303 38.618 0.382
16.045 16.425 0.274
0.321 21.292 0.869
20.563 32.301 1.384
5.984 21.705 1.525
12.676 28.724 0.131
28.199 34.701 1.846
10.870 31.862 2.015
34.412 37.868 2.129
5.124 13.909 1.063
31.041 37.352 0.482
30.372 38.998 2.293
22.014 27.198 0.903
10.702 13.260 1.932
13.531 30.848 0.213
2.024 35.999 0.020
9.932 27.280 0.628
24.883 35.666 1.927
17.458 33.601 0.472
16.865 37.928 1.053
26.800 34.208 0.249
13.868 29.834 1.691
20.607 24.099 0.831
8.104 33.103 0.978
18.616 34.501 2.277
12.440 30.031 0.389
17.708 32.651 0.146
18.173 37.967 0.339
5.097 29.227 2.082
10.910 13.799 0.981
34.798 36.772 1.571
31.581 36.689 1.890
6.889 33.205 0.409
17.110 28.318 0.358
26.353 30.561 0.933
20.475 34.860 1.569
25.989 28.548 1.093
13.241 15.998 1.920
18.613 28.177 1.525
3.768 36.402 2.183
19.784 29.269 0.796
13.499 22.911 1.948
16.420 38.626 0.625
10.721 27.499 1.700
7.056 34.152 1.751
14.316 36.415 1.152
0.989 23.731 2.288
1.818 10.019 1.222
30.350 36.532 1.442
7.123 12.752 1.937
3.957 16.135 1.709
33.878 36.038 0.658
5.049 33.664 1.686
25.488 35.933 1.381
9.098 9.478 0.332
2.196 33.849 1.854
7.581 25.081 0.266
0.513 18.149 0.262
27.080 34.278 1.578
2.660 10.800 1.004
25.064 31.526 0.668
8.367 25.303 1.329
22.633 31.067 0.368
34.670 38.795 1.600
6.838 13.209 0.773
35.826 38.996 1.052
3.510 8.162 1.438
15.758 18.923 2.142
32.206 34.266 0.667
27.686 30.725 0.945
22.611 30.774 1.390
16.789 31.389 1.375
30.773 36.628 1.906
25.953 31.660 1.301
6.634 25.356 1.697
32.583 34.249 0.559
21.770 32.510 1.607
12.647 15.811 1.137
26.667 34.852 1.408
24.880 28.560 1.850
20.737 37.561 1.996
22.129 24.460 1.674
24.040 30.291 2.246
20.491 24.291 0.703
3.908 34.076 1.999
26.795 31.025 0.356
2.857 26.087 0.176
29.520 34.461 1.254
14.723 26.393 0.687
18.043 25.051 0.351
26.568 36.970 0.722
34.527 38.322 2.009
10.802 16.285 2.171
2.367 22.442 1.805
21.947 25.219 2.199
31.523 34.951 1.504
3.773 12.670 1.162
10.451 27.136 2.116
23.861 31.451 0.263
13.649 33.998 1.143
18.333 32.830 0.879
19.157 27.842 1.394
0.212 5.579 1.628
22.430 31.584 1.985
26.904 32.210 1.143
28.273 32.921 1.271
34.406 36.412 1.451
13.473 32.524 0.303
34.262 35.762 1.408
11.874 29.260 0.129
4.739 34.616 1.948
21.488 36.685 1.660
0.528 27.848 0.291
22.217 23.791 0.500
6.081 18.252 1.435
11.499 29.964 0.845
28.886 35.090 1.856
22.000 37.493 1.836
5.213 19.676 1.449
9.133 34.720 0.314
2.382 23.797 0.984
10.882 18.201 1.261
11.209 33.714 0.254
4.850 31.902 0.654
32.228 37.730 1.816
22.148 36.703 0.831
8.226 16.817 1.986
8.984 38.564 1.248
1.937 21.472 0.187
15.365 21.643 0.218
32.095 33.564 0.535
4.503 9.238 2.143
1.695 14.334 0.135
32.929 36.077 0.917
34.062 37.597 1.926
30.316 34.730 1.595
9.330 24.929 0.010
34.373 36.184 0.917
21.080 33.523 0.587
34.030 38.564 1.002
0.258 24.426 2.164
28.302 30.963 1.326
8.004 9.013 0.881
15.045 30.918 0.189
30.784 37.476 0.149
23.834 36.322 1.590
19.085 23.280 1.577
24.822 36.221 1.674
1.118 26.244 1.998
25.436 33.011 0.197
34.125 35.563 0.135
5.226 27.024 2.258
10.521 22.330 2.122
25.003 27.610 0.503
8.660 36.152 1.199
3.831 20.525 2.076
2.884 10.578 1.799
35.078 38.723 1.785
7.583 8.747 1.050
27.023 32.026 0.262
11.201 14.468 2.283
9.075 16.815 0.435
5.526 35.327 1.427
33.807 37.955 0.450
23.240 37.705 1.511
16.396 32.121 2.119
5.427 25.178 1.464
15.193 29.059 2.169
20.829 26.386 1.234
14.290 15.971 0.806
28.629 29.778 0.452
14.019 17.053 1.359
7.116 27.788 0.359
16.356 32.567 1.390
15.887 26.002 1.574
30.086 32.955 1.362
34.181 37.294 2.015
35.548 38.685 0.426
20.680 32.552 1.017
25.507 29.441 0.114
9.367 35.996 0.938
25.567 37.778 1.675
14.168 36.701 0.914
11.110 27.407 0.893
12.728 32.740 1.687
26.510 29.714 1.701
7.206 29.040 0.627
32.801 36.418 0.846
3.938 12.721 2.087
18.647 28.418 1.506
24.755 26.080 0.208
2.728 15.649 0.064
11.060 16.421 1.604
14.215 31.014 0.156
26.098 35.192 0.457
22.166 32.010 1.506
3.539 6.491 1.254
35.085 38.914 1.067
26.203 35.295 1.221
24.941 30.928 0.856
1.799 9.653 1.862
2.190 31.221 0.714
7.649 23.225 0.740
0.330 20.467 1.012
21.814 29.752 1.745
12.593 37.589 1.938
22.439 25.496 2.294
20.263 28.728 1.986
11.031 12.414 0.654
22.052 23.251 0.900
1.117 33.767 1.048
33.724 37.813 0.924
22.017 37.116 1.859
20.974 23.658 1.369
28.554 35.159 1.063
21.220 35.970 1.309
24.219 25.152 0.790
9.623 17.045 0.786
27.757 37.648 0.855
4.207 26.708 1.669
32.182 36.029 0.421
32.472 38.835 1.794
7.105 32.959 2.074
34.322 38.701 1.952
22.634 32.894 0.427
9.540 31.265 0.576
28.372 36.072 0.393
17.314 34.841 0.187
30.792 33.514 0.287
20.640 34.890 1.088
6.907 38.849 1.674
0.553 27.604 1.490
6.269 15.389 0.166
24.359 33.364 1.930
13.364 20.701 1.793
22.976 26.679 0.533
34.957 35.683 0.648
27.692 28.556 0.349
0.333 25.515 0.802
12.357 24.010 0.953
3.264 28.630 1.254
12.168 35.867 1.512
19.277 21.582 1.311
16.768 26.599 0.598
31.080 32.794 1.119
20.369 35.234 1.632
31.112 34.806 1.956
31.118 37.380 1.483
29.831 38.051 1.761
32.700 36.991 2.099
15.846 24.203 0.248
29.630 32.038 0.984
0.031 30.518 1.512
2.294 16.577 0.207
24.620 28.407 1.858
5.143 16.935 0.111
0.668 26.286 2.250
1.931 26.324 2.103
15.542 21.269 0.048
14.110 33.899 1.504
0.822 7.744 1.900
22.834 38.754 1.266
16.683 23.739 0.494
28.158 33.778 0.788
21.889 38.737 0.236
27.210 32.779 0.347
25.619 36.512 2.297
23.099 38.220 1.429
24.774 33.131 0.667
10.454 31.152 1.261
8.872 24.352 1.257
34.274 38.252 1.541
22.441 35.874 1.025
26.839 31.137 2.275
22.661 33.177 2.093
33.062 36.562 1.163
16.190 37.762 2.045
6.585 13.628 0.580
26.298 35.049 2.165
1.489 4.208 1.475
20.029 29.190 1.252
2.209 8.908 2.291
21.633 24.730 0.116
23.769 29.104 0.765
23.529 30.683 0.944
7.979 14.443 1.561
17.912 35.070 1.168
15.663 23.592 0.010
13.532 34.653 0.296
26.399 35.237 2.050
23.421 35.170 1.183
26.538 33.519 2.201
13.077 36.553 0.258
29.564 31.522 1.046
31.300 33.284 1.751
15.000 18.633 2.153
5.935 10.230 0.486
21.280 32.340 0.272
20.883 34.563 1.588
32.963 35.846 1.540
29.119 38.977 0.870
27.811 30.109 0.470
13.977 28.690 0.417
7.042 14.911 2.208
13.742 17.409 0.699
7.134 31.732 0.106
27.397 29.441 2.026
16.150 34.660 0.981
16.609 33.674 1.138
8.586 12.574 1.287
33.193 38.464 2.056
2.147 25.855 1.129
26.900 31.289 1.739
32.757 35.461 1.822
19.902 29.931 0.118
28.453 30.288 1.620
26.343 38.023 1.273
31.520 35.077 1.833
14.218 16.571 1.108
23.471 35.407 0.002
27.223 29.473 0.505
2.071 4.770 1.542
12.451 33.965 1.605
15.705 31.333 2.258
10.631 35.573 1.097
2.854 8.230 0.232
5.148 17.059 2.111
13.458 16.433 1.872
29.311 38.067 0.552
9.234 15.917 0.620
8.258 35.396 1.946
31.957 37.007 1.943
1.472 8.694 0.399
12.813 18.501 1.033
32.201 36.566 1.433
32.820 37.659 1.202
35.976 38.895 2.229
30.247 33.735 0.337
10.237 38.255 0.393
26.705 28.682 1.648
23.221 35.327 1.869
29.454 36.397 0.287
13.503 36.970 1.495
32.028 37.438 0.074
16.159 21.394 0.017
15.065 37.091 0.360
18.061 33.996 0.559
32.635 33.314 0.491
27.762 34.250 0.525
29.030 33.646 1.960
19.401 36.737 2.281
23.287 36.157 0.524
13.358 15.069 0.844
20.207 23.263 0.915
