1.631 3.056 0.947
10.999 13.015 0.595
3.658 17.808 0.435
12.213 16.032 0.110
0.898 4.545 2.211
9.048 16.277 2.214
14.059 17.015 0.940
6.616 17.903 1.515
15.123 15.784 0.651
9.860 16.552 0.114
6.751 15.622 2.195
3.214 9.559 0.953
9.970 11.869 1.859
1.684 7.411 0.907
5.069 18.090 1.896
4.985 13.661 0.455
7.505 14.216 2.289
5.896 11.916 0.963
9.287 14.239 2.019
6.294 14.346 2.187
6.697 17.343 1.399
1.338 5.494 0.348
1.398 10.560 0.730
10.066 11.559 0.765
9.832 12.923 0.329
13.200 19.968 1.010
3.535 12.199 0.247
4.234 13.326 0.017
12.329 19.771 0.247
5.911 14.256 2.079
3.563 11.790 0.696
4.970 16.688 0.953
13.466 16.771 0.895
11.587 13.892 1.690
1.308 17.405 1.732
10.205 15.292 0.827
1.510 5.768 0.955
5.490 10.436 2.101
4.965 10.334 0.355
2.917 6.932 0.626
2.759 4.608 0.771
8.031 18.140 2.216
7.143 11.171 2.100
7.711 16.630 1.086
3.978 9.980 2.154
4.793 17.598 1.892
10.078 11.965 1.829
4.175 19.287 0.666
13.751 18.520 1.190
4.099 12.988 2.118
1.497 4.670 1.900
4.522 14.794 0.883
8.241 10.749 0.993
15.600 15.793 0.172
14.637 18.919 0.947
3.003 10.330 0.234
10.847 18.604 1.213
13.395 17.007 0.624
13.927 19.833 0.343
8.614 9.848 0.508
3.274 6.868 0.455
3.192 14.062 2.201
11.821 17.598 0.677
12.578 19.620 2.119
13.509 14.726 0.596
0.990 5.580 2.079
14.284 19.788 0.827
6.105 15.858 0.762
14.201 17.209 0.874
10.794 15.557 0.614
8.446 18.001 1.845
11.941 18.805 1.119
8.945 13.201 0.641
0.866 15.960 2.096
5.896 9.387 0.649
5.193 18.261 0.115
3.981 7.096 0.929
14.004 19.005 1.399
3.150 16.233 1.039
6.933 17.732 1.464
2.791 19.394 0.742
11.350 18.876 0.454
0.757 3.098 1.709
2.093 12.075 0.189
9.103 12.446 1.226
1.235 3.100 0.701
6.580 10.188 0.308
13.130 15.832 1.170
15.807 18.169 2.108
4.551 12.687 1.626
4.716 13.118 0.793
12.978 14.560 1.190
13.267 15.108 1.275
8.153 17.323 2.177
7.583 19.077 1.038
8.782 18.800 0.840
10.555 15.486 0.282
1.799 12.037 0.644
12.661 19.079 0.849
11.910 15.503 1.067
7.073 12.810 1.348
10.113 15.548 1.282
13.387 13.874 0.427
1.748 5.869 0.093
4.095 15.625 0.944
7.084 14.250 0.306
13.708 16.532 1.855
14.781 16.146 0.721
9.710 19.544 0.024
8.596 9.616 0.890
3.793 14.225 2.037
2.441 11.857 0.038
14.667 17.029 1.501
6.489 9.806 2.221
6.393 11.729 1.164
5.255 10.030 1.438
4.639 18.568 1.227
7.649 16.226 0.755
7.365 13.368 1.340
14.757 18.335 0.278
2.379 4.851 0.569
1.632 17.087 1.586
7.852 16.152 1.044
6.696 9.342 1.472
13.289 19.284 0.848
8.321 14.270 2.213
11.611 15.657 1.450
13.015 15.297 1.961
11.897 14.443 0.833
13.103 16.301 1.803
9.012 10.729 0.402
12.114 15.003 0.952
2.735 7.850 1.252
5.098 15.081 0.518
11.175 17.402 1.542
0.897 19.124 0.758
5.131 8.146 0.708
5.897 19.476 0.636
3.779 14.140 0.600
12.097 15.216 1.340
11.394 17.762 0.777
0.345 13.336 1.611
2.022 9.895 1.656
8.383 16.071 1.988
7.923 16.059 0.071
8.856 15.580 0.804
12.228 12.285 0.052
8.751 13.161 1.721
12.704 18.516 1.921
4.743 11.668 1.239
1.628 4.214 0.896
10.691 17.238 0.372
10.732 19.154 1.699
12.105 15.160 1.310
1.783 15.308 0.614
15.640 17.458 1.122
12.819 16.240 1.410
7.722 13.748 2.297
15.168 18.401 0.507
9.211 19.267 0.335
