19.483 46.105 0.086
43.496 57.226 1.796
35.606 50.078 2.106
47.667 54.592 1.748
46.360 54.651 0.949
44.111 45.594 1.409
12.149 54.619 1.642
17.068 48.346 0.139
7.934 34.213 0.360
9.101 53.557 1.205
56.779 59.686 1.314
37.679 38.274 0.433
36.714 53.208 1.117
55.516 60.409 0.106
1.793 31.118 2.393
5.806 17.064 1.070
31.618 35.591 1.717
21.739 42.863 1.263
31.087 47.080 1.045
18.203 36.415 1.546
1.130 49.670 1.905
50.028 57.857 1.423
49.283 50.833 0.632
12.693 16.466 2.026
23.588 58.987 1.071
46.025 48.044 0.681
32.081 61.128 1.353
36.117 58.056 2.032
10.260 21.363 1.307
23.405 45.306 1.584
58.467 61.183 2.156
42.705 61.532 0.342
26.804 29.207 0.659
11.767 12.991 0.333
15.341 62.670 1.100
16.006 36.319 1.931
38.761 62.016 0.879
35.866 43.302 1.566
15.270 55.455 1.568
37.490 41.922 1.586
16.696 59.593 0.221
44.375 52.088 1.954
17.927 42.639 0.528
14.957 44.358 0.037
46.611 48.441 0.576
56.230 62.576 1.587
55.882 63.199 1.247
13.880 47.459 2.235
1.252 57.260 1.993
42.738 49.714 0.907
35.335 49.459 1.635
4.801 15.732 1.110
37.953 55.208 1.392
53.554 60.778 2.144
32.466 59.792 0.641
29.904 59.299 1.435
38.603 44.644 1.002
44.624 50.974 0.509
55.951 62.848 1.371
21.895 57.415 2.158
37.415 62.353 0.827
36.282 47.041 1.625
16.365 35.509 0.859
38.307 52.741 1.800
52.079 53.908 0.691
59.562 62.998 0.419
12.999 47.014 0.144
24.372 57.769 0.280
43.934 57.584 1.151
38.882 57.593 0.478
58.802 61.913 2.092
47.561 50.704 1.792
42.806 58.737 1.337
29.236 33.652 1.587
14.001 34.885 0.635
56.927 62.324 2.067
22.094 48.358 0.493
55.983 62.858 1.943
49.085 57.213 1.330
50.389 62.314 2.156
39.783 57.094 1.298
35.383 36.627 0.272
7.724 60.194 1.936
3.058 55.462 2.072
50.951 53.201 1.734
44.014 47.981 1.846
30.303 32.436 0.404
19.765 38.565 1.416
27.452 33.875 1.065
35.168 60.787 1.115
28.637 36.905 1.484
4.854 63.838 0.336
30.352 48.853 1.720
50.359 53.908 2.459
12.541 35.444 1.833
32.453 37.988 0.436
30.777 50.074 0.124
24.090 60.953 1.778
58.861 62.858 2.327
50.251 61.614 1.484
24.777 48.663 0.779
49.978 58.345 0.416
3.572 61.933 2.486
40.001 41.216 1.043
57.834 60.313 1.635
26.366 63.484 1.645
47.625 60.870 0.682
47.790 53.468 0.374
44.655 63.114 0.058
29.563 44.618 1.200
17.073 24.235 0.059
7.266 12.029 1.215
19.866 59.895 2.426
32.819 39.718 2.090
28.219 42.213 1.325
28.897 41.456 1.818
45.206 50.883 1.670
19.168 27.806 0.185
58.310 62.190 2.359
58.433 62.536 1.825
48.891 49.955 0.789
6.272 40.863 0.796
32.447 60.018 0.778
57.643 62.438 1.862
22.752 44.476 1.649
11.360 18.014 0.244
27.353 57.744 1.908
30.517 35.888 2.455
12.752 37.390 2.101
14.440 33.789 0.148
42.575 57.905 0.818
28.001 62.039 0.623
28.558 40.734 0.727
7.850 12.004 0.918
19.785 53.505 0.849
54.402 58.160 1.265
27.718 52.133 2.249
10.318 49.085 2.184
40.793 53.576 2.295
8.626 24.825 1.696
40.156 51.102 0.413
13.638 43.744 1.650
4.889 11.481 1.176
3.329 40.891 1.436
48.541 50.661 1.371
40.074 62.686 0.107
36.161 42.521 1.761
55.118 63.934 0.623
50.174 53.586 1.892
38.653 46.753 1.582
21.369 34.804 0.269
28.935 44.607 1.658
36.051 44.189 0.408
38.433 40.092 1.365
9.066 41.920 0.917
29.768 55.365 2.420
12.662 17.393 0.234
46.895 48.850 0.905
50.531 58.566 1.743
24.753 50.766 0.699
42.227 61.293 0.471
51.575 61.976 2.284
13.171 56.617 1.364
28.858 44.841 0.667
6.922 13.566 1.416
33.072 56.541 1.287
47.010 50.853 1.610
57.237 60.773 1.024
32.779 53.951 0.014
47.528 59.944 1.773
14.878 27.339 2.177
37.393 55.287 0.665
18.837 27.208 2.152
46.748 57.152 0.351
6.956 63.398 2.256
24.268 58.034 1.481
47.215 62.051 2.333
34.046 47.201 1.587
10.265 46.003 0.280
11.388 54.509 1.653
59.692 61.019 0.046
43.972 46.136 0.222
13.746 27.804 1.726
41.185 60.257 1.550
36.435 52.280 0.860
4.014 34.032 0.652
59.555 60.768 1.144
27.630 52.694 0.587
22.515 29.359 1.546
46.433 61.328 0.133
21.182 61.511 0.824
54.287 58.110 2.153
37.800 42.760 2.282
8.330 41.078 0.957
59.057 63.454 2.290
20.931 24.265 2.478
55.895 62.395 0.217
8.086 37.475 0.593
34.200 63.079 0.524
1.846 59.377 0.526
27.708 62.989 2.469
56.296 58.396 0.000
30.629 50.407 2.110
8.914 23.944 2.302
15.310 51.009 0.325
49.306 51.077 1.626
27.064 60.778 2.199
42.645 47.272 1.657
51.679 54.380 0.213
23.511 39.958 2.307
28.624 31.547 1.494
24.262 35.701 0.965
31.966 63.523 0.733
38.514 55.563 0.059
19.078 34.433 0.651
11.963 55.860 1.280
31.927 52.992 1.284
47.265 50.251 0.002
24.346 53.329 0.778
54.490 59.492 0.328
39.109 44.472 1.611
21.332 50.244 0.883
7.788 53.489 2.466
25.116 32.735 0.442
32.444 52.181 0.288
29.417 61.986 2.453
8.004 20.854 1.997
49.209 63.038 2.307
55.865 63.979 1.457
57.219 60.849 0.171
59.680 62.878 2.177
8.454 25.913 1.620
21.572 38.241 0.354
46.805 54.912 2.468
8.163 12.777 1.453
54.899 58.736 2.019
28.567 49.203 1.932
3.602 45.129 2.063
18.383 33.974 1.233
17.897 61.588 1.407
32.090 35.779 0.616
49.118 56.405 1.560
28.701 44.036 0.096
57.158 59.724 0.004
9.577 13.717 0.502
27.534 39.186 2.309
30.380 63.899 2.291
24.925 46.149 2.266
58.779 62.014 1.523
44.296 63.647 1.774
23.251 31.830 1.720
10.489 49.538 1.003
13.620 31.848 0.905
44.820 46.085 0.877
28.206 40.076 1.313
10.117 63.236 0.832
53.507 54.005 0.446
51.425 62.430 1.573
27.170 51.429 1.467
55.550 63.526 1.798
31.609 61.224 1.414
6.660 18.250 1.121
31.149 43.493 2.481
4.155 10.894 0.293
17.817 61.573 0.115
1.110 55.529 0.794
26.985 33.402 2.144
23.920 44.189 0.619
21.971 48.792 0.927
13.803 49.880 0.517
3.455 11.491 0.916
16.337 49.179 1.819
12.984 50.561 2.351
3.389 61.959 2.157
47.338 61.811 0.855
30.376 53.167 0.610
59.487 60.232 0.361
18.166 40.591 0.457
50.039 52.167 0.724
30.605 61.669 0.065
27.617 33.754 2.123
23.107 48.365 1.844
35.454 57.087 0.947
52.648 58.454 2.358
41.603 54.394 1.860
11.994 46.530 0.102
49.667 50.917 0.836
9.046 13.658 0.228
2.714 5.812 1.915
42.811 46.601 1.635
23.083 48.488 1.759
58.689 60.856 0.483
32.268 45.736 0.820
44.489 50.190 1.809
45.684 56.699 1.175
22.916 62.582 1.674
14.255 55.363 1.399
53.144 56.523 0.113
25.960 30.445 1.200
21.437 34.761 1.795
43.264 56.140 0.719
5.947 37.288 0.608
14.204 43.906 1.634
31.158 58.235 0.617
13.277 35.941 2.427
50.727 52.896 0.423
40.751 47.636 1.120
1.088 16.053 0.011
33.026 41.633 0.767
19.423 26.380 0.250
29.812 61.527 1.354
26.408 35.275 1.876
23.453 58.417 1.835
43.564 55.136 2.104
19.514 52.162 0.512
54.856 57.379 2.032
2.979 16.067 1.360
59.839 62.807 0.812
48.775 63.553 0.832
8.522 62.097 2.177
16.163 44.831 2.058
3.917 20.220 1.971
1.644 31.419 1.510
34.236 35.741 0.785
11.364 14.787 2.360
0.643 39.830 0.367
29.734 54.010 1.830
25.582 44.335 0.032
3.082 25.077 2.057
8.709 14.324 1.572
43.339 47.946 0.714
49.777 57.478 2.131
44.555 60.577 1.668
27.954 57.689 0.722
31.918 45.057 0.098
42.420 61.841 2.171
46.254 58.605 1.059
27.404 59.872 1.198
4.530 32.816 0.817
43.342 57.644 0.826
45.904 54.533 1.631
42.185 52.384 2.204
50.844 53.264 0.914
56.620 60.814 1.540
5.664 10.765 0.110
17.408 63.656 0.461
33.366 42.890 0.049
27.879 60.326 0.554
42.059 53.153 0.743
27.201 37.916 0.023
11.512 39.881 2.431
42.053 47.196 1.868
44.329 59.627 1.441
26.954 49.293 0.431
8.134 38.021 1.935
34.678 44.687 0.520
6.792 60.083 0.671
6.949 44.722 2.193
39.125 53.692 1.842
19.877 35.606 1.278
30.865 63.499 0.644
5.488 26.322 2.338
36.741 52.802 0.359
8.143 31.808 1.101
2.336 15.765 1.088
9.606 39.849 1.509
47.270 59.456 1.851
17.059 38.236 2.486
59.572 61.640 1.665
41.572 62.456 0.339
33.645 42.512 2.450
8.061 16.561 1.063
58.204 60.875 2.319
39.211 56.279 1.598
23.643 55.592 2.465
32.394 60.444 2.038
48.004 55.252 2.104
8.260 12.960 0.837
54.320 60.700 1.771
59.361 62.394 1.344
27.511 35.770 0.799
54.812 58.359 2.021
53.240 58.728 0.587
10.007 23.458 1.126
32.059 57.382 1.332
56.006 58.865 0.877
7.205 61.974 1.827
9.373 18.813 0.392
20.825 63.119 2.346
17.104 58.277 2.449
19.055 40.000 2.435
0.388 13.607 0.463
18.544 37.586 1.417
33.037 63.983 0.591
3.164 23.347 2.385
52.619 54.194 1.070
37.474 49.198 0.746
2.573 61.018 0.887
0.302 60.875 1.262
28.895 63.606 1.711
55.268 61.109 0.866
53.251 62.119 2.217
22.429 31.484 1.101
3.043 21.017 1.624
54.380 59.672 1.648
25.136 49.770 0.978
48.101 54.280 0.395
31.764 53.728 0.488
38.603 50.169 1.177
51.614 59.010 0.672
39.058 53.052 0.465
13.814 19.170 0.713
32.391 58.526 1.770
45.272 51.504 0.856
58.683 60.527 1.584
39.644 58.421 0.922
38.576 40.647 1.204
7.037 17.915 0.690
2.886 58.095 0.058
44.560 63.502 1.497
20.106 49.437 0.928
46.677 49.690 1.063
44.102 45.775 1.164
8.593 53.396 1.777
1.439 26.550 1.835
52.785 61.867 0.527
38.984 47.933 1.621
56.153 62.971 2.295
55.204 62.334 1.863
0.396 37.595 1.538
20.433 25.605 1.529
18.610 28.787 1.636
29.756 33.984 0.984
54.344 61.894 2.221
24.605 61.206 1.931
32.962 43.197 1.300
43.269 50.114 0.389
16.467 28.760 0.157
53.476 61.952 0.423
59.637 60.591 0.655
39.968 44.467 1.389
34.833 38.822 0.918
43.643 47.126 1.000
12.635 30.828 0.361
34.125 47.305 0.855
23.059 52.880 0.342
41.951 61.794 0.533
5.081 27.645 1.365
57.480 59.008 1.231
7.885 62.997 0.766
38.580 47.834 0.578
3.345 46.635 0.320
55.657 58.419 1.915
53.115 58.797 0.231
18.216 38.565 1.908
12.832 58.479 1.052
9.242 57.856 0.063
58.039 61.218 2.358
39.944 51.548 0.472
28.574 52.907 0.420
45.142 48.013 0.110
58.489 60.444 0.910
6.458 32.098 2.177
33.771 54.432 0.690
33.821 53.735 0.047
8.623 53.696 1.753
13.261 57.944 0.178
59.365 63.835 1.772
58.079 60.105 1.266
31.590 58.380 1.210
38.408 48.641 2.093
47.796 53.906 0.439
48.977 56.907 0.005
57.165 58.564 1.047
43.507 46.785 0.821
14.087 41.174 2.380
34.515 58.651 2.203
14.526 61.206 1.560
26.525 63.556 1.375
7.324 47.651 1.704
16.746 43.338 2.293
38.261 42.246 0.515
17.064 29.174 2.414
5.719 57.411 1.239
22.871 31.293 0.257
55.737 60.472 1.911
34.722 40.153 2.378
28.325 37.731 0.762
6.019 9.784 2.467
13.977 42.965 2.311
1.165 36.315 1.425
56.592 59.026 1.485
21.278 29.773 0.615
54.139 55.371 1.217
46.549 59.022 1.561
48.817 51.587 1.443
52.622 60.085 1.784
31.740 60.856 0.732
0.861 28.719 1.160
0.670 30.169 0.112
36.391 41.309 1.456
30.763 59.300 0.980
10.910 49.617 1.278
34.897 58.891 1.883
56.883 63.020 2.495
9.727 42.814 1.541
53.463 58.047 2.452
53.315 58.422 1.753
59.738 62.547 1.916
47.902 58.989 0.357
45.263 60.100 1.877
14.250 36.624 0.330
18.719 34.816 0.970
49.751 62.422 0.364
0.491 23.021 2.171
8.537 38.013 1.522
21.521 35.812 0.359
15.742 44.733 0.330
16.317 18.472 1.611
57.169 61.887 0.018
10.214 14.327 1.117
37.659 60.131 0.129
17.148 29.014 2.041
3.781 22.182 1.915
21.973 27.998 0.457
46.514 52.703 1.939
58.242 60.131 1.862
25.061 31.557 0.606
5.698 25.119 0.628
31.219 51.663 0.092
39.250 60.408 0.271
32.184 53.695 1.283
0.165 1.415 0.089
36.119 42.008 1.076
48.369 49.066 0.181
46.474 60.207 1.172
49.319 53.199 0.029
55.512 61.661 1.404
7.691 18.240 0.995
2.331 16.917 1.352
40.343 46.385 0.551
33.286 62.906 2.345
20.393 24.722 1.136
40.609 49.458 2.274
40.125 52.374 2.047
25.817 36.580 1.755
30.393 45.425 1.535
45.536 49.839 1.326
55.754 61.465 1.076
16.202 60.924 1.978
15.079 37.365 2.473
28.329 32.486 2.076
34.645 47.459 1.285
38.012 62.715 1.572
41.764 45.473 2.463
50.599 59.285 1.030
49.971 62.694 1.168
36.653 56.440 2.320
28.461 61.367 1.591
30.689 50.515 1.530
46.961 55.536 1.716
6.456 29.699 1.784
39.642 48.004 0.484
46.074 61.601 0.638
55.734 58.519 0.749
11.668 58.645 0.372
57.550 63.151 2.331
34.932 52.496 1.128
6.290 33.511 1.982
29.386 30.233 0.651
59.755 62.393 1.630
50.031 62.618 1.941
51.260 53.259 0.617
2.659 7.787 0.402
3.525 14.253 2.075
28.023 31.185 1.707
52.064 53.984 1.012
41.797 44.365 2.146
7.671 16.429 2.267
47.329 63.110 1.199
34.084 61.813 0.719
22.061 51.228 0.612
32.460 36.365 1.656
37.657 45.386 1.828
26.502 51.879 1.448
15.845 38.714 0.912
8.256 40.075 0.408
34.372 43.069 1.038
12.384 16.030 1.235
27.470 36.317 1.370
13.501 32.914 0.585
0.765 9.986 1.708
24.693 52.484 0.886
48.731 55.297 1.274
12.624 61.534 2.350
11.388 59.815 1.421
33.804 63.899 1.472
43.293 51.353 0.007
14.585 60.262 0.086
59.557 62.919 1.217
