0.075 13.614 1.465
48.524 56.742 1.521
21.017 56.798 2.330
44.796 61.355 0.453
42.630 50.056 1.335
0.899 24.047 0.238
8.839 63.372 0.431
26.742 27.224 0.310
0.535 34.737 0.982
34.271 52.936 1.565
9.974 35.275 1.724
21.127 47.239 0.148
46.999 56.839 2.087
18.117 52.082 2.278
57.354 62.047 2.407
8.540 22.510 1.201
51.734 61.417 0.545
50.619 63.997 2.592
36.690 44.709 1.020
17.837 21.065 2.184
22.552 50.699 0.241
3.373 59.078 0.023
16.553 44.740 0.710
41.471 58.434 2.178
29.096 55.192 0.534
28.108 62.236 1.191
44.666 56.361 0.282
23.114 48.760 1.911
34.344 39.636 0.939
13.506 54.265 1.105
31.026 56.447 2.574
20.734 49.324 0.439
29.514 53.695 0.165
30.288 62.320 0.383
8.495 47.677 2.353
18.183 22.438 1.109
57.997 60.421 1.776
52.635 60.143 2.136
11.481 54.484 0.463
28.516 46.598 0.404
43.921 50.294 1.055
34.125 57.139 1.774
43.315 46.943 1.236
22.069 25.634 2.170
31.021 46.066 1.724
6.281 59.656 2.468
32.973 48.084 0.900
22.499 37.154 2.202
27.366 63.388 0.707
17.868 44.869 1.922
11.759 55.930 1.979
23.859 59.734 1.302
1.648 38.455 2.586
3.030 15.976 1.381
50.583 59.964 1.630
11.871 20.219 2.190
6.596 25.950 1.932
56.464 59.492 0.744
8.416 55.123 1.906
42.480 58.955 1.561
15.163 15.617 0.376
3.660 55.416 2.096
12.635 41.185 0.301
0.855 29.717 0.296
45.133 56.201 1.784
4.433 17.368 1.135
41.773 51.905 0.755
13.946 41.306 1.502
37.721 51.176 0.416
57.783 63.668 1.809
11.397 21.496 0.873
59.711 63.994 1.189
5.850 12.811 1.625
26.264 30.396 2.422
53.677 56.606 0.754
46.144 50.603 1.068
37.684 50.430 1.571
27.981 51.411 1.554
51.288 60.039 2.155
43.254 51.956 1.471
11.056 41.301 1.919
54.305 56.649 0.631
36.283 53.241 1.816
21.078 25.710 1.286
44.445 57.181 1.591
41.467 46.607 2.092
34.562 61.596 2.256
36.882 39.864 1.892
40.067 49.345 2.539
34.152 40.000 0.795
6.513 55.783 2.260
44.659 51.253 0.403
4.761 42.803 0.199
49.200 56.616 1.417
24.539 43.325 0.777
30.072 41.301 0.397
44.280 60.724 0.816
57.544 62.849 2.271
18.003 25.998 2.454
3.944 36.419 2.041
36.578 40.866 2.486
52.538 57.383 1.700
6.288 20.409 1.313
17.418 44.166 2.392
39.768 51.854 0.298
22.748 55.743 1.292
30.556 53.881 0.994
31.929 45.556 1.576
0.353 8.413 1.840
37.384 51.607 2.244
44.840 52.924 1.292
47.122 54.073 1.437
57.343 59.869 1.640
22.455 53.422 0.342
57.103 58.842 1.591
19.791 48.102 0.145
7.898 56.687 2.202
35.813 60.158 1.876
0.881 45.659 0.329
37.029 39.336 0.566
10.135 29.572 1.623
19.164 49.125 0.956
48.144 57.486 2.098
36.666 61.489 2.075
8.689 31.926 1.638
15.222 56.988 0.355
3.970 38.863 1.112
18.137 29.586 1.425
18.681 55.356 0.288
8.083 52.308 0.739
53.714 61.891 2.053
36.913 60.252 0.939
13.710 26.978 2.245
14.973 63.278 1.410
3.228 35.214 0.212
25.608 35.726 0.246
53.492 55.549 0.605
7.506 14.260 2.422
2.825 23.506 0.153
54.882 59.416 1.036
56.770 61.646 2.177
50.526 56.970 1.803
15.550 41.020 0.011
57.288 59.693 1.037
35.134 55.088 0.663
56.717 63.325 1.132
0.430 39.646 2.447
47.169 50.852 1.499
13.340 14.548 0.996
25.075 50.836 0.214
51.306 61.633 0.169
39.724 59.565 1.798
31.808 37.932 1.783
41.370 59.391 1.893
1.864 42.715 2.259
42.394 54.420 0.222
56.874 58.944 0.153
8.711 43.959 2.553
17.535 36.129 2.398
41.672 45.634 0.568
14.433 59.289 1.356
6.385 33.145 2.347
4.807 16.660 2.033
58.464 63.544 2.017
12.638 14.014 1.187
45.038 52.889 0.297
18.668 22.898 2.581
15.125 27.601 0.492
9.210 57.904 1.613
56.345 62.425 0.509
38.733 61.860 1.708
27.327 52.489 2.395
9.046 41.056 1.654
25.322 47.357 2.452
34.714 43.229 1.395
23.817 26.166 0.911
47.715 49.335 0.511
23.365 27.674 1.536
11.860 45.600 0.405
27.260 53.356 1.571
26.478 42.430 1.780
50.143 54.141 1.540
56.968 61.108 2.278
59.247 63.555 0.482
34.467 53.423 1.149
42.511 48.740 0.129
15.612 59.046 1.060
42.612 61.974 1.894
23.614 60.217 1.033
18.516 44.901 1.009
21.213 53.590 1.908
44.183 48.598 1.923
12.010 47.613 0.709
54.668 59.960 0.956
6.563 20.107 2.359
31.078 46.471 1.703
41.259 43.284 0.235
4.547 25.704 0.072
18.434 26.489 1.813
23.691 50.987 0.176
43.496 57.884 0.517
36.943 52.438 1.703
5.898 10.129 1.418
58.475 63.870 1.206
43.672 57.935 1.380
41.568 50.877 0.967
2.998 15.090 2.105
3.649 51.167 0.807
12.748 38.019 0.837
0.549 33.336 1.144
36.357 48.625 1.972
20.988 61.645 2.191
37.399 41.275 2.593
33.771 46.839 2.245
18.384 20.322 0.739
36.754 38.259 1.017
1.862 55.341 1.185
56.206 62.159 1.045
36.695 60.860 2.102
34.956 38.676 1.547
47.591 57.774 1.202
35.366 59.005 1.480
40.365 41.491 0.893
16.039 27.852 0.888
46.261 61.817 0.967
7.011 43.553 1.887
53.637 59.408 0.476
54.120 63.727 2.028
11.842 53.909 2.344
57.204 63.497 2.207
37.723 54.119 0.482
15.900 51.293 0.652
47.287 59.345 0.444
28.856 57.242 0.212
51.321 55.444 0.324
34.399 57.249 1.230
11.512 63.748 1.892
0.921 45.068 1.684
10.448 25.309 0.187
40.598 54.592 2.181
22.274 33.531 2.027
38.294 44.032 0.602
58.262 59.109 0.733
46.153 47.368 0.395
0.555 41.729 0.906
20.595 39.303 1.078
5.440 46.816 1.417
20.280 58.801 1.710
32.129 35.251 1.482
27.946 43.722 0.676
51.800 54.021 1.265
33.949 57.751 1.844
51.853 56.976 2.211
51.863 61.352 1.677
49.718 62.426 1.991
54.499 60.592 2.373
26.410 39.898 0.280
49.383 52.789 1.112
0.051 49.906 1.709
3.823 27.175 0.234
41.033 46.348 2.100
8.571 27.840 0.126
1.113 42.737 2.544
3.219 42.827 2.377
25.903 35.186 0.055
23.517 55.541 1.700
1.370 11.890 2.148
38.056 63.595 1.431
27.805 39.080 0.558
46.930 55.596 0.891
36.481 63.576 0.267
45.349 54.075 0.392
42.698 59.801 2.597
38.499 62.713 1.615
41.290 54.496 0.753
17.423 51.013 1.425
14.786 39.752 1.421
57.123 62.794 1.742
37.402 58.881 1.159
44.732 50.720 2.571
37.768 54.246 2.366
55.104 60.129 1.314
26.983 61.932 2.312
10.976 22.262 0.655
43.829 57.355 2.447
2.481 6.215 1.668
33.381 47.831 1.416
3.682 13.647 2.590
36.055 40.992 0.131
39.614 47.910 0.864
39.215 50.422 1.067
13.298 23.207 1.764
29.853 57.524 1.320
26.104 38.977 0.012
22.554 56.901 0.334
43.998 57.692 2.317
39.036 57.715 1.338
44.230 54.769 2.488
21.796 60.004 0.292
49.273 51.928 1.182
52.167 54.532 1.980
25.000 29.911 2.434
9.892 16.703 0.549
35.467 53.226 0.308
34.806 56.645 1.795
54.939 58.865 1.741
48.532 63.964 0.983
46.351 49.802 0.531
23.295 47.141 0.471
11.737 23.702 2.496
22.904 28.564 0.790
11.889 52.103 0.120
45.662 47.982 2.291
26.917 56.861 1.109
27.681 55.220 1.287
14.310 20.238 1.454
55.322 63.091 2.324
3.578 42.237 1.276
44.833 51.198 1.966
54.595 58.120 2.059
33.171 49.332 0.133
47.422 49.608 1.831
43.905 62.399 1.439
52.533 57.474 2.072
23.696 27.003 1.253
39.118 58.242 0.002
45.371 48.737 0.571
3.452 7.117 1.744
20.752 55.637 1.814
26.176 51.145 2.552
17.718 58.341 1.240
4.757 13.467 0.263
8.581 27.340 2.387
22.429 26.385 2.116
48.852 62.517 0.624
15.390 26.057 0.700
13.763 57.988 2.200
53.262 60.662 2.196
2.454 14.131 0.451
21.354 30.198 1.168
53.668 60.048 1.620
54.701 61.861 1.359
59.960 63.798 2.520
50.412 55.738 0.381
17.062 62.780 0.445
44.509 46.916 1.863
38.702 57.877 2.113
49.090 59.900 0.324
22.504 60.634 1.690
53.381 61.614 0.084
26.932 35.421 0.020
25.108 60.884 0.407
30.102 55.832 0.631
54.391 55.237 0.555
46.270 56.402 0.593
48.383 55.043 2.215
32.336 60.200 2.579
38.812 59.396 0.592
22.263 24.643 0.954
33.678 38.220 1.034
19.496 30.329 2.337
56.411 62.906 0.325
53.637 56.840 1.158
38.085 54.805 1.456
25.419 58.764 0.043
8.377 25.110 0.695
40.900 63.109 1.460
36.434 49.269 2.049
49.103 52.787 1.923
30.992 31.274 0.052
44.899 62.215 0.868
27.736 31.463 1.997
37.858 55.718 0.063
58.145 62.663 1.301
15.956 47.778 2.138
35.833 59.719 0.685
27.604 41.662 1.945
0.870 40.883 1.239
24.233 26.301 0.997
17.330 58.761 1.552
25.930 42.005 2.422
31.988 63.176 0.026
51.912 60.711 1.137
19.977 42.710 1.566
33.577 45.147 0.101
13.982 57.316 2.437
57.847 62.099 1.583
4.587 23.461 1.058
29.915 59.758 0.208
18.256 61.066 2.032
35.306 43.725 0.562
33.643 42.939 2.273
18.084 58.127 1.891
13.865 36.539 0.496
53.421 55.176 1.493
59.714 62.427 0.154
15.416 21.448 0.442
13.889 62.038 1.287
2.957 23.706 0.207
16.784 40.629 1.340
24.736 49.295 2.404
17.529 36.935 1.237
57.079 63.093 1.426
47.666 58.198 2.084
52.205 63.333 0.827
16.075 51.212 2.453
7.658 35.363 2.015
10.555 12.846 0.069
27.287 34.221 2.242
0.868 52.644 0.553
47.832 59.171 2.027
17.925 60.543 2.032
50.528 57.563 0.631
1.381 3.505 0.197
21.373 39.939 1.860
10.826 21.142 0.775
44.694 46.148 0.350
31.537 57.906 0.933
9.529 18.740 2.340
1.754 52.762 0.472
14.953 32.937 1.484
32.396 60.139 1.729
55.951 58.997 2.458
9.194 53.343 1.451
53.708 62.710 0.189
49.345 57.843 1.010
40.317 47.824 1.172
56.968 62.782 2.554
35.688 40.039 0.708
11.877 38.079 1.561
21.320 42.051 0.598
41.508 57.414 2.465
58.954 61.846 0.618
14.149 39.499 2.335
19.587 45.537 1.397
20.192 28.357 0.905
17.410 60.448 0.570
44.381 57.875 2.098
41.202 58.849 0.702
3.865 55.789 1.877
20.494 41.623 0.115
1.247 40.892 2.179
32.434 51.063 1.571
46.642 59.241 1.664
45.596 50.404 2.257
25.410 28.238 2.045
26.302 45.443 0.110
16.156 28.005 0.178
58.923 62.554 1.317
4.261 61.386 0.956
51.604 55.268 0.877
17.372 63.661 0.133
10.348 22.298 0.179
18.055 48.618 2.046
5.021 13.660 0.683
13.052 23.336 1.463
37.937 49.914 0.278
45.531 47.409 0.868
16.951 58.266 1.805
34.055 38.562 2.258
47.724 59.008 2.599
37.131 53.697 1.546
11.655 25.729 2.545
2.538 18.682 0.622
24.409 36.700 2.067
54.003 61.545 0.987
12.389 43.646 0.138
21.239 50.120 0.939
58.563 63.494 0.581
20.818 50.369 2.479
12.100 31.021 0.734
31.920 39.567 0.757
5.977 47.216 0.277
50.628 61.898 1.747
0.346 39.338 1.278
56.120 61.192 0.756
44.815 62.515 2.272
49.806 55.229 1.575
47.054 56.428 0.390
41.343 63.853 1.026
6.116 8.745 1.070
41.246 45.651 0.673
13.719 57.139 0.491
45.798 54.658 0.124
3.369 10.809 2.499
33.929 52.253 2.503
52.720 57.901 1.063
24.810 57.380 1.712
56.711 57.462 0.736
36.976 54.749 0.129
25.317 49.663 2.482
12.052 30.454 1.077
37.388 39.608 2.102
6.316 23.028 1.025
19.007 57.723 2.143
18.692 44.500 0.514
28.144 45.145 2.587
22.109 38.901 1.089
34.826 46.182 2.282
23.603 45.385 2.473
25.116 55.672 1.582
5.019 17.594 0.393
5.241 33.400 0.825
37.748 40.627 0.865
36.871 44.754 0.371
49.499 63.925 1.142
13.257 39.727 0.279
15.876 43.615 0.019
46.234 63.462 0.280
22.166 45.115 2.350
13.360 38.000 0.787
18.637 53.581 1.077
50.497 56.848 1.012
43.450 47.065 1.911
4.904 55.257 1.958
38.268 50.982 0.935
5.664 17.528 1.080
20.587 32.373 2.375
18.619 34.382 0.401
10.937 22.427 0.708
10.348 14.673 0.872
30.114 58.015 2.506
26.787 35.407 2.374
28.915 53.817 1.227
14.916 30.294 2.435
17.972 56.084 2.138
37.794 40.035 2.067
15.658 61.762 0.753
51.568 60.757 1.345
15.370 40.478 2.395
5.612 12.073 2.148
16.958 47.575 0.998
30.905 36.527 1.122
58.498 58.720 0.194
54.888 62.032 1.070
11.259 33.729 0.264
40.676 60.141 1.371
50.231 57.462 0.706
52.227 63.667 0.387
32.303 34.954 0.574
12.278 22.670 0.514
11.972 43.861 2.488
44.328 57.947 0.765
47.168 62.967 2.395
50.660 52.668 0.673
3.713 14.656 2.350
53.565 63.589 0.934
22.894 51.306 0.862
53.252 58.469 0.988
40.479 52.195 0.694
31.671 57.773 2.085
44.780 60.908 1.265
33.542 44.590 0.725
3.248 50.158 2.369
22.109 31.537 0.734
19.474 58.744 0.130
14.929 22.936 1.050
52.516 61.858 1.581
11.811 51.847 1.174
26.000 56.897 1.655
10.467 62.061 0.839
42.564 61.131 0.514
2.838 6.905 1.932
7.850 38.979 0.214
34.137 41.756 1.386
4.631 9.198 0.792
24.676 34.833 0.348
49.239 54.173 1.323
59.277 61.945 2.383
17.066 40.141 1.838
17.685 42.431 0.896
48.667 50.954 1.345
49.753 52.522 1.441
30.574 55.426 2.461
28.435 61.210 1.173
32.931 60.517 0.950
39.583 52.129 0.319
6.746 38.363 0.727
47.477 61.792 0.960
44.661 52.389 1.206
26.525 41.676 1.523
37.922 51.257 1.450
50.200 50.812 0.483
6.555 19.378 0.106
15.358 50.089 1.067
26.564 47.089 0.346
51.407 55.795 2.097
55.430 57.355 0.815
36.412 62.775 0.027
32.235 33.622 1.006
14.224 44.653 2.303
9.156 38.528 0.043
55.003 58.339 1.697
24.334 30.452 2.511
23.975 38.270 1.316
19.705 32.031 1.626
17.397 59.419 1.387
28.684 52.785 0.853
27.620 43.526 1.515
55.338 61.201 0.315
