0.737 4.870 1.476
3.620 4.653 0.486
2.419 5.677 1.397
1.405 2.764 0.989
2.963 5.932 1.224
2.764 4.765 1.609
2.304 6.738 1.735
2.459 4.048 1.455
2.671 5.373 1.953
2.277 3.604 0.612
0.434 6.282 1.738
2.977 4.501 0.310
0.317 4.656 0.153
3.280 5.549 1.090
1.636 4.453 0.597
2.005 3.825 0.305
2.952 6.407 0.628
3.836 6.610 1.747
1.200 3.586 1.888
0.263 4.543 1.570
2.439 4.542 1.912
3.503 5.516 1.308
0.419 2.694 1.010
1.161 5.205 1.840
2.651 4.909 0.229
1.517 6.072 0.994
2.037 5.691 0.765
2.129 4.787 1.213
0.024 1.999 1.416
2.492 5.586 1.726
2.989 5.130 0.994
3.141 5.230 1.106
3.823 5.423 1.262
1.497 5.655 0.263
3.807 5.086 1.224
1.319 4.991 0.112
0.527 6.352 1.694
2.388 6.537 1.443
0.059 5.046 0.253
2.469 3.174 0.435
