11.943 21.758 1.298
11.695 15.700 0.544
4.682 17.185 1.442
13.157 18.950 1.749
10.230 15.826 0.404
9.420 21.722 2.264
0.443 2.685 0.169
7.788 22.019 0.730
16.647 20.454 1.319
7.894 16.790 2.115
2.252 12.076 1.980
15.057 18.640 2.290
0.604 4.199 1.070
7.109 22.153 0.783
0.408 18.531 2.167
15.533 21.584 1.785
12.282 12.945 0.101
11.081 14.081 1.605
5.728 12.556 1.682
6.954 21.683 1.172
18.893 22.725 2.127
11.404 20.092 2.161
6.133 14.614 2.279
18.806 21.573 1.391
3.312 5.861 1.667
6.469 11.002 1.156
0.309 12.657 0.362
6.017 16.175 1.952
6.987 8.855 0.003
5.716 6.990 1.262
15.314 22.381 0.176
16.121 19.056 0.480
8.958 21.456 1.783
18.303 21.770 1.239
4.997 17.084 1.410
14.277 20.194 2.194
2.902 20.268 0.799
15.566 22.667 1.704
16.128 17.161 0.250
0.508 11.625 2.168
4.057 8.978 1.466
6.643 17.872 1.750
19.080 21.695 0.354
3.553 5.946 0.973
7.890 19.885 1.739
16.633 20.168 1.592
9.970 12.409 1.474
5.683 10.016 0.419
12.425 22.780 0.075
6.674 16.351 2.256
1.114 10.949 1.314
2.876 6.721 0.915
6.046 7.411 0.503
5.305 20.649 1.371
6.681 21.841 1.341
14.719 21.266 0.059
12.713 13.945 0.186
10.498 16.722 1.379
0.412 22.553 1.535
8.407 13.526 0.174
16.417 22.389 0.249
11.721 15.158 1.634
12.289 15.328 0.098
11.220 19.194 1.416
16.772 21.236 1.259
11.427 16.681 2.206
1.024 6.737 1.514
15.858 19.065 1.944
17.617 21.138 1.123
15.317 20.961 0.048
9.239 15.498 0.667
12.991 22.250 0.207
0.501 17.545 0.495
10.784 11.575 0.749
18.224 20.698 1.617
15.420 17.110 0.114
4.927 6.617 1.258
2.878 11.340 1.236
9.129 11.332 1.948
8.211 19.245 0.357
7.220 10.472 0.874
7.201 12.959 1.139
7.492 18.707 1.273
9.179 12.749 0.854
19.916 21.264 0.357
9.081 20.671 0.486
17.945 21.051 1.616
14.103 18.726 0.661
3.520 10.597 1.081
8.413 15.024 0.049
6.002 7.074 0.764
11.039 20.684 1.947
12.538 20.002 1.263
19.543 22.831 1.096
13.793 20.998 1.500
18.109 20.808 1.271
7.625 12.087 1.830
5.556 12.369 0.171
6.604 8.684 1.005
9.146 11.284 1.147
15.752 20.615 0.325
16.366 18.586 0.968
17.136 20.249 1.756
1.559 6.536 0.140
10.253 18.047 0.958
9.962 16.725 2.113
4.307 21.443 1.299
10.808 14.350 1.387
12.626 21.182 1.039
6.190 15.671 1.323
13.526 16.707 2.219
5.846 5.988 0.083
7.973 10.958 0.322
12.461 22.037 0.046
15.267 19.355 1.994
9.919 16.035 1.315
15.945 17.961 0.387
10.733 19.608 0.769
8.844 16.441 1.752
1.093 21.511 1.194
9.067 13.241 1.478
5.171 22.955 1.783
8.266 11.502 0.518
16.877 21.268 1.072
0.325 4.739 0.755
19.839 22.587 2.297
17.024 20.376 0.172
17.330 20.600 1.584
11.885 20.030 1.643
5.802 17.254 1.996
8.705 21.376 1.503
11.010 13.267 0.306
6.818 21.732 1.450
7.028 17.735 1.019
0.298 12.907 0.475
18.162 20.708 1.869
15.710 18.680 1.451
4.445 14.651 0.573
15.079 17.212 1.902
15.495 18.465 2.224
0.026 16.133 1.988
7.542 19.759 0.940
1.925 10.902 2.138
16.944 22.093 1.890
4.113 19.289 1.493
12.878 18.776 1.707
7.967 16.361 1.685
14.781 20.027 0.682
17.705 22.164 1.085
18.889 22.603 0.968
11.424 22.577 1.617
15.451 19.952 1.167
0.814 11.231 1.447
16.353 20.500 0.629
11.515 22.329 1.031
14.512 18.248 0.913
12.879 20.866 0.530
3.894 14.667 0.768
2.313 9.517 0.025
5.049 13.777 0.803
18.043 21.237 1.794
7.902 17.897 1.677
7.420 9.941 0.100
3.945 6.721 0.286
8.446 19.723 0.139
16.243 20.400 1.144
2.339 7.941 1.904
10.371 21.271 2.208
17.394 20.928 1.219
5.127 18.545 0.995
1.414 3.795 1.398
0.880 15.780 0.417
4.290 20.553 2.208
8.529 14.428 1.262
16.217 17.058 0.478
15.483 22.049 0.378
3.192 20.680 1.204
9.502 10.820 0.583
2.250 5.279 0.925
19.071 21.681 2.300
16.890 21.789 0.144
2.803 22.939 1.917
0.858 5.706 0.004
12.561 20.237 1.596
8.347 20.243 1.707
8.165 16.055 0.772
13.186 19.192 0.315
18.155 22.200 0.589
11.425 18.712 1.890
3.618 20.396 1.025
13.110 16.300 1.594
13.059 17.305 1.183
12.714 22.488 1.726
18.219 22.031 1.043
15.967 19.100 0.863
16.073 16.976 0.010
6.391 12.239 0.732
13.575 20.736 2.065
9.989 20.742 0.845
1.386 22.694 1.778
