46.270 63.736 1.492
0.862 24.454 1.247
11.686 54.231 2.080
49.716 51.325 1.577
52.571 56.725 2.042
4.202 59.091 1.366
24.632 60.697 1.548
47.265 52.227 2.138
12.040 40.621 1.701
12.105 55.137 1.691
10.589 57.739 1.784
51.363 59.072 1.501
57.266 63.982 2.356
37.236 57.176 0.951
39.389 60.575 1.907
50.447 54.184 0.535
36.258 61.320 2.347
5.352 18.422 0.005
49.852 58.378 0.630
18.399 23.196 2.415
26.458 48.229 0.648
44.646 62.524 0.369
55.428 57.301 1.501
10.106 37.755 0.367
12.142 53.120 0.635
23.301 61.044 1.701
7.268 44.248 0.953
25.568 35.822 1.841
50.850 56.592 0.218
43.441 56.904 2.252
55.419 57.730 1.590
45.695 47.784 1.223
4.453 59.373 1.391
29.552 53.731 2.492
58.683 63.127 1.896
12.906 57.182 1.951
40.528 45.812 1.005
59.537 62.337 0.927
43.862 48.011 2.264
39.658 55.146 0.131
19.571 41.829 0.799
56.501 62.995 2.303
44.930 56.088 1.040
18.024 46.435 0.534
53.805 63.781 0.986
9.405 23.741 2.217
2.798 6.011 0.486
53.456 56.595 2.057
53.071 56.987 0.457
0.727 33.188 0.847
16.299 38.187 1.347
55.854 56.887 1.028
3.538 23.763 0.378
9.216 36.604 2.293
5.003 50.533 0.937
31.067 33.847 1.960
54.798 61.430 1.742
25.899 38.499 2.266
34.485 55.397 0.916
5.933 34.436 1.604
0.965 51.965 1.166
31.471 55.419 0.600
4.697 40.438 2.182
50.022 52.362 0.922
51.460 57.551 0.485
13.144 40.861 1.332
12.034 39.137 0.551
47.162 58.378 0.829
17.026 26.154 1.934
49.149 61.054 1.833
25.749 45.686 0.642
39.905 46.014 1.328
6.685 38.884 1.965
38.950 44.301 1.209
9.309 37.665 1.643
20.060 48.215 2.377
1.190 12.992 0.510
7.343 34.242 1.985
27.371 33.406 2.381
48.376 51.348 1.118
18.624 24.814 1.209
20.551 42.764 0.277
28.932 59.305 1.862
56.552 60.637 1.311
37.796 43.057 1.931
42.412 55.049 0.957
47.336 63.396 0.208
34.678 54.411 2.094
15.004 19.295 1.108
28.831 33.805 0.529
27.739 34.593 1.164
17.214 52.992 1.923
59.863 63.631 1.705
48.601 61.655 1.722
22.662 56.599 1.088
30.667 54.574 2.297
25.722 59.657 0.845
8.696 62.991 0.010
26.242 56.388 0.608
16.055 36.617 2.140
20.428 38.477 1.906
32.202 33.950 1.063
7.833 23.834 1.363
9.319 44.024 2.438
12.917 21.337 2.134
46.979 57.228 1.844
15.570 63.150 1.489
52.771 58.203 1.992
41.381 50.571 0.060
53.185 57.096 1.864
10.496 20.084 2.295
0.738 37.819 1.401
38.552 53.794 0.776
47.818 52.571 2.299
21.931 42.439 2.278
12.508 49.491 1.136
59.780 60.897 0.862
54.336 57.860 1.971
44.655 54.288 0.912
35.690 38.865 0.800
49.489 50.901 1.019
15.557 38.235 0.431
28.560 55.842 0.882
33.147 52.597 0.454
51.681 60.249 0.693
57.905 63.462 2.108
41.387 44.707 1.173
36.602 55.037 1.101
0.064 38.511 0.243
45.141 61.698 1.785
55.175 58.452 2.208
40.048 56.624 0.202
53.476 62.261 2.455
9.740 60.317 0.362
37.040 61.491 0.437
16.086 44.890 1.814
12.179 55.190 1.441
19.987 36.423 1.159
34.927 40.980 1.050
8.324 21.039 2.232
40.711 43.607 0.719
50.938 59.703 0.728
38.935 56.065 1.256
42.954 60.655 0.732
32.859 41.467 1.030
37.391 45.309 1.927
28.858 56.181 0.274
52.617 60.094 1.268
24.418 59.721 2.181
16.965 49.255 0.715
48.570 57.327 0.972
35.729 40.214 2.249
9.348 48.618 1.963
1.415 9.047 1.931
57.850 60.286 1.830
44.339 48.055 0.246
4.944 10.465 1.438
24.326 28.071 0.516
2.322 13.394 1.631
43.668 61.719 2.231
41.680 47.694 2.154
3.281 52.279 0.931
32.079 35.874 0.571
16.464 46.323 2.224
23.281 60.829 2.066
44.677 53.858 1.242
49.658 55.122 0.202
55.272 63.139 1.947
32.755 45.053 0.725
49.250 61.133 2.119
17.971 27.075 0.878
35.774 62.613 1.343
9.884 29.851 0.523
26.483 32.476 2.217
28.824 50.580 1.623
54.302 57.928 1.074
35.923 57.905 2.050
36.018 42.251 0.194
2.646 18.910 1.108
22.642 44.441 0.360
31.014 62.737 0.351
24.156 48.381 2.331
0.057 52.046 2.141
23.295 41.765 2.255
40.056 50.295 0.129
33.621 52.310 1.002
55.889 62.784 0.851
58.277 60.652 2.239
32.552 48.031 1.704
34.689 35.278 0.467
36.294 39.802 0.484
14.587 28.541 2.219
32.130 45.144 0.759
35.800 41.633 0.237
49.581 50.739 0.993
39.508 59.125 0.804
41.335 42.757 1.179
21.801 54.584 2.478
51.359 53.374 1.826
48.814 54.367 1.970
37.305 56.194 1.528
17.914 53.939 1.205
14.667 63.413 1.601
1.040 2.602 0.457
43.989 63.389 1.962
7.583 23.834 2.234
25.678 37.523 2.081
20.939 38.027 1.034
16.496 61.368 2.117
2.316 27.583 1.647
55.609 57.646 0.117
25.225 39.865 2.458
23.242 38.849 1.786
51.632 61.520 1.729
29.481 42.575 2.499
33.766 61.057 0.770
41.460 57.071 2.412
11.254 31.129 2.134
2.327 21.823 2.361
39.321 48.368 0.263
31.768 62.283 1.208
57.687 60.573 0.250
43.502 54.640 2.082
18.952 51.981 1.742
27.362 31.823 0.939
27.252 36.735 1.010
59.674 61.587 1.349
40.261 50.711 1.434
3.501 60.740 2.185
7.779 30.506 0.113
57.186 61.383 0.302
25.526 48.740 0.156
42.870 60.244 1.097
21.007 26.910 0.914
54.358 59.862 1.428
26.921 39.668 1.102
22.479 37.312 1.978
23.872 27.330 1.452
24.383 40.630 0.144
35.901 51.702 0.856
57.717 62.481 0.213
46.779 61.616 1.851
39.426 63.268 0.216
59.886 62.896 1.996
29.157 56.638 2.355
16.996 35.149 1.083
36.565 52.859 1.455
29.391 43.017 1.887
27.785 30.421 1.410
45.282 54.765 0.830
36.199 60.328 0.857
28.704 58.047 1.038
44.241 50.617 1.617
3.891 31.747 0.418
53.522 57.597 2.103
53.236 56.549 0.616
17.692 34.554 0.780
14.067 58.046 0.570
53.730 62.694 2.094
26.676 33.805 2.494
10.020 25.080 1.929
11.150 20.684 2.453
31.556 41.954 1.953
1.095 46.673 1.419
0.857 61.497 2.379
5.427 26.616 2.260
25.756 46.004 1.144
13.089 29.372 0.192
29.190 48.062 1.968
46.856 59.164 0.307
29.203 36.420 2.155
59.092 62.218 2.428
57.081 59.962 1.026
11.774 35.439 2.383
25.158 50.110 1.896
23.012 60.500 1.301
41.182 55.448 2.380
19.727 56.442 2.334
50.421 57.124 2.245
19.298 49.542 1.342
7.630 27.790 0.421
38.539 62.228 1.112
35.901 59.036 0.915
24.542 50.965 1.675
15.989 55.601 1.556
25.751 43.522 1.291
45.302 58.125 0.053
40.779 61.259 0.299
47.814 54.667 1.570
4.552 56.732 2.255
2.498 8.367 1.259
23.581 32.076 0.255
5.502 14.479 1.710
42.330 43.211 0.072
8.266 43.719 1.930
38.089 52.317 2.315
37.054 51.206 1.527
9.948 50.779 2.269
36.957 57.839 1.613
56.092 63.848 0.033
52.328 55.640 0.280
49.922 60.842 1.500
53.776 55.093 0.784
37.292 41.525 1.777
26.474 61.151 2.447
11.545 52.449 0.839
3.241 19.555 0.729
7.872 15.369 0.590
16.119 54.723 1.636
41.178 60.162 2.187
49.528 52.335 1.935
59.487 63.170 1.508
43.970 55.500 0.950
45.737 53.134 0.516
39.215 48.558 2.186
41.817 55.875 2.177
37.413 55.869 1.599
37.585 39.121 0.453
7.167 41.351 1.767
11.803 43.637 1.387
36.793 50.105 0.300
38.889 57.697 0.416
36.099 61.841 1.953
12.680 32.843 1.379
18.941 39.170 2.278
53.608 58.609 0.809
30.482 51.649 1.711
5.940 57.029 1.037
31.621 62.411 0.395
45.221 54.344 1.486
55.424 62.863 1.275
29.353 58.160 0.824
44.478 63.428 2.217
8.324 61.300 2.499
1.110 5.155 0.030
24.163 46.696 1.570
32.149 32.728 0.567
12.208 28.847 0.829
3.485 55.169 2.363
4.607 13.195 0.469
55.149 57.723 1.850
4.572 26.086 2.114
21.743 34.532 1.416
12.831 37.199 1.402
14.149 51.225 0.203
33.464 44.312 0.093
3.294 30.753 1.901
52.390 63.128 0.436
43.278 55.363 1.775
15.590 24.343 0.255
56.823 59.267 1.906
43.406 53.999 1.119
18.069 30.557 2.166
9.128 53.287 0.422
24.031 37.131 2.365
52.558 63.258 0.419
43.699 57.017 1.339
59.149 63.910 2.267
30.752 52.118 1.604
0.967 50.889 2.422
39.096 40.639 1.541
33.769 44.031 1.471
27.998 39.634 1.152
3.168 58.094 0.653
42.595 56.749 0.034
19.199 36.720 0.538
23.601 45.343 0.218
0.236 14.469 1.117
14.733 24.165 2.184
11.759 25.201 1.979
35.073 42.822 0.025
20.236 43.279 1.937
43.820 60.793 1.703
15.019 47.568 0.853
24.297 28.820 0.411
29.087 58.769 1.679
29.897 36.789 1.089
0.181 7.864 1.911
44.666 49.588 2.370
44.994 54.766 2.234
52.732 62.056 1.566
57.839 58.508 0.312
21.336 55.177 1.463
19.553 48.210 0.874
19.465 32.819 0.565
19.207 26.384 1.157
55.166 56.035 0.760
38.660 56.934 2.319
37.516 62.101 1.050
14.993 41.673 1.817
10.992 35.218 0.744
46.356 50.260 0.447
48.387 56.300 0.727
49.993 63.961 2.298
0.894 37.247 2.341
4.713 51.080 0.496
48.015 49.191 0.439
1.556 26.830 0.116
43.005 48.348 0.504
52.921 61.030 1.366
29.237 35.760 2.297
40.067 53.462 2.430
26.566 39.241 2.021
18.648 33.592 1.383
12.060 61.865 1.830
59.493 62.233 1.905
3.796 8.521 2.468
4.874 56.080 2.136
17.306 31.476 2.221
36.229 55.035 1.551
19.234 35.518 0.979
25.240 45.917 1.246
49.295 57.471 2.407
24.275 31.711 0.007
37.166 53.582 0.255
51.090 54.366 1.171
3.170 33.316 2.098
24.927 49.154 0.019
17.749 56.575 0.483
3.322 6.117 2.411
42.504 45.489 0.521
59.057 61.689 1.596
42.498 50.030 2.094
32.171 37.228 0.727
42.784 52.249 1.916
20.162 62.068 0.058
59.705 63.868 1.018
18.036 44.959 1.724
26.445 45.674 2.094
56.281 61.412 0.496
50.464 55.920 1.370
16.491 47.981 2.407
5.037 54.597 1.608
38.871 62.034 1.338
5.896 43.660 1.733
40.610 44.942 0.584
14.169 23.212 2.318
6.843 16.498 1.040
36.223 63.469 2.466
3.701 37.153 1.711
16.854 44.954 0.416
23.812 59.239 0.614
2.278 53.160 0.194
15.618 17.166 1.536
40.863 46.485 0.185
16.724 32.891 0.987
10.130 60.998 1.929
55.737 59.184 1.669
45.754 60.347 1.569
13.970 59.086 0.424
19.404 38.788 2.456
55.746 62.319 1.421
5.155 45.524 0.817
31.127 57.044 1.002
25.936 53.939 2.446
15.350 46.633 0.522
59.945 63.777 2.276
22.433 40.397 1.858
29.393 55.423 0.938
44.058 62.275 1.096
27.967 63.315 0.613
46.128 47.035 0.710
46.486 54.953 2.127
12.113 50.489 0.970
45.889 52.965 1.522
41.791 63.854 1.378
40.376 61.148 0.123
23.764 33.896 1.712
8.828 46.439 0.207
27.802 38.356 1.292
26.934 36.623 1.608
15.936 61.238 0.981
3.386 56.464 0.690
57.024 60.689 1.712
48.449 52.709 0.059
55.484 58.085 0.059
59.705 61.746 0.243
18.877 44.159 2.164
35.434 52.301 1.460
58.090 59.724 1.171
38.157 48.313 1.986
5.891 31.036 1.802
27.128 36.660 0.179
22.008 36.878 0.463
16.332 52.575 2.455
12.873 48.840 1.705
51.352 61.626 2.419
39.708 58.759 1.230
11.906 25.972 2.178
46.827 53.362 0.819
14.303 18.546 0.933
40.576 63.238 0.762
7.041 19.749 1.064
15.731 50.524 2.052
40.964 51.777 0.914
27.815 52.147 0.426
9.921 55.923 1.650
54.322 56.072 1.237
56.689 60.854 0.730
42.626 47.782 2.327
39.085 53.270 1.992
54.970 55.831 0.460
10.659 38.313 2.429
18.837 27.337 2.166
6.131 63.870 1.268
21.823 44.482 0.977
11.776 27.716 0.693
21.072 37.338 1.660
42.467 46.490 2.374
16.310 25.497 2.218
37.649 55.433 0.152
9.615 57.703 0.116
45.697 55.222 2.058
52.123 57.893 2.100
47.294 61.873 2.231
45.067 59.146 1.044
11.274 16.934 0.404
27.831 30.673 0.136
38.164 60.201 1.460
15.931 47.172 0.888
45.082 62.950 0.194
55.241 60.717 1.079
38.149 63.645 2.413
42.266 52.347 0.763
2.498 32.953 0.469
11.602 22.992 0.585
53.155 62.545 2.199
38.505 43.804 0.787
49.641 60.928 2.302
53.829 56.608 0.620
20.893 63.102 2.172
8.588 17.942 0.379
52.368 56.744 1.117
22.823 30.728 1.109
31.506 60.807 1.290
36.525 45.352 1.625
48.684 49.795 1.074
16.048 41.302 0.552
25.663 42.681 2.298
45.498 57.687 1.575
10.172 54.317 0.826
56.466 62.859 2.093
10.728 56.019 0.635
28.662 59.836 0.588
8.064 41.362 1.200
55.968 62.288 0.278
5.645 39.230 2.267
44.751 51.977 0.059
9.597 20.865 1.587
41.420 48.724 2.493
35.166 57.315 0.345
21.583 38.962 1.677
0.255 39.346 0.603
41.453 56.009 0.291
44.022 54.215 1.868
40.671 54.726 1.531
17.548 55.264 0.300
22.123 34.969 2.135
51.701 57.271 1.777
5.962 9.679 1.206
11.926 42.190 1.993
49.557 55.129 0.245
58.425 61.841 0.644
29.917 31.697 1.711
20.477 33.213 0.484
47.717 57.505 0.571
22.957 62.262 0.882
20.001 42.571 2.356
29.018 34.038 2.236
49.411 54.723 1.099
22.889 24.088 0.150
38.741 42.095 0.432
8.213 61.125 1.800
8.667 29.519 2.498
17.994 23.987 1.869
40.449 49.970 1.307
39.330 48.894 2.027
12.607 34.110 1.316
47.309 58.525 1.524
17.760 32.672 2.297
55.290 58.268 2.382
20.924 55.018 2.240
40.528 58.580 1.179
1.104 13.485 2.418
12.589 13.940 0.883
31.111 60.986 2.124
14.387 32.918 0.864
44.219 47.822 1.388
19.772 55.624 1.485
37.554 62.314 2.295
14.614 27.602 1.771
58.848 61.461 2.474
38.032 63.815 2.443
22.623 31.427 1.849
34.092 50.133 2.420
51.755 63.232 0.054
59.592 62.788 2.445
7.876 38.166 0.942
47.867 57.653 0.222
27.144 62.199 1.502
