1.474 7.452 1.550
7.241 8.365 0.510
4.838 9.050 1.467
2.810 4.424 1.038
5.926 9.562 1.285
5.529 7.782 1.690
4.608 10.596 1.822
4.918 6.643 1.528
5.342 8.529 2.051
4.554 6.205 0.642
0.868 9.764 1.825
5.955 7.823 0.325
0.635 7.336 0.161
6.560 9.182 1.145
3.272 7.205 0.627
4.010 6.485 0.321
5.904 10.231 0.659
7.673 10.589 1.834
2.400 5.225 1.982
0.526 6.804 1.648
4.877 7.182 2.008
7.005 9.223 1.373
0.838 3.966 1.061
2.322 7.972 1.932
5.302 8.231 0.241
3.033 9.569 1.043
4.074 9.091 0.803
4.257 7.692 1.273
0.047 2.486 1.487
4.985 8.863 1.813
5.979 8.534 1.043
6.283 8.714 1.161
7.646 9.329 1.325
2.994 9.016 0.276
7.614 8.957 1.285
2.639 8.026 0.117
1.053 9.892 1.779
4.775 10.312 1.515
0.117 7.899 0.266
4.937 5.764 0.457
1.351 5.505 1.311
2.555 8.399 0.772
6.419 9.633 1.694
4.889 10.559 1.676
1.158 5.910 1.323
2.030 9.743 0.287
0.529 6.916 0.898
2.418 5.245 1.151
2.491 9.411 0.232
1.078 9.024 0.597
7.162 10.441 1.658
4.922 10.237 0.758
1.828 5.330 1.814
1.996 10.881 1.139
0.430 6.057 0.171
3.414 5.525 0.199
7.132 8.116 0.489
1.001 3.602 1.956
0.377 4.032 0.123
7.318 9.386 0.837
7.569 10.221 1.758
6.737 9.309 1.456
2.073 6.769 0.009
7.638 9.084 0.837
4.684 9.174 0.536
7.562 10.723 0.915
0.057 7.427 1.976
6.289 7.999 1.211
1.779 2.619 0.804
3.343 8.455 0.173
6.841 10.240 0.136
5.297 10.161 1.452
4.241 6.440 1.440
5.516 10.121 1.529
0.249 7.827 1.824
5.653 8.685 0.179
7.583 8.612 0.123
1.161 8.045 2.062
2.338 6.747 1.937
5.556 6.793 0.459
