0.035 7.066 1.296
22.645 27.354 1.346
9.808 27.611 2.061
20.905 29.633 0.400
19.894 24.092 1.181
0.420 11.698 0.210
4.125 30.696 0.382
12.479 12.838 0.274
0.250 17.005 0.869
15.993 25.649 1.384
4.655 17.368 1.525
9.859 22.758 0.131
21.933 27.533 1.846
8.455 25.388 2.015
26.765 30.030 2.129
3.985 11.155 1.063
24.143 29.595 0.482
23.622 30.998 2.293
17.122 21.479 0.903
8.324 10.749 1.932
10.524 24.459 0.213
1.574 28.612 0.020
7.725 21.667 0.628
19.353 28.341 1.927
13.578 26.656 0.472
13.117 30.144 1.053
20.844 27.028 0.249
10.787 23.757 1.691
16.027 19.002 0.831
6.303 26.324 0.978
14.479 27.461 2.277
9.676 23.826 0.389
13.773 25.872 0.146
14.135 30.167 0.339
3.964 23.336 2.082
8.485 10.982 0.981
27.065 28.999 1.571
24.563 29.100 1.890
5.358 26.387 0.409
13.307 22.401 0.358
20.496 24.105 0.933
15.925 27.703 1.569
20.214 22.499 1.093
10.299 12.878 1.920
14.476 22.394 1.525
2.931 28.965 2.183
15.387 23.173 0.796
10.499 18.326 1.948
12.771 30.700 0.625
8.338 21.930 1.700
5.488 27.185 1.751
11.134 28.945 1.152
0.769 19.057 2.288
1.414 8.141 1.222
23.605 28.962 1.442
5.540 10.378 1.937
3.078 13.020 1.709
26.350 28.351 0.658
3.927 26.802 1.686
19.824 28.524 1.381
7.076 7.447 0.332
1.708 26.956 1.854
5.896 19.903 0.266
0.399 14.450 0.262
21.062 27.183 1.578
2.069 8.713 1.004
19.494 24.895 0.668
6.508 20.173 1.329
17.603 24.540 0.368
26.965 30.817 1.600
5.319 10.534 0.773
27.865 30.996 1.052
2.730 6.701 1.438
12.256 15.203 2.142
25.049 26.917 0.667
21.534 24.200 0.945
17.586 24.406 1.390
13.058 24.948 1.375
23.934 29.064 1.906
20.185 25.055 1.301
5.160 20.259 1.697
25.342 26.864 0.559
16.932 25.824 1.607
9.836 12.583 1.137
20.741 27.640 1.408
19.351 22.663 1.850
16.129 29.861 1.996
17.212 19.409 1.674
18.698 24.112 2.246
15.938 19.138 0.703
3.040 27.137 1.999
20.841 24.402 0.356
2.222 20.731 0.176
22.960 27.256 1.254
11.451 20.920 0.687
14.034 19.752 0.351
20.664 29.334 0.722
26.854 30.412 2.009
8.402 13.172 2.171
1.841 17.995 1.805
17.070 20.117 2.199
24.518 27.625 1.504
2.934 10.206 1.162
8.128 21.684 2.116
18.558 24.820 0.263
10.616 27.024 1.143
14.259 26.054 0.879
14.900 22.106 1.394
0.165 4.732 1.628
17.446 25.117 1.985
20.925 25.463 1.143
21.990 26.025 1.271
26.760 28.704 1.451
10.479 25.810 0.303
26.648 28.138 1.408
9.236 23.194 0.129
3.686 27.558 1.948
16.713 29.156 1.660
0.411 22.150 0.291
17.280 18.652 0.500
4.730 14.633 1.435
8.943 23.809 0.845
22.467 27.839 1.856
17.111 29.802 1.836
4.055 15.764 1.449
7.104 27.585 0.314
1.853 18.984 0.984
8.464 14.523 1.261
8.718 26.772 0.254
3.772 25.369 0.654
25.066 29.945 1.816
17.226 29.145 0.831
6.398 13.573 1.986
6.987 30.655 1.248
1.507 17.070 0.187
11.950 17.042 0.218
24.963 26.305 0.535
3.503 7.677 2.143
1.319 11.393 0.135
25.612 28.464 0.917
26.493 29.797 1.926
23.579 27.491 1.595
7.257 19.741 0.010
26.734 28.459 0.917
16.396 26.571 0.587
26.468 30.612 1.002
0.201 19.590 2.164
22.012 24.430 1.326
6.225 7.208 0.881
11.702 24.502 0.189
23.943 29.695 0.149
18.538 28.855 1.590
14.844 18.502 1.577
19.306 28.773 1.674
0.870 21.000 1.998
19.784 26.063 0.197
26.541 27.865 0.135
4.065 21.622 2.258
8.183 17.911 2.122
19.447 21.673 0.503
6.735 28.746 1.199
2.980 16.516 2.076
2.243 8.673 1.799
27.283 30.750 1.785
5.898 7.038 1.050
21.018 25.214 0.262
8.712 11.767 2.283
7.058 13.316 0.435
4.298 28.103 1.427
26.294 30.062 0.450
18.076 29.963 1.511
12.753 25.584 2.119
4.221 20.103 1.464
11.817 23.183 2.169
16.200 20.897 1.234
11.115 12.619 0.806
22.267 23.301 0.452
10.904 13.591 1.359
5.535 22.070 0.359
12.721 25.889 1.390
12.356 20.699 1.574
23.400 26.007 1.362
26.585 29.540 2.015
27.649 30.695 0.426
16.085 25.821 1.017
19.838 23.107 0.114
7.286 28.616 0.938
19.885 30.019 1.675
11.020 29.167 0.914
8.641 21.782 0.893
9.900 26.057 1.687
20.619 23.529 1.701
5.605 23.085 0.627
25.512 28.761 0.846
3.063 10.399 2.087
14.503 22.583 1.506
19.254 20.380 0.208
2.122 12.417 0.064
8.602 13.173 1.604
11.056 24.583 0.156
20.298 27.865 0.457
17.240 25.412 1.506
2.752 5.346 1.254
27.288 30.921 1.067
20.380 27.992 1.221
19.398 24.430 0.856
1.399 7.965 1.862
1.703 24.840 0.714
5.949 18.472 0.740
0.256 16.368 1.012
16.966 23.640 1.745
9.794 29.889 1.938
17.453 20.348 2.294
15.760 22.872 1.986
8.579 9.814 0.654
17.152 18.293 0.900
0.869 26.868 1.048
26.229 29.951 0.924
17.125 29.503 1.859
16.313 18.734 1.369
22.209 27.836 1.063
16.504 28.575 1.309
18.837 19.744 0.790
7.485 13.546 0.786
21.589 29.887 0.855
3.272 21.330 1.669
25.031 28.423 0.421
25.256 30.863 1.794
5.526 26.260 2.074
26.695 30.742 1.952
17.604 26.032 0.427
7.420 24.840 0.576
22.067 28.557 0.393
13.466 27.644 0.187
23.950 26.316 0.287
16.053 27.702 1.088
5.372 30.881 1.674
0.430 22.033 1.490
4.876 12.180 0.166
18.946 26.511 1.930
10.394 16.562 1.793
17.871 20.981 0.533
27.189 27.909 0.648
21.538 22.315 0.349
0.259 20.338 0.802
9.611 19.076 0.953
2.539 22.818 1.254
9.464 28.522 1.512
14.993 17.098 1.311
13.042 21.049 0.598
24.173 25.792 1.119
15.843 28.004 1.632
24.198 27.574 1.956
24.203 29.655 1.483
23.202 30.227 1.761
25.433 29.342 2.099
12.325 19.096 0.248
23.046 25.213 0.984
0.024 24.328 1.512
1.784 13.179 0.207
19.149 22.546 1.858
4.000 13.419 0.111
0.520 21.053 2.250
1.502 21.068 2.103
12.088 16.713 0.048
10.975 26.960 1.504
0.639 6.479 1.900
17.759 30.802 1.266
12.976 18.741 0.494
21.900 26.683 0.788
17.025 30.786 0.236
21.163 25.841 0.347
19.926 29.030 2.297
17.966 30.375 1.429
19.269 26.211 0.667
8.131 24.785 1.261
6.900 19.410 1.257
26.658 30.342 1.541
17.454 28.480 1.025
20.875 24.756 2.275
