8.245 17.962 2.127
5.843 13.389 1.094
19.026 22.552 1.261
15.889 20.855 1.844
17.402 22.704 0.732
5.358 18.649 2.170
2.553 13.161 1.782
3.518 4.388 0.061
9.096 12.702 1.983
0.289 18.968 0.489
15.944 21.203 1.793
5.975 21.805 1.797
16.843 20.193 0.558
0.460 1.325 0.174
7.124 14.601 1.645
3.609 7.700 0.685
14.898 15.662 0.310
10.512 20.746 0.825
3.176 7.586 2.070
0.585 18.998 0.417
4.984 12.091 1.313
10.799 21.621 1.529
18.650 21.053 2.174
3.065 19.274 1.283
17.903 22.370 0.167
16.448 20.447 0.893
13.439 16.875 1.037
18.989 22.524 2.259
11.896 13.905 0.626
3.959 13.947 1.381
7.107 14.986 0.529
13.836 20.703 2.181
19.651 21.637 0.546
4.716 14.637 2.065
6.529 16.461 1.236
6.731 10.149 0.801
5.803 21.712 0.504
14.794 20.780 1.856
13.734 20.985 0.621
1.288 20.174 1.660
6.831 14.714 0.102
0.416 15.120 1.928
10.811 18.342 1.389
15.547 21.186 1.472
15.199 18.112 1.996
8.470 10.552 1.809
8.767 16.021 0.097
5.385 9.817 0.157
19.641 22.156 1.165
1.420 22.078 0.845
17.201 19.192 0.776
5.791 22.875 0.117
3.449 7.877 0.158
6.018 17.684 1.810
1.674 5.106 0.604
4.351 8.738 1.294
12.646 17.478 0.246
15.177 16.350 0.768
5.650 21.003 1.597
11.352 14.133 1.998
15.908 21.251 2.299
12.377 19.234 1.368
3.885 10.041 2.251
0.846 6.908 0.550
8.136 13.516 1.828
18.001 21.876 0.873
4.130 15.586 0.122
7.080 17.992 0.831
19.521 22.691 0.514
6.939 18.356 2.193
4.033 11.194 0.649
10.640 13.881 0.669
1.992 16.965 0.245
16.876 22.172 1.545
0.115 14.399 1.130
18.707 21.571 0.668
14.938 22.469 2.010
16.602 19.521 1.394
15.685 19.812 0.345
13.781 22.943 0.908
2.039 3.534 0.947
13.749 15.807 0.595
4.573 20.521 0.435
15.266 19.060 0.110
1.123 5.005 2.211
11.310 18.962 2.214
17.573 20.322 0.940
8.270 20.666 1.515
18.904 19.563 0.651
12.325 19.368 0.114
8.439 18.103 2.195
4.017 11.111 0.953
12.463 14.364 1.859
2.105 8.546 0.907
6.336 20.837 1.896
6.231 15.898 0.455
9.381 16.579 2.289
7.370 13.978 0.963
11.609 16.790 2.019
7.868 16.646 2.187
8.372 20.047 1.399
1.673 6.383 0.348
1.747 12.160 0.730
12.583 14.114 0.765
12.290 15.533 0.329
16.500 22.969 1.010
4.419 14.181 0.247
5.292 15.503 0.017
15.411 22.774 0.247
7.389 16.528 2.079
4.453 13.690 0.696
6.212 19.275 0.953
16.832 19.981 0.895
14.483 16.798 1.690
1.635 19.996 1.732
12.756 18.056 0.827
1.888 6.640 0.955
6.862 12.182 2.101
6.206 12.175 0.355
3.646 8.129 0.626
3.449 5.449 0.771
10.038 20.950 2.216
8.929 13.175 2.100
9.638 19.308 1.086
4.972 11.531 2.154
5.991 20.273 1.892
12.598 14.488 1.829
5.219 22.195 0.666
17.189 21.649 1.190
5.123 14.983 2.118
1.871 5.245 1.900
5.653 17.127 0.883
10.302 12.942 0.993
19.499 19.688 0.172
18.296 22.081 0.947
3.753 12.032 0.234
13.559 21.554 1.213
16.744 20.181 0.624
17.409 22.847 0.343
10.768 12.058 0.508
4.093 8.107 0.455
3.991 16.167 2.201
14.776 20.584 0.677
15.723 22.631 2.119
16.887 18.064 0.596
1.238 6.236 2.079
17.855 22.813 0.827
7.631 18.393 0.762
17.751 20.521 0.874
13.493 18.401 0.614
10.557 20.818 1.845
14.927 21.802 1.119
11.181 15.703 0.641
1.083 18.300 2.096
7.370 11.184 0.649
6.491 21.059 0.115
4.976 8.382 0.929
17.505 22.114 1.399
3.937 18.706 1.039
8.667 20.485 1.464
3.489 22.309 0.742
14.188 21.854 0.454
0.946 3.389 1.709
2.617 13.967 0.189
11.379 14.880 1.226
1.544 3.582 0.701
8.225 12.174 0.308
16.413 19.039 1.170
19.759 22.005 2.108
5.689 14.701 1.626
5.895 15.253 0.793
16.222 17.788 1.190
16.584 18.392 1.275
10.191 20.056 2.177
9.478 21.987 1.038
10.977 21.707 0.840
13.194 18.309 0.282
2.249 13.880 0.644
15.826 22.103 0.849
14.887 18.488 1.067
8.842 15.045 1.348
12.641 18.304 1.282
16.733 17.217 0.427
2.185 6.874 0.093
5.119 18.048 0.944
8.855 16.690 0.306
17.136 19.866 1.855
18.477 19.742 0.721
12.137 22.518 0.024
10.745 11.776 0.890
4.741 16.389 2.037
3.052 13.746 0.038
18.334 20.546 1.501
8.111 11.562 2.221
7.992 13.798 1.164
6.568 11.767 1.438
5.799 21.382 1.227
9.561 18.872 0.755
9.207 15.687 1.340
18.446 21.566 0.278
