11.698 18.850 2.068
33.847 38.267 0.288
32.182 34.494 1.025
22.851 33.413 1.288
15.252 35.779 0.038
5.026 15.381 0.615
24.540 38.458 1.291
21.860 30.152 1.813
29.462 32.227 1.701
18.595 18.783 0.046
26.939 37.895 0.768
16.641 19.448 1.766
22.715 33.846 0.056
34.887 38.130 1.151
9.574 29.270 1.891
21.500 36.369 0.606
16.562 25.567 1.721
0.522 25.037 1.096
14.540 16.073 0.882
10.398 35.838 1.373
15.558 25.858 2.143
19.193 38.490 0.023
31.147 36.943 1.006
11.986 26.149 1.385
20.146 27.333 0.090
8.389 35.003 2.156
34.708 37.797 1.400
2.752 14.469 0.936
17.949 36.387 0.184
10.954 37.238 1.797
21.183 26.518 0.497
20.186 26.399 2.011
10.850 35.468 1.672
8.319 22.270 0.439
32.052 33.535 1.321
35.829 37.844 0.136
9.250 13.050 0.391
8.333 37.813 1.138
1.774 14.465 0.183
10.070 24.866 1.186
14.842 30.211 2.127
10.518 22.612 1.094
34.248 38.424 1.261
28.599 35.516 1.844
31.323 38.578 0.732
9.645 31.355 2.170
4.595 21.804 1.782
6.333 7.751 0.061
16.372 21.166 1.983
0.521 32.106 0.489
28.699 36.095 1.793
10.755 36.924 1.797
30.317 34.927 0.558
0.828 2.176 0.174
12.824 24.522 1.645
6.495 12.975 0.685
26.816 27.818 0.310
18.922 35.279 0.825
5.717 11.901 2.070
1.053 32.172 0.417
8.972 20.246 1.313
19.438 36.669 1.529
33.571 36.087 2.174
5.516 32.568 1.283
32.225 38.156 0.167
29.607 35.165 0.893
24.190 29.103 1.037
34.181 38.304 2.259
21.413 24.278 0.626
7.126 23.368 1.381
12.792 25.607 0.529
24.905 35.082 2.181
35.373 37.501 0.546
8.489 24.333 2.065
11.752 27.836 1.236
12.115 17.330 0.801
10.446 36.835 0.504
26.628 35.324 1.856
24.721 35.816 0.621
2.319 34.064 1.660
12.296 25.281 0.102
0.748 25.143 1.928
19.461 31.172 1.389
27.985 36.106 1.472
27.358 30.878 1.996
15.246 17.525 1.809
15.781 27.585 0.097
9.694 16.988 0.157
35.354 38.046 1.165
2.557 37.417 0.845
30.963 33.495 0.776
10.423 38.792 0.117
6.209 13.551 0.158
10.833 29.765 1.810
3.013 8.446 0.604
7.831 14.451 1.294
22.762 30.264 0.246
27.318 28.713 0.768
10.170 35.548 1.597
20.433 23.776 1.998
28.635 36.056 2.299
22.279 32.753 1.368
6.993 16.133 2.251
1.523 11.494 0.550
14.645 22.611 1.828
32.402 37.440 0.873
7.434 26.566 0.122
12.743 30.561 0.831
35.138 38.651 0.514
12.491 30.857 2.193
7.260 18.961 0.649
19.152 24.040 0.669
3.586 28.778 0.245
30.377 37.720 1.545
0.208 24.110 1.130
33.672 37.163 0.668
26.889 38.113 2.010
29.884 33.632 1.394
28.232 34.233 0.345
24.806 38.910 0.908
3.670 5.560 0.947
24.747 27.651 0.595
8.231 34.820 0.435
27.479 33.103 0.110
2.022 7.187 2.211
20.357 32.000 2.214
31.632 35.163 0.940
14.886 35.008 1.515
34.027 34.688 0.651
22.185 33.256 0.114
15.190 30.440 2.195
7.231 18.679 0.953
22.433 24.363 1.859
3.789 14.194 0.907
11.404 35.235 1.896
11.215 27.103 0.455
16.887 27.764 2.289
13.265 23.762 0.963
20.896 28.342 2.019
14.162 27.882 2.187
15.069 33.970 1.399
3.011 10.770 0.348
3.144 20.447 0.730
22.649 24.651 0.765
22.123 27.097 0.329
29.699 38.954 1.010
7.954 24.186 0.247
9.525 26.517 0.017
27.740 38.661 0.247
13.299 27.702 2.079
8.016 23.204 0.696
11.182 32.680 0.953
30.298 34.530 0.895
26.070 28.788 1.690
2.942 33.747 1.732
22.961 31.014 0.827
3.398 10.879 0.955
12.352 20.082 2.101
11.171 20.909 0.355
6.562 13.740 0.626
6.209 9.075 0.771
18.069 35.430 2.216
16.072 21.906 2.100
17.349 32.815 1.086
8.950 18.844 2.154
10.783 34.252 1.892
22.676 24.610 1.829
9.395 37.639 0.666
30.941 36.991 1.190
9.222 24.928 2.118
3.367 7.854 1.900
10.175 29.032 0.883
18.543 22.275 0.993
35.099 35.290 0.172
32.933 37.747 0.947
6.756 20.534 0.234
24.406 36.648 1.213
30.139 34.877 0.624
31.336 38.786 0.343
19.382 21.165 0.508
7.367 13.836 0.455
7.183 26.961 2.201
26.597 35.246 0.677
28.301 38.386 2.119
30.396 31.836 0.596
2.228 9.452 2.079
32.139 38.739 0.827
13.737 31.271 0.762
31.951 35.501 0.874
24.287 31.709 0.614
19.003 35.263 1.845
26.868 37.103 1.119
20.125 27.097 0.641
1.949 30.712 2.096
13.265 19.214 0.649
11.684 35.780 0.115
8.957 14.104 0.929
31.510 37.682 1.399
7.086 31.645 1.039
15.600 34.713 1.464
6.280 37.823 0.742
25.538 37.216 0.454
1.703 4.695 1.709
4.710 23.746 0.189
20.482 25.493 1.226
2.779 5.769 0.701
14.806 21.125 0.308
29.543 32.940 1.170
35.566 37.835 2.108
10.240 24.644 1.626
10.611 25.895 0.793
29.200 30.970 1.190
29.852 31.943 1.275
18.344 33.883 2.177
17.061 37.305 1.038
19.758 36.872 0.840
23.750 31.627 0.282
4.047 23.440 0.644
28.486 37.629 0.849
26.796 31.869 1.067
15.915 25.502 1.348
22.753 31.257 1.282
30.120 30.629 0.427
3.933 11.783 0.093
9.215 30.567 0.944
15.938 28.625 0.306
30.844 34.074 1.855
33.258 34.698 0.721
21.847 38.239 0.024
19.341 20.463 0.890
8.534 27.414 2.037
5.493 23.444 0.038
33.002 35.512 1.501
14.600 18.975 2.221
14.385 23.412 1.164
11.823 19.716 1.438
10.438 36.230 1.227
17.211 32.155 0.755
16.572 26.617 1.340
33.203 37.150 0.278
5.353 9.612 0.569
3.673 33.144 1.586
17.667 31.968 1.044
15.066 18.766 1.472
29.901 37.993 0.848
18.721 28.065 2.213
26.125 31.850 1.450
29.283 31.740 1.961
26.769 30.288 0.833
29.483 33.399 1.803
20.276 22.954 0.402
27.256 31.223 0.952
6.155 15.028 1.252
11.470 29.763 0.518
25.143 34.607 1.542
2.017 37.270 0.758
11.545 16.611 0.708
13.267 38.024 0.636
8.504 27.784 0.600
27.217 31.388 1.340
25.637 35.402 0.777
0.777 25.479 1.611
4.550 18.697 1.656
18.862 31.593 1.988
17.826 32.073 0.071
19.925 31.191 0.804
27.514 27.573 0.052
19.690 26.375 1.721
28.585 36.654 1.921
10.672 22.898 1.239
3.664 7.890 0.896
24.055 34.496 0.372
24.148 37.530 1.699
27.237 31.316 1.310
4.012 29.838 0.614
35.189 36.889 1.122
28.843 33.301 1.410
17.374 26.894 2.297
34.128 37.386 0.507
20.725 37.742 0.335
16.485 18.986 1.477
23.607 26.683 1.708
23.427 27.428 0.459
26.357 36.454 2.287
32.159 38.396 1.260
31.279 37.234 1.417
26.319 35.994 0.349
5.500 26.444 0.931
25.804 37.714 1.909
2.294 24.811 0.908
17.571 34.143 1.038
20.836 31.749 0.772
12.972 16.676 1.724
3.443 7.216 2.293
14.280 24.684 0.249
15.621 26.551 0.620
8.099 28.145 0.601
32.151 36.342 2.022
14.821 38.159 0.534
26.617 35.788 0.786
21.722 37.324 1.429
24.569 26.622 0.542
19.140 31.130 1.646
0.544 18.810 1.175
34.951 38.404 2.046
8.850 17.065 0.238
16.787 19.204 1.396
13.903 38.955 0.268
26.637 26.785 0.094
24.489 35.388 2.200
27.032 35.254 0.325
22.059 38.630 1.525
2.560 34.236 2.087
22.626 32.912 2.045
5.479 25.597 2.067
9.466 28.085 0.404
30.035 37.951 1.542
16.147 32.001 2.261
25.515 36.543 0.134
26.889 37.375 2.241
11.309 17.214 0.271
10.504 34.855 2.180
8.991 35.051 0.497
15.512 37.360 0.473
27.119 32.132 0.897
20.087 37.971 1.451
26.505 32.397 1.693
19.807 32.698 2.255
11.796 29.231 0.989
25.044 34.746 1.127
9.661 11.798 0.241
5.032 12.011 1.044
23.274 28.905 1.971
29.433 38.324 1.437
3.682 21.534 0.585
25.241 28.191 1.619
13.392 38.045 1.108
3.559 7.809 1.045
18.747 34.914 0.750
29.669 35.671 1.697
1.862 38.665 0.431
15.379 32.832 1.480
32.427 38.608 1.939
17.387 33.411 1.104
27.278 36.232 0.883
9.864 11.582 0.835
29.601 34.672 1.743
8.074 16.431 0.190
22.525 29.087 1.765
9.169 31.875 1.115
20.230 33.543 0.800
34.817 36.629 0.924
32.000 36.782 1.362
12.505 34.803 1.843
29.340 31.020 0.974
22.767 34.650 2.260
17.974 30.085 0.424
8.582 18.780 1.983
35.624 38.110 1.886
11.582 29.926 0.917
