8.845 14.726 0.118
12.646 14.403 1.620
11.708 19.398 1.273
14.009 17.112 1.833
6.319 8.088 1.108
10.431 17.786 0.002
12.099 13.749 0.505
0.920 3.036 1.542
5.534 17.404 1.605
6.980 16.078 2.258
4.725 18.219 1.097
1.269 4.150 0.232
2.288 9.216 2.111
5.981 8.419 1.872
13.027 19.344 0.552
4.104 7.901 0.620
3.670 18.200 1.946
14.203 18.494 1.943
0.654 4.535 0.399
5.695 9.184 1.033
14.311 18.069 1.433
14.587 18.866 1.202
15.989 19.764 2.229
13.443 16.109 0.337
4.550 19.605 0.393
11.869 13.717 1.648
10.321 17.938 1.869
13.091 18.138 0.287
6.001 18.943 1.495
14.235 18.711 0.074
7.182 10.126 0.017
6.696 18.952 0.360
8.027 17.198 0.559
14.504 15.156 0.491
12.339 16.836 0.525
12.902 16.566 1.960
8.623 18.812 2.281
10.350 18.292 0.524
5.937 7.243 0.844
8.981 11.106 0.915
5.199 9.832 2.068
15.043 19.296 0.288
14.303 16.366 1.025
10.156 16.783 1.288
6.779 18.209 0.038
2.234 7.857 0.615
10.907 19.679 1.291
9.716 15.110 1.813
13.094 15.502 1.701
8.264 8.392 0.046
11.973 19.290 0.768
7.396 9.710 1.766
10.096 16.872 0.056
15.505 19.018 1.151
4.255 15.105 1.891
9.555 18.468 0.606
7.361 12.921 1.721
0.232 13.026 1.096
6.462 7.694 0.882
4.621 18.374 1.373
6.915 13.248 2.143
8.530 19.705 0.023
13.843 18.453 1.006
5.327 13.337 1.385
8.954 13.187 0.090
3.729 18.017 2.156
15.426 18.680 1.400
1.223 7.606 0.936
7.977 18.518 0.184
4.868 19.105 1.797
9.415 12.730 0.497
8.971 13.238 2.011
4.822 18.198 1.672
3.697 11.224 0.439
14.246 15.694 1.321
15.924 18.500 0.136
4.111 6.301 0.391
3.704 19.391 1.138
0.789 7.397 0.183
4.476 12.695 1.186
6.596 15.501 2.127
4.674 11.485 1.094
15.221 19.419 1.261
12.711 17.783 1.844
13.921 19.675 0.732
4.287 16.191 2.170
2.042 11.474 1.782
2.815 3.589 0.061
7.277 10.722 1.983
0.231 16.502 0.489
12.755 18.138 1.793
4.780 18.946 1.797
13.474 17.009 0.558
0.368 1.143 0.174
5.699 12.531 1.645
2.887 6.564 0.685
11.918 12.681 0.310
8.410 17.919 0.825
2.541 6.639 2.070
0.468 16.523 0.417
3.987 10.400 1.313
8.639 18.729 1.529
14.920 17.400 2.174
2.452 16.751 1.283
14.322 19.296 0.167
13.159 17.316 0.893
10.751 14.099 1.037
15.191 19.307 2.259
9.517 11.444 0.626
3.167 12.079 1.381
5.685 12.810 0.529
11.069 17.780 2.181
15.721 18.184 0.546
3.773 12.698 2.065
5.223 14.188 1.236
5.384 8.523 0.801
4.643 18.854 0.504
11.835 17.795 1.856
10.987 18.044 0.621
1.031 17.561 1.660
5.465 12.557 0.102
0.333 13.233 1.928
8.649 15.703 1.389
12.438 18.153 1.472
12.159 15.079 1.996
6.776 8.830 1.809
7.014 13.637 0.097
4.308 8.269 0.157
15.713 18.800 1.165
1.136 19.199 0.845
13.761 15.859 0.776
4.632 19.889 0.117
2.759 6.678 0.158
4.815 15.313 1.810
1.339 4.408 0.604
3.481 7.489 1.294
10.117 14.735 0.246
12.141 13.316 0.768
4.520 18.240 1.597
9.081 11.803 1.998
12.726 18.184 2.299
9.902 16.448 1.368
3.108 8.749 2.251
0.677 6.016 0.550
6.509 11.515 1.828
14.401 18.712 0.873
3.304 13.446 0.122
5.664 15.518 0.831
15.617 19.597 0.514
5.551 15.896 2.193
3.227 9.607 0.649
8.512 11.561 0.669
1.594 14.721 0.245
13.501 19.104 1.545
0.092 12.576 1.130
14.965 18.279 0.668
11.951 19.470 2.010
13.282 16.299 1.394
12.548 16.749 0.345
11.025 19.945 0.908
