22.341 25.136 2.079
18.328 26.644 1.209
22.008 23.654 1.478
6.325 22.847 0.664
6.194 13.943 0.660
21.945 24.600 1.882
7.732 26.273 0.529
5.892 23.549 2.147
2.482 9.082 1.328
9.023 23.266 0.440
21.521 22.491 0.711
18.049 23.778 1.654
13.150 15.421 0.848
1.653 4.074 1.778
7.683 11.090 0.709
12.622 23.467 0.753
14.364 26.162 1.333
15.851 23.015 1.633
1.723 2.760 0.678
18.532 24.404 2.294
7.326 10.926 1.093
12.375 20.606 0.431
9.054 21.588 1.175
17.358 23.921 1.628
2.961 21.118 2.201
1.353 14.409 0.524
3.208 15.290 2.240
18.831 25.477 1.408
14.702 19.627 1.931
23.953 26.289 1.973
3.775 26.148 0.248
23.492 25.083 1.344
1.644 12.199 0.761
10.341 24.074 1.689
14.321 22.349 2.020
21.776 23.339 0.474
4.299 12.259 1.011
5.203 22.700 1.920
20.547 23.917 0.916
22.770 26.128 0.110
7.215 12.517 1.195
16.049 18.489 0.666
20.933 26.217 1.086
21.883 23.829 1.346
10.705 24.317 1.569
23.569 26.412 2.221
2.112 16.518 0.117
20.700 25.042 1.363
13.933 24.375 0.651
9.292 13.194 2.028
23.231 24.884 0.133
8.252 9.113 0.825
7.609 22.876 0.487
11.778 25.326 0.141
9.542 18.041 1.308
16.958 23.376 1.308
14.549 19.502 0.450
18.625 24.258 2.083
19.490 26.706 1.837
18.484 24.017 0.453
12.334 24.775 1.940
17.500 23.984 1.588
9.517 26.734 2.020
12.789 21.549 0.582
16.339 26.547 1.474
13.494 20.690 0.624
4.863 10.296 2.015
3.577 20.287 1.661
13.363 26.957 1.431
23.999 26.210 1.376
12.605 24.608 0.105
21.424 23.799 1.268
0.128 22.488 2.147
2.396 23.464 0.301
9.158 11.962 1.753
7.837 9.311 0.037
8.876 13.057 0.014
13.790 19.584 1.717
10.546 24.199 0.264
9.474 25.897 0.736
14.332 25.553 1.298
14.034 18.573 0.544
5.618 20.129 1.442
15.788 22.265 1.749
12.276 18.692 0.404
11.304 25.482 2.264
0.532 3.135 0.169
9.345 25.854 0.730
19.976 24.114 1.319
9.473 19.632 2.115
2.703 14.010 1.980
18.068 21.878 2.290
0.724 4.779 1.070
8.531 26.009 0.783
0.490 21.674 2.167
18.640 25.361 1.785
14.739 15.483 0.101
13.297 16.539 1.605
6.874 14.644 1.682
8.345 25.452 1.172
22.671 26.695 2.127
13.685 23.562 2.161
7.360 17.019 2.279
22.567 25.452 1.391
3.975 6.687 1.667
7.763 12.890 1.156
0.371 14.833 0.362
7.220 18.905 1.952
8.384 10.556 0.003
6.859 8.135 1.262
18.376 26.304 0.176
19.345 22.578 0.480
10.749 25.178 1.783
21.963 25.649 1.239
5.997 20.014 1.410
17.132 23.702 2.194
3.483 23.784 0.799
18.679 26.615 1.704
19.354 20.478 0.250
0.609 13.443 2.168
4.868 10.420 1.466
7.971 20.935 1.750
22.896 25.628 0.354
4.264 6.910 0.973
9.468 23.321 1.739
19.960 23.769 1.592
11.964 14.571 1.474
6.819 11.816 0.419
14.910 26.748 0.075
8.009 19.092 2.256
1.337 12.737 1.314
3.451 7.819 0.915
7.255 8.766 0.503
6.366 24.225 1.371
8.017 25.635 1.341
17.663 25.044 0.059
15.256 16.639 0.186
12.597 19.649 1.379
0.494 26.470 1.535
10.088 16.003 0.174
19.701 26.320 0.249
14.065 17.811 1.634
14.747 18.213 0.098
13.464 22.550 1.416
20.126 25.007 1.259
13.712 19.524 2.206
1.228 7.720 1.514
19.030 22.438 1.944
21.140 24.930 1.123
18.381 24.711 0.048
11.087 18.265 0.667
15.589 26.142 0.207
0.601 20.578 0.495
12.941 13.739 0.749
21.869 24.439 1.617
18.504 20.387 0.114
5.912 7.680 1.258
3.453 13.225 1.236
10.955 13.205 1.948
9.853 22.631 0.357
8.664 12.323 0.874
8.641 15.206 1.139
8.990 21.952 1.273
11.014 15.037 0.854
23.899 25.253 0.357
10.897 24.292 0.486
21.534 24.818 1.616
16.923 22.114 0.661
4.224 12.375 1.081
10.096 17.753 0.049
7.203 8.328 0.764
13.246 24.270 1.947
15.046 23.515 1.263
23.451 26.825 1.096
16.551 24.675 1.500
21.731 24.579 1.271
9.150 14.093 1.830
6.667 14.591 0.171
7.924 10.192 1.005
10.975 13.282 1.147
18.903 24.322 0.325
19.640 22.020 0.968
20.563 23.866 1.756
1.871 7.685 0.140
12.304 21.228 0.958
11.954 19.572 2.113
5.168 25.161 1.299
12.970 16.878 1.387
15.151 24.895 1.039
7.428 18.364 1.323
16.232 19.584 2.219
7.015 7.167 0.083
9.568 12.989 0.322
14.953 25.899 0.046
18.320 22.754 1.994
11.903 18.842 1.315
19.134 21.349 0.387
12.879 23.061 0.769
10.612 19.261 1.752
1.311 25.240 1.194
10.880 15.528 1.478
6.205 26.947 1.783
9.919 13.604 0.518
20.253 25.053 1.072
0.390 5.460 0.755
23.807 26.572 2.297
20.429 24.107 0.172
20.796 24.286 1.584
14.262 23.522 1.643
6.962 20.181 1.996
10.446 25.089 1.503
13.212 15.769 0.306
8.182 25.505 1.450
8.433 20.821 1.019
0.358 15.117 0.475
21.795 24.425 1.869
18.852 22.045 1.451
5.334 17.206 0.573
18.095 20.266 1.902
18.594 21.691 2.224
0.031 18.826 1.988
9.050 23.203 0.940
2.310 12.592 2.138
20.333 25.959 1.890
4.935 22.611 1.493
15.453 22.061 1.707
9.561 19.164 1.685
17.737 23.615 0.682
21.246 26.073 1.085
22.667 26.575 0.968
13.709 26.504 1.617
18.541 23.517 1.167
0.977 13.053 1.447
19.624 24.197 0.629
13.818 26.220 1.031
17.414 21.559 0.913
15.455 24.549 0.530
4.672 17.203 0.768
2.775 11.209 0.025
6.059 16.169 0.803
