2.928 4.651 0.811
2.275 6.180 1.364
2.888 4.227 0.951
1.471 3.276 1.669
2.068 4.931 1.326
0.419 6.632 1.899
2.198 4.829 0.692
1.500 4.400 1.694
1.824 6.921 0.544
1.191 5.126 1.478
0.784 6.246 1.523
1.591 6.516 1.002
0.110 4.905 1.989
0.202 2.378 1.063
3.372 6.187 1.254
0.791 3.034 1.684
0.440 3.520 1.486
3.764 5.232 0.572
0.561 6.178 1.466
2.832 6.250 1.200
1.011 1.309 0.289
0.244 6.242 1.612
0.842 4.352 0.231
0.057 3.337 0.228
3.009 5.804 1.372
0.296 2.347 0.873
2.785 4.953 0.581
0.930 4.703 1.156
2.515 4.935 0.320
3.852 6.868 1.392
0.760 2.425 0.672
3.981 6.996 0.915
0.390 2.146 1.250
1.751 3.778 1.863
3.578 4.804 0.580
3.076 4.524 0.821
2.512 5.202 1.208
1.865 5.561 1.196
3.419 6.278 1.658
2.884 5.135 1.132
