3.899 7.787 2.068
11.282 14.483 0.288
10.727 12.474 1.025
7.617 12.709 1.288
5.084 13.658 0.038
1.675 6.001 0.615
8.180 14.772 1.291
7.287 11.594 1.813
9.821 11.994 1.701
6.198 6.306 0.046
8.980 14.486 0.768
5.547 7.702 1.766
7.572 12.659 0.056
11.629 14.348 1.151
3.191 11.495 1.891
7.167 13.874 0.606
5.521 9.969 1.721
0.174 9.872 1.096
4.847 5.985 0.882
3.466 13.820 1.373
5.186 10.267 2.143
6.398 14.779 0.023
10.382 13.915 1.006
3.995 10.176 1.385
6.715 9.905 0.090
2.796 13.589 2.156
11.569 14.155 1.400
0.917 5.867 0.936
5.983 13.894 0.184
3.651 14.359 1.797
7.061 9.637 0.497
6.729 10.305 2.011
3.617 13.705 1.672
2.773 8.479 0.439
10.684 12.091 1.321
11.943 13.888 0.136
3.083 4.812 0.391
2.778 14.555 1.138
0.591 5.578 0.183
3.357 9.673 1.186
4.947 11.838 2.127
3.506 8.777 1.094
11.416 14.617 1.261
9.533 13.525 1.844
10.441 14.767 0.732
3.215 12.296 2.170
1.532 8.840 1.782
2.111 2.706 0.061
5.457 8.470 1.983
0.174 12.398 0.489
9.566 13.757 1.793
3.585 14.245 1.797
10.106 12.826 0.558
0.276 0.900 0.174
4.275 9.641 1.645
2.165 5.063 0.685
8.939 9.584 0.310
6.307 13.479 0.825
1.906 5.429 2.070
0.351 12.411 0.417
2.991 8.014 1.313
6.479 14.096 1.529
11.190 13.536 2.174
1.839 12.627 1.283
10.742 14.478 0.167
9.869 13.088 0.893
8.063 10.761 1.037
11.394 14.634 2.259
7.138 8.719 0.626
2.375 9.236 1.381
4.264 9.676 0.529
8.302 13.514 2.181
11.791 13.705 0.546
2.830 9.790 2.065
3.917 10.774 1.236
4.038 6.559 0.801
3.482 14.150 0.504
8.876 13.508 1.856
8.240 13.569 0.621
0.773 13.229 1.660
4.099 9.431 0.102
0.249 10.108 1.928
6.487 11.927 1.389
9.328 13.726 1.472
9.119 11.729 1.996
5.082 7.065 1.809
5.260 10.239 0.097
3.231 6.231 0.157
11.785 14.212 1.165
0.852 14.408 0.845
10.321 12.041 0.776
3.474 14.917 0.117
2.070 5.040 0.158
3.611 11.644 1.810
1.004 3.436 0.604
2.610 5.882 1.294
7.587 11.085 0.246
9.106 10.168 0.768
3.390 13.731 1.597
6.811 9.311 1.998
9.545 13.848 2.299
7.426 12.475 1.368
2.331 6.994 2.251
0.508 4.615 0.550
4.882 8.969 1.828
10.801 14.094 0.873
2.478 10.097 0.122
4.248 11.707 0.831
11.713 14.711 0.514
4.164 12.106 2.193
2.420 7.310 0.649
6.384 8.801 0.669
1.195 11.059 0.245
10.126 14.398 1.545
0.069 9.544 1.130
11.224 13.775 0.668
8.963 14.647 2.010
9.961 12.466 1.394
9.411 12.602 0.345
8.269 14.960 0.908
