39.659 42.005 1.770
38.221 42.285 0.066
3.659 14.314 0.681
0.371 14.405 0.578
15.258 40.538 2.161
39.811 41.866 1.311
18.740 31.968 1.132
6.144 42.016 1.165
28.911 33.371 0.832
2.087 41.728 1.542
3.224 19.529 1.947
14.263 42.947 2.281
36.462 42.514 2.006
24.039 31.372 0.536
18.326 23.506 0.969
18.110 26.252 0.117
31.614 33.777 1.311
12.371 31.411 1.934
35.253 41.346 0.160
3.338 22.591 1.269
37.491 42.764 1.894
33.927 41.963 0.457
4.950 6.795 1.328
29.875 39.923 1.410
37.992 41.703 1.829
14.432 33.518 1.386
16.989 21.142 0.281
27.097 41.494 1.931
12.643 38.916 0.463
2.317 28.969 0.069
1.323 25.158 0.042
10.982 35.750 2.096
18.724 30.094 1.217
36.372 42.628 2.158
6.721 12.718 0.475
11.955 35.358 2.001
4.406 28.176 0.977
35.969 41.764 0.859
29.553 36.864 1.087
22.187 37.480 2.178
16.659 37.026 1.096
32.627 41.622 1.103
26.745 37.485 1.954
11.097 19.284 0.634
7.674 30.045 0.247
1.641 30.209 2.298
6.612 9.165 0.414
37.808 41.649 0.761
23.542 33.226 1.839
12.555 29.410 1.988
31.334 35.292 0.702
29.308 30.415 1.021
18.965 20.313 0.841
37.196 42.420 1.080
24.815 29.848 1.961
13.062 37.253 0.528
1.722 3.155 1.126
14.043 33.832 1.648
19.704 27.540 0.187
12.825 34.427 0.638
30.649 33.333 0.580
27.684 34.219 0.997
17.280 25.619 1.768
36.417 40.065 2.166
10.885 16.519 1.986
2.084 37.434 0.578
13.992 22.305 1.362
4.182 40.871 1.340
10.149 15.372 0.726
6.444 35.516 1.248
8.397 26.268 2.267
6.929 15.200 0.222
39.760 42.273 0.424
12.383 38.877 1.162
22.217 36.796 2.151
22.048 25.997 0.186
24.180 34.509 0.652
1.195 29.315 2.290
29.306 39.957 1.564
36.594 40.708 1.100
22.839 40.580 0.939
19.946 42.899 0.445
26.247 36.332 1.827
26.073 40.793 0.101
27.951 31.863 2.001
5.130 8.121 1.622
18.350 28.636 1.408
17.678 25.443 1.094
2.108 41.191 0.124
12.674 35.746 0.431
34.776 37.071 1.075
6.730 30.276 1.282
39.395 41.291 1.634
33.006 34.168 0.211
26.562 32.533 1.650
35.076 41.833 0.355
33.752 41.862 0.463
29.958 36.839 1.433
1.284 26.623 0.040
0.168 27.912 0.934
18.378 38.999 0.968
22.244 39.814 1.154
8.115 38.031 1.881
23.643 30.494 2.207
39.879 42.287 1.402
6.271 11.209 1.448
7.013 41.143 1.265
28.045 29.748 1.351
10.933 19.161 1.792
19.020 42.624 0.572
35.809 39.100 1.074
30.551 31.398 0.085
5.238 22.064 2.221
19.765 25.479 1.577
28.932 31.129 1.419
2.372 24.022 1.026
38.459 42.828 0.081
9.358 42.274 0.651
21.524 27.192 2.091
2.618 19.079 0.421
38.943 42.617 0.584
25.860 41.837 1.379
12.702 15.305 1.709
35.365 37.341 1.006
11.955 17.857 0.795
35.226 36.994 1.116
21.700 31.380 0.400
18.665 29.511 0.968
21.180 28.268 0.584
35.842 38.207 0.264
10.656 16.773 0.178
34.281 35.906 1.180
31.231 39.253 0.757
35.624 41.222 1.338
7.798 22.270 0.662
6.848 29.071 0.453
34.939 41.654 0.365
20.452 30.878 0.322
24.757 38.860 0.396
21.265 32.612 0.305
29.133 42.284 1.733
12.683 31.972 1.589
21.777 31.545 1.417
27.014 32.543 0.474
22.722 28.385 0.744
18.488 21.400 1.394
34.569 38.127 2.033
18.198 42.105 2.074
0.753 33.715 0.787
2.764 27.200 1.121
36.551 40.697 0.751
38.032 41.380 1.936
28.270 34.638 0.313
10.389 41.419 2.172
10.230 16.933 0.924
16.529 24.471 1.916
17.657 28.393 1.628
12.537 42.513 2.296
1.472 41.244 2.254
30.147 33.609 0.620
23.276 27.299 0.029
36.836 41.374 0.446
30.420 41.299 0.918
32.131 42.631 0.533
27.097 31.994 0.948
0.087 18.608 0.046
32.788 36.589 0.561
2.318 4.235 0.289
39.108 40.705 1.192
2.338 27.199 1.681
25.319 32.024 0.716
5.137 40.036 0.480
36.233 40.714 0.342
21.005 38.340 0.369
29.113 41.235 1.690
24.566 35.452 1.938
3.521 33.449 1.413
3.839 18.763 1.438
24.597 33.094 1.696
24.790 38.384 1.881
1.349 24.558 0.119
19.477 22.243 1.168
31.902 34.338 2.253
25.313 39.448 1.373
2.385 15.138 0.065
24.298 32.306 1.423
30.360 40.873 2.229
39.279 42.022 1.874
22.078 33.378 0.297
24.384 36.833 2.124
10.911 26.225 1.169
23.729 33.889 2.034
6.399 25.230 1.728
31.289 41.303 1.689
35.134 39.111 1.473
10.586 31.697 0.110
0.613 40.471 1.890
30.394 36.075 2.207
34.676 36.997 0.156
7.073 22.162 1.655
22.807 31.868 1.512
0.592 41.686 1.156
24.826 40.094 1.169
34.339 35.750 1.071
5.930 39.631 1.580
4.050 5.142 0.927
25.972 42.971 2.211
13.042 40.797 1.055
32.120 36.935 0.579
24.794 36.240 1.885
6.699 35.780 0.809
24.638 40.527 1.741
23.009 41.498 0.476
14.877 39.340 1.015
22.288 28.759 1.183
17.110 35.324 0.574
29.836 36.931 1.241
26.875 36.413 0.981
22.337 42.064 0.003
3.912 38.836 1.404
7.042 9.664 1.662
11.459 18.124 1.054
21.292 42.767 1.526
24.870 31.704 0.244
13.156 20.830 0.055
38.801 41.168 0.037
25.610 34.537 1.129
37.764 42.779 1.385
2.669 28.501 1.130
2.545 4.207 1.035
11.304 18.954 1.543
9.385 27.730 1.398
32.706 39.544 1.900
5.125 36.055 2.211
25.649 30.238 0.770
14.797 22.301 1.629
8.181 41.770 2.005
3.140 6.170 0.158
26.759 37.263 2.222
13.526 34.713 0.512
29.249 41.875 2.142
31.577 33.628 1.547
14.815 31.084 2.141
31.483 42.515 1.009
24.747 28.808 1.453
25.595 38.288 0.668
28.681 36.856 0.250
17.317 32.610 0.592
15.413 17.573 1.289
38.655 41.855 1.327
1.660 28.419 0.198
21.988 25.374 1.386
10.628 40.946 0.879
35.705 37.865 1.627
10.148 42.765 2.024
10.280 17.074 0.993
2.404 32.916 1.533
20.222 34.435 1.668
28.908 39.316 1.542
33.025 36.283 1.594
20.405 41.843 0.311
33.801 37.765 1.029
6.764 27.860 1.141
28.775 33.653 0.176
31.725 41.596 1.275
27.099 29.008 0.046
16.412 30.077 0.908
23.690 31.183 2.066
9.184 33.912 2.272
20.842 23.849 1.647
12.127 36.713 2.183
38.352 41.019 2.208
31.893 33.779 1.446
35.661 41.819 0.169
29.126 39.164 1.636
30.315 33.642 1.700
21.826 27.526 2.142
9.513 32.214 2.217
38.296 41.270 1.084
21.083 40.119 1.691
20.165 24.646 0.603
21.426 32.008 1.579
10.080 35.617 1.937
16.305 23.249 0.764
7.160 42.223 1.803
0.316 4.938 1.566
1.255 14.787 0.288
27.917 31.041 0.032
9.251 22.181 1.830
37.651 41.128 2.195
18.340 33.254 2.142
6.985 18.475 0.630
17.206 21.658 0.574
2.665 24.838 1.871
31.400 34.571 1.192
36.016 41.236 0.157
19.031 32.472 1.508
18.928 36.414 2.295
11.985 27.103 0.741
29.444 39.329 0.353
31.389 39.641 0.234
20.975 29.800 1.858
8.982 14.421 1.479
11.101 32.021 0.350
33.282 41.469 1.384
29.774 40.517 0.732
16.069 22.647 2.209
17.372 21.073 1.588
5.759 28.874 1.132
5.762 42.245 0.637
4.597 12.997 1.936
14.803 41.667 1.041
21.385 28.161 0.226
38.226 42.214 1.787
35.592 38.250 2.115
0.917 41.389 1.138
27.215 36.068 0.884
9.737 14.484 0.680
24.646 30.396 2.062
36.990 41.915 1.523
25.053 37.032 1.863
14.438 21.923 0.466
33.468 37.949 0.128
21.513 36.604 1.046
12.714 17.952 0.256
28.894 42.555 0.728
21.800 28.561 0.558
33.127 40.177 0.415
30.050 31.466 0.512
34.271 36.571 1.427
13.497 40.713 1.801
11.739 24.395 1.721
33.500 35.031 0.139
8.605 28.265 1.642
10.476 29.418 0.716
6.612 23.968 2.152
22.900 30.487 0.895
27.887 36.956 0.249
8.330 38.701 2.246
0.148 41.275 1.104
24.313 37.156 1.109
14.722 24.135 2.188
7.306 41.832 2.281
16.124 26.443 1.923
32.618 42.797 1.845
13.341 41.415 0.637
12.443 23.871 0.001
1.126 21.636 2.167
37.618 41.427 0.969
9.658 27.622 0.863
36.597 39.324 0.512
27.957 32.442 1.937
37.421 39.706 0.893
15.184 20.344 0.862
20.097 36.744 1.975
29.723 34.393 1.155
2.816 26.088 1.791
33.493 38.185 1.453
0.807 24.295 1.625
13.381 20.554 1.538
16.446 20.647 1.449
28.043 39.099 0.044
8.314 25.640 1.090
1.500 31.377 0.261
30.465 41.950 1.134
30.055 38.498 1.635
16.016 30.386 1.722
10.966 40.872 0.242
26.479 42.003 1.866
25.225 37.011 1.271
24.846 34.366 0.207
37.383 40.607 1.043
21.498 28.657 1.954
38.025 40.915 1.413
12.386 34.813 0.514
33.941 39.694 2.228
23.659 40.937 0.897
12.309 22.207 0.049
21.133 26.732 1.832
13.486 28.097 1.573
21.447 42.917 2.103
27.026 40.707 1.490
39.639 42.702 1.529
22.530 41.082 1.555
30.207 33.905 1.132
5.735 41.282 1.798
30.293 36.800 0.426
35.978 40.952 1.929
39.652 41.638 0.211
18.718 39.285 0.779
37.516 42.786 1.098
1.299 12.746 1.019
6.143 22.481 1.229
16.404 35.299 1.683
10.065 34.433 0.285
0.908 33.195 1.921
13.488 29.245 1.861
12.889 34.749 2.256
31.255 39.416 0.645
1.497 23.156 0.253
