21.652 25.019 1.794
9.482 20.977 1.677
8.904 11.818 0.100
4.735 7.936 0.286
10.135 23.198 0.139
19.491 24.052 1.144
2.807 9.106 1.904
12.445 24.951 2.208
20.873 24.682 1.219
6.153 21.759 0.995
1.697 4.259 1.398
1.055 18.508 0.417
5.148 24.088 2.208
10.234 16.939 1.262
19.460 20.345 0.478
18.580 25.929 0.378
3.831 24.261 1.204
11.402 12.840 0.583
2.701 6.105 0.925
22.885 25.531 2.300
20.267 25.662 0.144
3.363 26.927 1.917
1.029 6.716 0.004
15.074 23.773 1.596
10.016 23.747 1.707
9.798 18.886 0.772
15.824 22.646 0.315
21.786 26.131 0.589
13.710 21.952 1.890
4.341 23.931 1.025
15.732 19.187 1.594
15.671 20.402 1.183
15.257 26.401 1.726
21.863 25.938 1.043
19.161 22.590 0.863
19.287 20.292 0.010
7.669 14.395 0.732
16.290 24.341 2.065
11.987 24.370 0.845
1.663 26.636 1.778
16.744 19.668 0.155
16.232 20.295 2.282
8.774 13.262 0.133
4.789 25.717 1.016
12.847 17.231 1.600
13.648 23.892 0.948
1.697 26.489 1.834
13.283 15.161 0.860
13.069 20.827 1.523
16.810 21.102 1.273
9.476 11.154 0.363
4.466 6.934 0.670
15.980 23.718 1.649
14.822 16.947 1.932
18.528 26.920 1.524
4.122 24.270 0.408
23.251 25.179 1.322
20.925 26.074 0.430
4.609 14.916 1.050
9.175 17.477 1.882
6.376 11.601 1.033
13.853 21.930 0.470
19.192 24.357 2.035
10.533 25.729 1.891
0.768 22.369 1.528
16.488 18.333 0.558
0.825 23.526 1.027
1.364 23.108 1.062
17.445 20.516 0.164
11.060 15.845 1.993
15.730 19.639 0.221
12.034 21.904 0.409
2.591 16.438 1.097
2.144 25.215 1.967
11.874 24.431 0.825
8.975 20.784 0.231
15.224 20.246 1.862
22.706 26.122 0.741
6.790 12.946 0.523
10.716 15.853 0.957
13.213 25.412 0.561
10.436 24.990 0.108
9.372 13.842 0.724
18.349 25.260 2.157
17.919 23.159 2.285
21.648 23.719 1.416
19.909 23.090 0.512
17.651 23.771 1.638
23.681 26.822 0.005
13.953 20.156 1.055
8.597 20.176 1.390
10.139 11.906 0.031
14.425 16.323 0.556
0.998 6.736 0.886
0.797 9.178 2.025
18.296 19.750 1.303
5.624 24.075 1.936
2.492 20.382 1.623
1.262 24.413 0.202
22.210 24.943 0.783
17.868 20.650 1.769
16.779 21.844 1.222
5.614 9.400 1.880
12.898 24.921 1.743
20.292 24.265 0.629
15.212 22.812 0.822
23.295 26.795 1.662
23.544 25.126 1.533
14.125 19.691 1.888
17.574 22.241 1.168
0.255 15.550 1.283
11.907 18.317 2.099
6.579 15.296 1.678
7.790 26.838 1.254
21.627 23.368 0.501
7.155 11.314 1.982
21.366 26.405 0.534
13.192 26.299 0.553
10.629 12.592 1.726
10.372 16.698 1.631
16.060 18.142 0.415
10.579 25.761 0.434
23.965 26.011 1.859
13.985 20.511 2.136
20.577 22.499 0.251
6.319 14.373 1.545
23.941 26.293 1.164
13.358 21.853 1.604
7.015 26.951 2.032
1.760 8.203 1.968
11.581 21.660 0.367
15.817 25.177 1.475
21.097 26.406 1.474
23.175 25.341 2.129
0.970 23.519 1.987
16.342 23.100 1.728
13.474 22.387 0.585
23.507 26.486 0.551
23.088 25.488 0.906
17.179 25.560 1.850
21.146 21.899 0.069
3.169 5.896 0.240
23.362 26.299 0.875
12.628 15.374 0.326
17.231 23.210 1.980
13.132 24.020 0.610
9.224 23.480 0.561
16.251 24.554 0.326
7.354 15.655 1.272
3.560 8.443 1.614
23.893 26.735 1.944
3.748 18.431 0.542
2.888 11.565 1.256
21.249 25.970 1.890
14.633 16.397 0.754
16.767 21.347 1.856
17.303 21.946 1.709
23.106 24.665 1.498
11.764 16.713 0.274
12.870 20.887 1.887
3.881 13.150 1.548
0.928 2.782 0.263
14.642 17.851 1.275
18.931 20.799 1.200
1.041 7.752 1.608
20.727 26.650 2.277
0.880 20.818 0.234
5.203 25.016 0.124
19.513 22.837 1.144
7.852 24.387 1.491
7.050 18.446 1.489
13.311 18.206 0.771
9.631 13.636 1.194
9.158 16.904 0.353
1.126 9.131 1.882
3.407 20.918 0.086
18.983 26.832 1.522
19.471 21.999 1.913
22.903 25.580 1.842
1.756 19.613 0.030
14.669 26.755 1.976
7.604 24.302 2.055
0.654 2.889 1.465
13.993 15.192 0.034
8.419 10.960 1.882
21.162 21.965 0.477
8.276 13.903 1.045
21.295 23.756 0.109
6.822 22.020 1.416
21.401 25.194 1.886
11.161 18.399 1.398
4.734 21.930 0.457
16.911 19.525 0.860
23.380 25.801 0.709
9.059 17.654 0.451
3.045 7.261 0.677
13.358 21.514 1.693
0.664 9.758 1.313
8.171 16.596 2.130
5.071 26.204 0.500
1.536 10.329 0.831
9.819 23.421 0.317
10.731 24.829 1.817
18.123 21.526 0.543
10.678 21.607 0.347
17.955 21.500 1.389
6.317 24.378 1.208
17.518 18.108 0.437
7.399 19.452 1.003
8.568 20.831 0.630
9.147 16.942 0.755
22.541 25.824 1.994
19.841 23.669 1.916
16.928 21.652 1.412
5.619 18.347 1.813
4.067 12.196 0.981
6.654 9.911 2.292
22.264 26.615 1.386
0.319 13.224 1.172
13.122 23.956 0.471
1.107 11.902 2.255
19.993 23.323 1.329
0.773 11.646 0.900
19.599 23.407 1.726
16.543 26.136 0.990
9.249 24.121 1.543
9.191 16.444 0.090
18.405 21.813 0.987
3.456 24.443 0.749
2.964 20.287 0.968
5.424 20.081 0.610
12.282 24.991 1.032
16.422 21.428 1.119
11.731 20.180 1.534
13.429 16.082 0.364
20.544 23.218 1.474
17.130 21.874 1.311
12.728 25.229 0.711
19.450 25.631 1.578
10.987 13.059 1.948
