0.050 9.398 1.296
32.350 38.160 1.346
14.012 38.230 2.061
29.864 41.204 0.400
28.420 33.674 1.181
0.599 16.186 0.210
5.893 42.579 0.382
17.828 18.218 0.274
0.356 23.435 0.869
22.847 35.627 1.384
6.649 23.873 1.525
14.085 31.708 0.131
31.333 38.285 1.846
12.078 35.099 2.015
38.236 41.786 2.129
5.694 15.285 1.063
34.490 41.231 0.482
33.746 42.998 2.293
24.460 30.058 0.903
11.891 14.516 1.932
15.035 34.042 0.213
2.249 39.692 0.020
11.035 30.086 0.628
27.647 39.328 1.927
19.398 37.073 0.472
18.738 41.820 1.053
29.778 37.798 0.249
15.409 32.872 1.691
22.896 26.648 0.831
9.004 36.492 0.978
20.684 38.021 2.277
13.822 33.134 0.389
19.676 36.041 0.146
20.192 41.867 0.339
5.663 32.173 2.082
12.122 15.207 0.981
38.665 40.659 1.571
35.090 40.484 1.890
7.654 36.613 0.409
19.011 31.277 0.358
29.281 33.788 0.933
22.750 38.439 1.569
28.877 31.573 1.093
14.712 17.558 1.920
20.681 31.069 1.525
4.187 40.120 2.183
21.982 32.317 0.796
14.999 25.203 1.948
18.244 42.589 0.625
11.912 30.283 1.700
7.840 37.636 1.751
15.906 40.151 1.152
1.099 26.069 2.288
2.020 10.958 1.222
33.722 40.317 1.442
7.914 13.939 1.937
4.397 17.693 1.709
37.643 39.881 0.658
5.611 37.095 1.686
28.320 39.638 1.381
10.109 10.494 0.332
2.440 37.296 1.854
8.423 27.670 0.266
0.570 19.998 0.262
30.089 37.826 1.578
2.955 11.844 1.004
27.849 34.841 0.668
9.297 27.868 1.329
25.147 34.330 0.368
38.522 42.784 1.600
7.598 14.547 0.773
39.807 42.996 1.052
3.900 8.893 1.438
17.509 20.782 2.142
35.785 37.940 0.667
30.763 33.988 0.945
25.123 33.958 1.390
18.654 34.609 1.375
34.192 40.410 1.906
28.836 34.963 1.301
7.371 27.905 1.697
36.203 37.941 0.559
24.189 35.853 1.607
14.052 17.425 1.137
29.630 38.459 1.408
27.645 31.509 1.850
23.041 41.411 1.996
24.588 26.985 1.674
26.711 33.381 2.246
22.768 26.868 0.703
4.342 37.546 1.999
29.773 34.337 0.356
3.174 28.765 0.176
32.800 38.064 1.254
16.359 29.129 0.687
20.048 27.700 0.351
29.520 40.789 0.722
38.363 42.277 2.009
12.002 17.841 2.171
2.629 24.665 1.805
24.386 27.771 2.199
35.025 38.614 1.504
4.192 13.903 1.162
11.612 29.862 2.116
26.512 34.767 0.263
15.165 37.484 1.143
20.370 36.218 0.879
21.286 30.710 1.394
0.236 6.003 1.628
24.923 34.817 1.985
29.893 35.584 1.143
31.415 36.369 1.271
38.229 40.266 1.451
14.970 35.882 0.303
38.069 39.574 1.408
13.194 32.293 0.129
5.265 38.144 1.948
23.875 40.450 1.660
0.587 30.696 0.291
24.686 26.361 0.500
6.757 20.061 1.435
12.776 33.041 0.845
32.096 38.716 1.856
24.444 41.338 1.836
5.792 21.632 1.449
10.148 38.288 0.314
2.647 26.203 0.984
12.091 20.039 1.261
12.454 37.185 0.254
5.388 35.169 0.654
35.809 41.623 1.816
24.609 40.483 0.831
9.140 18.439 1.986
9.982 42.518 1.248
2.152 23.673 0.187
17.072 23.944 0.218
35.661 37.194 0.535
5.004 10.019 2.143
1.884 15.805 0.135
36.588 39.883 0.917
37.847 41.497 1.926
33.684 38.350 1.595
10.367 27.523 0.010
38.192 40.047 0.917
23.422 36.999 0.587
37.811 42.540 1.002
0.287 26.843 2.164
31.446 34.229 1.326
8.893 9.916 0.881
16.717 34.126 0.189
34.204 41.366 0.149
26.483 40.055 1.590
21.205 25.669 1.577
27.580 39.945 1.674
1.243 28.866 1.998
28.263 36.486 0.197
37.916 39.412 0.135
5.807 29.724 2.258
11.690 24.539 2.122
27.782 30.579 0.503
9.622 39.855 1.199
4.257 22.530 2.076
3.204 11.531 1.799
38.976 42.710 1.785
8.426 9.602 1.050
30.025 35.432 0.262
12.445 15.819 2.283
10.083 18.564 0.435
6.140 38.938 1.427
37.563 41.901 0.450
25.822 41.577 1.511
18.218 35.389 2.119
6.030 27.716 1.464
16.882 31.997 2.169
23.143 29.131 1.234
15.878 17.648 0.806
31.810 33.017 0.452
15.577 18.784 1.359
7.907 30.646 0.359
18.173 35.907 1.390
17.652 28.653 1.574
33.429 36.429 1.362
37.978 41.171 2.015
39.498 42.679 0.426
22.978 35.917 1.017
28.341 32.608 0.114
10.408 39.686 0.938
28.408 41.657 1.675
15.743 40.468 0.914
12.344 30.219 0.893
14.142 36.081 1.687
29.455 32.806 1.701
8.007 32.018 0.627
36.445 40.246 0.846
4.375 13.882 2.087
20.718 31.335 1.506
27.506 28.930 0.208
3.031 17.265 0.064
12.289 18.046 1.604
15.794 34.229 0.156
28.997 38.855 0.457
24.628 35.309 1.506
3.932 7.063 1.254
38.983 42.911 1.067
29.115 38.946 1.221
27.712 34.177 0.856
1.998 10.497 1.862
2.433 34.411 0.714
8.499 25.602 0.740
0.366 22.516 1.012
24.238 32.808 1.745
13.992 41.439 1.938
24.932 28.070 2.294
22.514 31.655 1.986
12.256 13.713 0.654
24.503 25.730 0.900
1.241 37.217 1.048
37.471 41.744 0.924
24.464 40.922 1.859
23.304 26.121 1.369
31.727 38.820 1.063
23.577 39.668 1.309
26.910 27.857 0.790
10.692 18.794 0.786
30.841 41.529 0.855
4.674 29.398 1.669
35.758 39.832 0.421
36.080 42.822 1.794
7.895 36.308 2.074
38.136 42.681 1.952
25.148 36.325 0.427
10.600 34.478 0.576
31.524 39.829 0.393
19.238 38.439 0.187
34.214 37.114 0.287
22.933 38.484 1.088
7.675 42.833 1.674
0.614 30.389 1.490
6.966 16.994 0.166
27.065 36.791 1.930
14.849 22.771 1.793
25.529 29.528 0.533
38.842 39.570 0.648
30.769 31.676 0.349
0.370 28.104 0.802
13.730 26.478 0.953
3.627 31.536 1.254
13.520 39.539 1.512
21.419 23.824 1.311
18.631 29.374 0.598
34.534 36.295 1.119
22.633 38.849 1.632
34.569 38.422 1.956
34.575 41.243 1.483
33.146 41.963 1.761
36.333 40.816 2.099
17.607 26.756 0.248
32.922 35.450 0.984
0.034 33.613 1.512
2.549 18.276 0.207
27.356 31.337 1.858
5.714 18.693 0.111
0.742 28.903 2.250
2.146 28.951 2.103
17.269 23.548 0.048
15.678 37.369 1.504
0.913 8.376 1.900
25.371 42.730 1.266
18.537 26.238 0.494
31.286 37.325 0.788
24.321 42.713 0.236
30.233 36.248 0.347
28.465 40.253 2.297
25.666 42.143 1.429
27.526 36.591 0.667
11.615 34.335 1.261
9.857 26.822 1.257
38.082 42.207 1.541
24.935 39.571 1.025
29.821 34.327 2.275
25.179 36.572 2.093
36.736 40.395 1.163
17.989 41.631 2.045
7.317 15.023 0.580
29.220 38.645 2.165
1.654 4.505 1.475
22.254 32.207 1.252
2.455 9.633 2.291
24.036 27.409 0.116
26.409 32.174 0.765
26.143 33.890 0.944
8.865 15.848 1.561
19.902 38.674 1.168
17.403 26.100 0.010
15.036 38.222 0.296
29.332 38.856 2.050
26.024 38.799 1.183
29.487 36.958 2.201
14.530 40.310 0.258
32.849 34.884 1.046
34.778 36.782 1.751
16.667 20.458 2.153
6.594 11.280 0.486
23.645 35.715 0.272
23.204 38.112 1.588
36.626 39.609 1.540
32.355 42.976 0.870
30.901 33.354 0.470
15.530 31.664 0.417
7.825 16.305 2.208
15.269 19.234 0.699
7.926 34.998 0.106
30.442 32.487 2.026
17.945 38.222 0.981
18.454 37.134 1.138
9.540 13.811 1.287
36.881 42.419 2.056
2.385 28.471 1.129
29.889 34.536 1.739
36.396 39.173 1.822
22.114 33.076 0.118
31.615 33.469 1.620
29.270 41.931 1.273
35.022 38.732 1.833
15.798 18.278 1.108
26.079 39.084 0.002
30.248 32.648 0.505
2.301 5.123 1.542
13.835 37.437 1.605
17.450 34.511 2.258
11.812 39.219 1.097
3.171 9.075 0.232
5.720 18.689 2.111
14.953 18.045 1.872
32.568 41.991 0.552
10.260 17.561 0.620
9.175 39.010 1.946
35.508 40.832 1.943
1.636 9.562 0.399
14.236 20.401 1.033
35.779 40.374 1.433
36.467 41.564 1.202
39.973 42.894 2.229
33.608 37.336 0.337
11.375 42.180 0.393
29.673 31.681 1.648
25.802 38.952 1.869
32.727 40.193 0.287
15.003 40.759 1.495
35.587 41.338 0.074
17.955 23.694 0.017
16.739 40.903 0.360
20.068 37.507 0.559
36.261 36.952 0.491
30.847 37.844 0.525
32.256 37.128 1.960
21.557 40.497 2.281
25.875 39.892 0.524
14.842 16.641 0.844
22.452 25.719 0.915
12.997 20.693 2.068
37.607 42.231 0.288
35.758 38.164 1.025
25.390 36.864 1.288
16.946 39.465 0.038
5.585 16.944 0.615
27.266 42.405 1.291
24.289 33.245 1.813
32.735 35.599 1.701
20.661 20.863 0.046
29.933 41.796 0.768
18.491 21.405 1.766
25.239 37.377 0.056
38.763 42.094 1.151
10.638 32.232 1.891
23.889 40.118 0.606
18.403 28.167 1.721
0.580 27.565 1.096
16.155 17.755 0.882
11.553 39.508 1.373
17.287 28.456 2.143
21.325 42.442 0.023
34.608 40.782 1.006
13.318 28.811 1.385
22.385 30.238 0.090
9.322 38.572 2.156
38.564 41.737 1.400
3.058 15.903 0.936
19.943 40.136 0.184
12.171 41.052 1.797
23.537 29.332 0.497
22.429 29.081 2.011
12.056 39.095 1.672
9.243 24.568 0.439
35.614 37.109 1.321
39.810 41.837 0.136
10.277 14.423 0.391
9.259 41.690 1.138
1.971 15.946 0.183
11.189 27.398 1.186
