5.679 11.861 1.466
9.300 23.997 1.750
26.712 29.561 0.354
4.974 7.873 0.973
11.046 26.757 1.739
23.286 27.370 1.592
13.958 16.732 1.474
7.956 13.616 0.419
17.395 30.716 0.075
9.344 21.832 2.256
1.559 14.524 1.314
4.026 8.916 0.915
8.464 10.121 0.503
7.427 27.802 1.371
9.354 29.428 1.341
20.607 28.821 0.059
17.799 19.333 0.186
14.697 22.576 1.379
0.577 30.387 1.535
11.769 18.479 0.174
22.984 30.251 0.249
16.409 20.465 1.634
17.205 21.098 0.098
15.708 25.905 1.416
23.480 28.778 1.259
15.997 22.368 2.206
1.433 8.704 1.514
22.201 25.811 1.944
24.663 28.722 1.123
21.444 28.461 0.048
12.935 21.032 0.667
18.188 30.035 0.207
0.702 23.611 0.495
15.098 15.902 0.749
25.513 28.181 1.617
21.589 23.665 0.114
6.898 8.742 1.258
4.029 15.111 1.236
12.781 15.077 1.948
11.495 26.018 0.357
10.108 14.175 0.874
10.082 17.452 1.139
10.488 25.198 1.273
12.850 17.326 0.854
27.882 29.242 0.357
12.714 27.913 0.486
25.123 28.585 1.616
19.744 25.502 0.661
4.928 14.153 1.081
11.779 20.482 0.049
8.403 9.582 0.764
15.454 27.855 1.947
17.554 27.029 1.263
27.360 30.818 1.096
19.310 28.353 1.500
25.353 28.350 1.271
10.675 16.098 1.830
7.778 16.813 0.171
9.245 11.700 1.005
12.804 15.281 1.147
22.053 28.030 0.325
22.913 25.454 0.968
23.990 27.482 1.756
2.182 8.834 0.140
14.354 24.410 0.958
13.947 22.418 2.113
6.029 28.880 1.299
15.132 19.406 1.387
17.677 28.607 1.039
8.667 21.057 1.323
18.937 22.461 2.219
8.185 8.346 0.083
11.163 15.019 0.322
17.445 29.761 0.046
21.373 26.153 1.994
13.887 21.648 1.315
22.323 24.736 0.387
15.026 26.515 0.769
12.381 22.081 1.752
1.530 28.968 1.194
12.694 17.815 1.478
7.239 30.939 1.783
11.573 15.706 0.518
23.628 28.839 1.072
0.455 6.182 0.755
27.774 30.556 2.297
23.834 27.838 0.172
24.261 27.972 1.584
16.639 27.013 1.643
8.122 23.108 1.996
12.187 28.802 1.503
15.414 18.271 0.306
9.546 29.278 1.450
9.839 23.908 1.019
0.418 17.328 0.475
25.427 28.141 1.869
21.994 25.410 1.451
6.223 19.762 0.573
21.111 23.319 1.902
21.693 24.918 2.224
0.036 21.518 1.988
10.558 26.646 0.940
2.695 14.283 2.138
23.721 29.826 1.890
5.758 25.933 1.493
18.029 25.346 1.707
11.154 21.967 1.685
20.693 27.204 0.682
24.787 29.982 1.085
26.445 30.547 0.968
15.994 30.432 1.617
21.631 27.083 1.167
1.140 14.875 1.447
22.894 27.894 0.629
16.121 30.111 1.031
20.316 24.870 0.913
18.030 28.232 0.530
5.451 19.739 0.768
3.238 12.900 0.025
7.069 18.561 0.803
25.260 28.801 1.794
11.063 24.057 1.677
10.388 13.696 0.100
5.524 9.151 0.286
11.824 26.672 0.139
22.740 27.704 1.144
3.275 10.270 1.904
14.519 28.632 2.208
24.352 28.436 1.219
7.178 24.974 0.995
1.980 4.722 1.398
1.231 21.236 0.417
6.006 27.622 2.208
11.940 19.450 1.262
22.704 23.631 0.478
21.677 29.808 0.378
4.469 27.842 1.204
13.302 14.860 0.583
3.151 6.932 0.925
26.699 29.380 2.300
23.645 29.536 0.144
3.924 30.916 1.917
1.201 7.725 0.004
17.586 27.308 1.596
11.686 27.251 1.707
11.431 21.718 0.772
18.461 26.100 0.315
25.417 30.062 0.589
15.995 25.193 1.890
5.065 27.467 1.025
18.354 22.073 1.594
18.283 23.499 1.183
17.800 30.313 1.726
25.507 29.846 1.043
22.354 26.080 0.863
22.502 23.608 0.010
8.948 16.550 0.732
19.005 27.946 2.065
13.985 27.999 0.845
1.940 30.579 1.778
19.534 22.790 0.155
18.938 23.272 2.282
10.236 15.335 0.133
5.587 29.523 1.016
14.988 19.784 1.600
15.922 27.460 0.948
1.980 30.408 1.834
15.497 17.516 0.860
15.247 23.921 1.523
19.612 24.310 1.273
11.055 12.919 0.363
5.210 7.946 0.670
18.643 27.250 1.649
17.293 19.446 1.932
21.616 30.909 1.524
4.809 27.868 0.408
27.126 29.085 1.322
24.413 29.990 0.430
5.377 17.086 1.050
10.705 20.001 1.882
7.439 13.292 1.033
16.162 25.254 0.470
22.391 27.990 2.035
12.289 29.533 1.891
0.896 25.643 1.528
19.236 21.243 0.558
0.963 26.992 1.027
1.591 26.510 1.062
20.352 23.761 0.164
12.903 18.120 1.993
18.352 22.720 0.221
14.040 25.205 0.409
3.022 18.822 1.097
2.501 28.930 1.967
13.853 28.067 0.825
10.470 23.909 0.231
17.761 23.249 1.862
26.490 30.069 0.741
7.921 14.898 0.523
12.502 18.242 0.957
15.416 29.197 0.561
12.175 28.714 0.108
10.934 15.945 0.724
21.407 29.008 2.157
20.905 26.586 2.285
25.256 27.392 1.416
23.228 26.685 0.512
20.593 27.327 1.638
27.627 30.819 0.005
16.279 23.200 1.055
10.030 23.146 1.390
11.829 13.834 0.031
16.830 18.906 0.556
1.165 7.643 0.886
0.930 10.327 2.025
21.345 22.818 1.303
6.562 27.614 1.936
2.907 23.346 1.623
1.472 28.030 0.202
25.912 28.790 0.783
20.846 23.768 1.769
19.575 25.154 1.222
6.550 10.635 1.880
15.048 28.610 1.743
23.674 27.987 0.629
17.747 26.253 0.822
27.178 30.783 1.662
27.468 29.052 1.533
16.479 22.596 1.888
20.503 25.624 1.168
0.297 17.770 1.283
13.891 20.971 2.099
7.675 17.483 1.678
9.088 30.813 1.254
25.231 27.074 0.501
8.347 12.849 1.982
24.927 30.353 0.534
15.391 30.204 0.553
12.401 14.400 1.726
12.101 19.138 1.631
18.736 21.028 0.415
12.342 29.587 0.434
27.959 30.006 1.859
16.315 23.516 2.136
24.007 26.083 0.251
7.372 16.428 1.545
27.931 30.289 1.164
15.584 25.095 1.604
8.185 30.943 2.032
2.053 9.209 1.968
13.511 24.926 0.367
18.453 28.921 1.475
24.614 30.341 1.474
27.038 29.206 2.129
1.132 26.963 1.987
19.066 26.543 1.728
15.720 25.761 0.585
27.425 30.472 0.551
26.936 29.411 0.906
20.043 29.355 1.850
24.670 25.479 0.069
3.698 6.790 0.240
27.256 30.272 0.875
14.733 17.805 0.326
20.103 26.661 1.980
15.321 27.613 0.610
10.762 26.977 0.561
18.959 28.251 0.326
8.580 17.942 1.272
4.153 9.546 1.614
27.875 30.731 1.944
4.373 21.157 0.542
3.369 13.189 1.256
24.790 29.848 1.890
17.072 18.972 0.754
19.562 24.533 1.856
20.186 25.240 1.709
26.957 28.520 1.498
13.724 19.311 0.274
15.015 23.960 1.887
