17.691 26.786 0.118
25.292 27.106 1.620
23.416 34.115 1.273
28.017 31.423 1.833
12.638 14.864 1.108
20.863 31.729 0.002
24.198 26.297 0.505
1.841 4.417 1.542
11.068 30.493 1.605
13.960 28.155 2.258
9.450 31.928 1.097
2.537 7.386 0.232
4.576 15.428 2.111
11.962 14.821 1.872
26.055 34.143 0.552
8.208 14.272 0.620
7.340 31.782 1.946
28.406 33.183 1.943
1.309 7.825 0.399
11.389 16.601 1.033
28.623 32.757 1.433
29.174 33.754 1.202
31.979 34.895 2.229
26.887 30.135 0.337
9.100 34.331 0.393
23.738 25.683 1.648
20.641 31.702 1.869
26.181 32.602 0.287
12.002 33.182 1.495
28.470 33.538 0.074
14.364 19.095 0.017
13.391 33.280 0.360
16.054 30.486 0.559
29.009 29.676 0.491
24.678 30.656 0.525
25.804 30.164 1.960
17.246 32.978 2.281
20.700 32.421 0.524
11.873 13.497 0.844
17.961 20.808 0.915
10.398 17.006 2.068
30.086 34.303 0.288
28.606 30.824 1.025
20.312 29.962 1.288
13.557 32.092 0.038
4.468 13.818 0.615
21.813 34.510 1.291
19.431 27.059 1.813
26.188 28.855 1.701
16.529 16.704 0.046
23.946 33.993 0.768
14.792 17.490 1.766
20.191 30.315 0.056
31.011 34.167 1.151
8.510 26.308 1.891
19.111 32.619 0.606
14.722 22.968 1.721
0.464 22.510 1.096
12.924 14.392 0.882
9.242 32.168 1.373
13.830 23.259 2.143
17.060 34.539 0.023
27.686 33.105 1.006
10.655 23.487 1.385
17.908 24.428 0.090
7.457 31.434 2.156
30.852 33.857 1.400
2.446 13.036 0.936
15.955 32.638 0.184
9.737 33.425 1.797
18.830 23.705 0.497
17.943 23.717 2.011
9.645 31.841 1.672
7.395 19.971 0.439
28.491 29.961 1.321
31.848 33.851 0.136
8.222 11.677 0.391
7.407 33.937 1.138
1.577 12.984 0.183
8.951 22.334 1.186
13.193 27.149 2.127
9.349 20.307 1.094
30.442 34.456 1.261
25.422 31.851 1.844
27.843 34.609 0.732
8.574 28.178 2.170
4.084 19.643 1.782
5.629 6.911 0.061
14.553 19.050 1.983
0.463 28.822 0.489
25.511 32.372 1.793
9.560 33.144 1.797
26.948 31.244 0.558
0.736 1.963 0.174
11.399 22.042 1.645
5.774 11.656 0.685
23.837 24.779 0.310
16.820 31.646 0.825
5.082 10.823 2.070
0.936 28.879 0.417
7.975 18.207 1.313
17.278 32.907 1.529
29.841 32.329 2.174
4.903 29.245 1.283
28.644 34.210 0.167
26.317 31.485 0.893
21.503 26.046 1.037
30.383 34.359 2.259
19.034 21.685 0.626
6.334 21.013 1.381
11.370 22.952 0.529
22.137 31.487 2.181
31.442 33.535 0.546
7.546 21.909 2.065
10.447 24.992 1.236
10.769 15.535 0.801
9.285 33.054 0.504
23.670 31.688 1.856
21.974 32.108 0.621
2.062 30.592 1.660
10.930 22.640 0.102
0.665 22.637 1.928
17.298 27.964 1.389
24.876 32.376 1.472
24.318 27.687 1.996
13.552 15.782 1.809
14.028 24.694 0.097
8.616 15.195 0.157
31.426 34.074 1.165
2.273 33.582 0.845
27.522 29.920 0.776
9.265 34.813 0.117
5.519 12.132 0.158
9.629 26.745 1.810
2.678 7.611 0.604
6.961 13.023 1.294
20.233 27.067 0.246
24.283 25.622 0.768
9.040 31.912 1.597
18.163 21.365 1.998
25.453 32.355 2.299
19.803 29.373 1.368
6.216 14.610 2.251
1.354 10.347 0.550
13.018 20.338 1.828
28.802 33.549 0.873
6.608 23.821 0.122
11.327 27.419 0.831
31.233 34.661 0.514
11.103 27.732 2.193
6.453 17.019 0.649
17.024 21.500 0.669
3.188 25.825 0.245
27.002 33.833 1.545
0.185 21.682 1.130
29.931 33.265 0.668
23.901 34.202 2.010
26.563 30.104 1.394
25.095 30.628 0.345
22.050 34.918 0.908
3.262 5.053 0.947
21.998 24.690 0.595
7.317 31.245 0.435
24.426 29.592 0.110
1.797 6.642 2.211
18.095 28.740 2.214
28.117 31.453 0.940
13.232 31.422 1.515
30.246 30.906 0.651
19.720 29.784 0.114
13.502 27.356 2.195
6.428 16.787 0.953
19.940 21.863 1.859
3.368 12.782 0.907
10.137 31.636 1.896
9.969 24.302 0.455
15.010 24.968 2.289
11.791 21.316 0.963
18.574 25.454 2.019
12.588 25.073 2.187
13.395 30.489 1.399
2.677 9.673 0.348
2.795 18.375 0.730
20.132 22.016 0.765
19.665 24.206 0.329
26.399 34.958 1.010
7.071 21.685 0.247
8.467 23.764 0.017
24.658 34.689 0.247
11.822 24.909 2.079
7.125 20.825 0.696
9.940 29.328 0.953
26.931 30.893 0.895
23.174 25.790 1.690
2.615 30.310 1.732
20.410 27.775 0.827
3.021 9.820 0.955
10.980 18.107 2.101
9.930 18.726 0.355
5.833 12.337 0.626
5.519 8.168 0.771
16.061 31.810 2.216
14.287 19.723 2.100
15.421 29.438 1.086
7.955 17.015 2.154
9.585 30.757 1.892
20.157 22.079 1.829
8.351 33.778 0.666
27.503 33.155 1.190
8.198 22.442 2.118
2.993 7.202 1.900
9.044 26.056 0.883
16.483 19.942 0.993
31.199 31.390 0.172
29.273 33.831 0.947
6.005 18.409 0.234
21.694 32.874 1.213
26.790 31.203 0.624
27.854 34.801 0.343
17.228 18.888 0.508
6.548 12.404 0.455
6.385 24.262 2.201
23.641 31.580 0.677
25.156 34.447 2.119
27.018 28.393 0.596
1.981 8.648 2.079
28.568 34.757 0.827
12.210 28.052 0.762
28.401 31.756 0.874
21.589 28.382 0.614
16.891 31.652 1.845
23.883 33.278 1.119
17.889 24.248 0.641
1.732 27.609 2.096
11.791 17.206 0.649
10.386 32.100 0.115
7.962 12.673 0.929
28.009 33.790 1.399
6.299 28.410 1.039
13.867 31.156 1.464
5.582 33.945 0.742
22.701 33.376 0.454
1.514 4.368 1.709
4.187 21.302 0.189
18.207 22.840 1.226
2.470 5.222 0.701
13.161 18.887 0.308
26.261 29.465 1.170
31.614 33.878 2.108
9.102 22.158 1.626
9.432 23.234 0.793
25.956 27.674 1.190
26.535 28.555 1.275
16.306 30.427 2.177
15.166 33.475 1.038
17.563 33.081 0.840
21.111 28.297 0.282
3.598 21.050 0.644
25.321 33.747 0.849
23.819 28.524 1.067
14.147 22.888 1.348
20.225 28.019 1.282
26.773 27.276 0.427
3.496 10.556 0.093
8.191 27.437 0.944
14.167 25.641 0.306
27.417 30.522 1.855
29.562 30.959 0.721
19.420 34.309 0.024
17.192 18.291 0.890
7.586 24.658 2.037
4.883 21.019 0.038
29.335 31.771 1.501
12.978 17.122 2.221
12.787 21.009 1.164
10.509 17.728 1.438
9.279 32.518 1.227
15.298 28.834 0.755
14.731 23.884 1.340
29.514 33.254 0.278
4.758 8.638 0.569
3.265 29.767 1.586
15.704 28.674 1.044
13.392 16.862 1.472
26.579 34.076 0.848
16.641 25.227 2.213
23.222 28.536 1.450
26.029 28.438 1.961
23.795 27.072 0.833
26.207 29.924 1.803
18.023 20.484 0.402
24.227 27.923 0.952
5.471 13.544 1.252
10.196 26.695 0.518
22.349 31.038 1.542
1.793 33.450 0.758
10.262 14.886 0.708
11.793 34.122 0.636
7.559 24.930 0.600
24.193 28.099 1.340
22.789 31.731 0.777
0.690 22.924 1.611
4.044 16.860 1.656
16.766 28.370 1.988
15.845 28.736 0.071
17.711 27.954 0.804
24.457 24.516 0.052
17.502 23.676 1.721
25.409 32.882 1.921
9.487 20.571 1.239
3.257 7.136 0.896
21.382 30.906 0.372
21.465 33.677 1.699
24.211 28.032 1.310
3.567 26.785 0.614
31.279 32.960 1.122
25.638 29.820 1.410
15.444 24.190 2.297
30.336 33.463 0.507
18.422 33.861 0.335
