33.512 36.537 2.079
27.492 38.508 1.209
33.013 34.706 1.478
9.488 33.013 0.664
9.290 20.173 0.660
32.918 35.823 1.882
11.598 37.957 0.529
8.838 33.901 2.147
3.722 12.769 1.328
13.534 33.672 0.440
32.282 33.319 0.711
27.073 34.465 1.654
19.725 22.589 0.848
2.480 5.205 1.778
11.525 16.114 0.709
18.933 33.992 0.753
21.546 37.805 1.333
23.776 33.309 1.633
2.584 3.784 0.678
27.798 35.255 2.294
10.989 15.714 1.093
18.562 29.988 0.431
13.581 31.177 1.175
26.037 34.645 1.628
4.441 30.284 2.201
2.029 20.734 0.524
4.812 21.642 2.240
28.247 36.895 1.408
22.054 28.320 1.931
35.930 38.273 1.973
5.663 37.773 0.248
35.239 36.858 1.344
2.465 17.473 0.761
15.511 34.739 1.689
21.481 32.237 2.020
32.664 34.482 0.474
6.448 17.564 1.011
7.804 32.667 1.920
30.821 34.956 0.916
34.155 37.998 0.110
10.822 17.979 1.195
24.073 27.199 0.666
31.400 37.976 1.086
32.824 34.939 1.346
16.057 35.106 1.569
35.354 38.308 2.221
3.167 23.887 0.117
31.051 36.388 1.363
20.899 35.312 0.651
13.938 18.719 2.028
34.846 36.660 0.133
12.379 13.255 0.825
11.414 33.088 0.487
17.668 36.648 0.141
14.313 26.030 1.308
25.436 33.915 1.308
21.824 28.550 0.450
27.937 35.087 2.083
29.236 38.590 1.837
27.726 34.996 0.453
18.502 35.755 1.940
26.250 34.745 1.588
14.275 38.609 2.020
19.184 31.307 0.582
24.508 38.358 1.474
20.241 30.117 0.624
7.295 14.353 2.015
5.365 29.137 1.661
20.045 38.938 1.431
35.998 38.209 1.376
18.907 35.655 0.105
32.136 34.842 1.268
0.192 32.309 2.147
3.594 33.892 0.301
13.738 17.025 1.753
11.756 13.836 0.037
13.314 19.235 0.014
20.686 28.289 1.717
15.819 35.035 0.264
14.211 37.420 0.736
21.498 36.937 1.298
21.052 27.193 0.544
8.427 28.962 1.442
23.682 32.210 1.749
18.414 27.292 0.404
16.956 36.765 2.264
0.798 4.488 0.169
14.018 37.358 0.730
29.964 35.097 1.319
14.209 28.160 2.115
4.054 19.811 1.980
27.102 31.591 2.290
1.087 6.518 1.070
12.796 37.576 0.783
0.735 31.102 2.167
27.960 36.693 1.785
22.108 23.097 0.101
19.945 23.911 1.605
10.311 20.908 1.682
12.517 36.759 1.172
34.007 38.603 2.127
20.527 33.972 2.161
11.039 24.236 2.279
33.851 37.087 1.391
5.962 9.165 1.667
11.645 18.554 1.156
0.556 21.360 0.362
10.831 27.096 1.952
12.576 15.658 0.003
10.288 11.571 1.262
27.564 38.072 0.176
29.018 33.143 0.480
16.124 36.344 1.783
32.945 37.286 1.239
8.995 28.805 1.410
25.698 34.226 2.194
5.224 34.331 0.799
28.018 38.461 1.704
29.031 30.430 0.250
0.914 18.897 2.168
7.302 14.745 1.466
11.957 30.121 1.750
34.344 37.426 0.354
6.395 9.801 0.973
14.202 33.629 1.739
29.940 34.571 1.592
17.946 21.055 1.474
10.229 17.215 0.419
22.364 38.653 0.075
12.014 27.313 2.256
2.005 18.099 1.314
5.177 11.112 0.915
10.882 12.832 0.503
9.550 34.955 1.371
12.026 37.016 1.341
26.494 36.376 0.059
22.884 24.720 0.186
18.896 28.431 1.379
0.742 38.221 1.535
15.132 23.432 0.174
29.551 38.113 0.249
21.098 25.773 1.634
22.121 26.868 0.098
20.196 32.615 1.416
30.189 36.320 1.259
20.568 28.054 2.206
1.842 10.671 1.514
28.544 32.557 1.944
31.710 36.305 1.123
27.571 35.961 0.048
16.631 26.566 0.667
23.384 37.821 0.207
0.902 29.677 0.495
19.411 20.229 0.749
32.803 35.663 1.617
27.757 30.219 0.114
8.868 10.868 1.258
5.180 18.882 1.236
16.433 18.822 1.948
14.779 32.791 0.357
12.996 17.879 0.874
12.962 21.946 1.139
13.485 31.689 1.273
16.522 21.904 0.854
35.848 37.221 0.357
16.346 35.156 0.486
32.301 36.119 1.616
25.385 32.278 0.661
6.336 17.709 1.081
15.144 25.939 0.049
10.804 12.089 0.764
19.869 35.026 1.947
22.569 34.056 1.263
35.177 38.805 1.096
24.827 35.708 1.500
32.596 35.892 1.271
13.726 20.110 1.830
10.000 21.257 0.171
11.886 14.716 1.005
16.462 19.278 1.147
28.354 35.444 0.325
29.460 32.321 0.968
30.844 34.715 1.756
2.806 11.133 0.140
18.455 30.772 0.958
17.931 28.112 2.113
7.752 36.318 1.299
19.455 24.463 1.387
22.727 36.033 1.039
11.143 26.442 1.323
24.348 28.215 2.219
10.523 10.704 0.083
14.352 19.079 0.322
22.429 37.484 0.046
27.480 32.951 1.994
17.854 27.261 1.315
28.702 31.510 0.387
19.319 33.421 0.769
15.919 27.722 1.752
1.967 36.424 1.194
16.321 22.388 1.478
9.308 38.922 1.783
14.879 19.910 0.518
30.379 36.411 1.072
0.584 7.626 0.755
35.710 38.526 2.297
30.644 35.300 0.172
31.193 35.345 1.584
21.393 33.995 1.643
10.443 28.962 1.996
15.669 36.229 1.503
19.818 23.275 0.306
12.273 36.825 1.450
12.650 30.081 1.019
0.537 21.749 0.475
32.692 35.573 1.869
28.279 32.140 1.451
8.002 24.873 0.573
27.143 29.427 1.902
27.891 31.370 2.224
0.046 26.904 1.988
13.575 33.534 0.940
3.465 17.664 2.138
30.499 37.560 1.890
7.403 32.577 1.493
23.180 31.916 1.707
14.341 27.573 1.685
26.605 34.380 0.682
31.869 37.799 1.085
34.000 38.491 0.968
20.564 38.286 1.617
27.812 34.214 1.167
1.466 18.520 1.447
29.435 35.288 0.629
20.727 37.893 1.031
26.121 31.493 0.913
23.182 35.598 0.530
7.008 24.811 0.768
4.163 16.284 0.025
9.088 23.344 0.803
32.478 36.365 1.794
14.223 30.217 1.677
13.356 17.450 0.100
7.102 11.581 0.286
15.202 33.622 0.139
29.237 35.008 1.144
4.210 12.598 1.904
18.667 35.993 2.208
31.310 35.944 1.219
9.229 31.404 0.995
2.546 5.650 1.398
1.583 26.692 0.417
7.721 34.690 2.208
15.352 24.473 1.262
29.190 30.205 0.478
27.870 37.568 0.378
5.746 35.003 1.204
17.103 18.900 0.583
4.051 8.586 0.925
34.328 37.079 2.300
30.401 37.284 0.144
5.045 38.892 1.917
1.544 9.744 0.004
22.611 34.378 1.596
15.024 34.258 1.707
14.697 27.380 0.772
23.736 33.007 0.315
32.679 37.923 0.589
20.565 31.674 1.890
6.512 34.537 1.025
23.598 27.847 1.594
23.507 29.694 1.183
22.885 38.139 1.726
32.794 37.661 1.043
28.741 33.061 0.863
28.931 30.240 0.010
11.504 20.861 0.732
24.435 35.155 2.065
17.981 35.255 0.845
2.494 38.464 1.778
25.116 29.034 0.155
24.349 29.227 2.282
13.161 19.481 0.133
7.183 37.135 1.016
19.271 24.891 1.600
20.471 34.595 0.948
2.546 38.246 1.834
19.924 22.226 0.860
19.604 30.108 1.523
25.215 30.725 1.273
14.213 16.449 0.363
6.699 9.971 0.670
23.970 34.314 1.649
22.234 24.444 1.932
27.792 38.888 1.524
6.183 35.063 0.408
34.876 36.898 1.322
31.388 37.822 0.430
6.913 21.427 1.050
13.763 25.049 1.882
9.564 16.674 1.033
20.779 31.902 0.470
28.788 35.256 2.035
15.800 37.141 1.891
1.151 32.191 1.528
24.732 27.062 0.558
1.238 33.925 1.027
2.046 33.315 1.062
26.167 30.252 0.164
16.590 22.670 1.993
23.595 28.883 0.221
18.051 31.809 0.409
3.886 23.589 1.097
3.216 36.362 1.967
17.810 35.341 0.825
13.462 30.160 0.231
22.836 29.256 1.862
34.059 37.962 0.741
10.185 18.802 0.523
16.075 23.022 0.957
19.820 36.765 0.561
15.654 36.162 0.108
14.059 20.150 0.724
27.524 36.503 2.157
26.878 33.440 2.285
32.472 34.738 1.416
29.864 33.875 0.512
26.477 34.441 1.638
35.521 38.813 0.005
20.930 29.289 1.055
12.896 29.086 1.390
15.209 17.691 0.031
21.638 24.071 0.556
1.497 9.456 0.886
1.195 12.625 2.025
27.444 28.955 1.303
8.437 34.693 1.936
3.738 29.273 1.623
1.893 35.262 0.202
33.315 36.484 0.783
26.802 30.005 1.769
25.168 31.775 1.222
8.421 13.106 1.880
19.348 35.988 1.743
30.439 35.431 0.629
22.818 33.134 0.822
34.943 38.760 1.662
35.317 36.904 1.533
21.188 28.406 1.888
26.361 32.390 1.168
0.382 22.211 1.283
17.860 26.277 2.099
9.868 21.857 1.678
11.684 38.765 1.254
32.440 34.484 0.501
10.732 15.918 1.982
32.049 38.251 0.534
19.788 38.013 0.553
15.944 18.015 1.726
15.558 24.017 1.631
