28.869 32.583 1.794
12.643 27.137 1.677
11.872 15.573 0.100
6.313 10.366 0.286
13.513 30.147 0.139
25.988 31.356 1.144
3.742 11.434 1.904
16.593 32.312 2.208
27.831 32.190 1.219
8.203 28.189 0.995
2.263 5.186 1.398
1.407 23.964 0.417
6.863 31.156 2.208
13.646 21.961 1.262
25.947 26.918 0.478
24.773 33.688 0.378
5.108 31.423 1.204
15.203 16.880 0.583
3.601 7.759 0.925
30.514 33.230 2.300
27.023 33.410 0.144
4.485 34.904 1.917
1.372 8.734 0.004
20.098 30.843 1.596
13.355 30.755 1.707
13.064 24.549 0.772
21.098 29.553 0.315
29.048 33.992 0.589
18.280 28.434 1.890
5.788 31.002 1.025
20.976 24.960 1.594
20.895 26.597 1.183
20.342 34.226 1.726
29.150 33.754 1.043
25.548 29.570 0.863
25.717 26.924 0.010
10.226 18.705 0.732
21.720 31.550 2.065
15.983 31.627 0.845
2.217 34.521 1.778
22.325 25.912 0.155
21.643 26.250 2.282
11.699 17.408 0.133
6.385 33.329 1.016
17.129 22.337 1.600
18.197 31.027 0.948
2.263 34.327 1.834
17.711 19.871 0.860
17.425 27.014 1.523
22.414 27.517 1.273
12.634 14.684 0.363
5.954 8.958 0.670
21.306 30.782 1.649
19.763 21.945 1.932
24.704 34.899 1.524
5.496 31.465 0.408
31.001 32.992 1.322
27.900 33.906 0.430
6.145 19.256 1.050
12.234 22.525 1.882
8.501 14.983 1.033
18.470 28.578 0.470
25.590 31.623 2.035
14.044 33.337 1.891
1.023 28.917 1.528
21.984 24.152 0.558
1.101 30.458 1.027
1.818 29.913 1.062
23.259 27.007 0.164
14.747 20.395 1.993
20.973 25.802 0.221
16.045 28.507 0.409
3.454 21.205 1.097
2.858 32.646 1.967
15.832 31.704 0.825
11.966 27.035 0.231
20.298 26.253 1.862
30.274 34.015 0.741
9.053 16.850 0.523
14.289 20.632 0.957
17.618 32.981 0.561
13.914 32.438 0.108
12.496 18.047 0.724
24.466 32.755 2.157
23.891 30.013 2.285
28.864 31.065 1.416
26.546 30.280 0.512
23.535 30.884 1.638
31.574 34.816 0.005
18.604 26.244 1.055
11.463 26.116 1.390
13.519 15.763 0.031
19.234 21.488 0.556
1.331 8.549 0.886
1.063 11.476 2.025
24.394 25.887 1.303
7.499 31.154 1.936
3.322 26.309 1.623
1.683 31.646 0.202
29.613 32.637 0.783
23.824 26.887 1.769
22.372 28.465 1.222
7.486 11.870 1.880
17.198 32.299 1.743
27.056 31.709 0.629
20.283 29.693 0.822
31.061 34.771 1.662
31.393 32.978 1.533
18.834 25.501 1.888
23.432 29.007 1.168
0.340 19.991 1.283
15.875 23.624 2.099
8.772 19.670 1.678
10.386 34.789 1.254
28.836 30.779 0.501
9.539 14.384 1.982
28.488 34.302 0.534
17.589 34.108 0.553
14.172 16.208 1.726
13.830 21.577 1.631
21.413 23.914 0.415
14.105 33.414 0.434
31.953 34.001 1.859
18.646 26.520 2.136
27.436 29.667 0.251
8.425 18.484 1.545
31.921 34.286 1.164
17.810 28.337 1.604
9.354 34.935 2.032
2.347 10.215 1.968
15.441 28.192 0.367
21.090 32.665 1.475
28.130 34.276 1.474
30.900 33.072 2.129
1.294 30.408 1.987
21.790 29.985 1.728
17.965 29.136 0.585
31.343 34.457 0.551
30.784 33.335 0.906
22.906 33.149 1.850
28.194 29.060 0.069
4.226 7.684 0.240
31.149 34.245 0.875
16.837 20.237 0.326
22.974 30.112 1.980
17.509 31.206 0.610
12.299 30.473 0.561
21.668 31.948 0.326
9.806 20.229 1.272
4.746 10.650 1.614
31.857 34.727 1.944
4.997 23.883 0.542
3.851 14.813 1.256
28.332 33.726 1.890
19.510 21.546 0.754
22.356 27.720 1.856
23.070 28.534 1.709
30.809 32.375 1.498
15.685 21.908 0.274
17.160 27.034 1.887
5.175 16.844 1.548
1.237 3.565 0.263
19.523 23.276 1.275
25.241 27.273 1.200
1.388 9.703 1.608
27.637 34.555 2.277
1.173 26.978 0.234
6.938 32.443 0.124
26.017 29.855 1.144
10.469 31.590 1.491
9.400 23.828 1.489
17.749 23.780 0.771
12.841 17.679 1.194
12.210 22.048 0.353
1.501 11.453 1.882
4.542 27.143 0.086
25.310 34.788 1.522
25.962 28.654 1.913
30.537 33.350 1.842
2.341 25.441 0.030
19.558 34.682 1.976
10.139 31.452 2.055
0.872 3.348 1.465
18.657 20.156 0.034
11.226 13.972 1.882
28.216 29.076 0.477
11.035 18.020 1.045
28.393 31.234 0.109
9.096 28.500 1.416
28.534 32.773 1.886
14.881 23.850 1.398
6.312 28.436 0.457
22.548 25.612 0.860
31.173 33.716 0.709
12.078 22.993 0.451
4.060 9.338 0.677
17.811 27.886 1.693
0.885 12.398 1.313
10.895 21.308 2.130
6.761 33.970 0.500
2.048 13.261 0.831
13.092 30.418 0.317
14.308 32.164 1.817
24.164 28.239 0.543
14.237 28.108 0.347
23.940 28.052 1.389
8.422 31.585 1.208
23.357 23.984 0.437
9.866 25.206 1.003
11.424 27.048 0.630
12.197 22.029 0.755
30.055 33.592 1.994
26.455 30.788 1.916
22.571 28.196 1.412
7.492 23.638 1.813
5.423 15.716 0.981
8.872 12.438 2.292
29.685 34.549 1.386
0.425 16.961 1.172
17.497 31.133 0.471
1.476 15.028 2.255
26.657 30.457 1.329
1.031 14.952 0.900
26.132 30.478 1.726
22.057 33.909 0.990
12.332 31.248 1.543
12.255 21.503 0.090
24.540 28.541 0.987
4.609 31.675 0.749
3.952 26.246 0.968
7.233 26.038 0.610
16.376 32.417 1.032
21.896 27.940 1.119
15.641 26.149 1.534
17.906 21.169 0.364
27.392 30.343 1.474
22.841 28.503 1.311
16.970 32.738 0.711
25.933 33.283 1.578
14.649 16.759 1.948
31.728 34.048 1.770
30.577 34.339 0.066
2.927 11.707 0.681
0.297 11.795 0.578
12.206 33.014 2.161
31.849 33.889 1.311
14.992 25.996 1.132
4.915 34.203 1.165
23.129 26.982 0.832
1.670 33.973 1.542
2.579 16.093 1.947
11.411 34.957 2.281
29.170 34.590 2.006
19.231 25.386 0.536
14.661 19.070 0.969
14.488 21.212 0.117
25.291 27.313 1.311
9.897 25.642 1.934
28.202 33.553 0.160
2.670 18.489 1.269
29.993 34.796 1.894
27.141 34.109 0.457
3.960 5.707 1.328
23.900 32.455 1.410
30.394 33.867 1.829
11.545 27.302 1.386
13.591 17.052 0.281
21.677 33.772 1.931
10.115 31.663 0.463
1.854 23.573 0.069
1.059 20.473 0.042
8.785 29.156 2.096
14.979 24.476 1.217
29.098 34.688 2.158
5.377 10.347 0.475
9.564 28.834 2.001
3.525 22.981 0.977
28.775 33.926 0.859
23.642 29.901 1.087
17.750 30.536 2.178
13.328 30.131 1.096
26.101 33.841 1.103
21.396 30.507 1.954
8.877 15.668 0.634
6.139 24.433 0.247
1.313 24.721 2.298
5.289 7.445 0.414
30.246 33.783 0.761
18.834 27.052 1.839
10.044 24.031 1.988
25.067 28.510 0.702
23.446 24.539 1.021
15.172 16.428 0.841
29.757 34.489 1.080
19.852 24.310 1.961
10.450 30.306 0.528
1.378 2.752 1.126
11.235 27.575 1.648
15.763 22.255 0.187
10.260 28.004 0.638
24.519 26.869 0.580
22.147 27.730 0.997
13.824 20.917 1.768
29.134 32.541 2.166
8.708 13.637 1.986
1.667 30.481 0.578
11.194 18.199 1.362
3.346 33.278 1.340
8.119 12.506 0.726
5.155 28.939 1.248
6.718 21.539 2.267
5.543 12.329 0.222
31.808 34.286 0.424
9.907 31.650 1.162
17.774 29.980 2.151
17.638 20.937 0.186
19.344 27.987 0.652
0.956 24.003 2.290
23.445 32.494 1.564
29.275 33.002 1.100
