34.204 41.363 0.130
26.483 40.014 1.383
21.205 25.492 1.371
27.580 39.896 1.456
1.243 28.774 1.737
28.263 36.474 0.171
37.916 39.399 0.118
5.807 29.612 1.964
11.690 24.364 1.845
27.782 30.524 0.437
9.622 39.840 1.043
4.257 22.378 1.805
3.204 11.336 1.564
38.976 42.680 1.552
8.426 9.465 0.913
30.025 35.412 0.228
12.445 15.533 1.985
10.083 18.521 0.379
6.140 38.917 1.241
37.563 41.888 0.391
25.822 41.559 1.314
18.218 35.296 1.843
6.030 27.634 1.273
16.882 31.867 1.886
23.143 29.011 1.073
15.878 17.546 0.701
31.810 32.962 0.393
15.577 18.619 1.181
7.907 30.630 0.312
18.173 35.852 1.209
17.652 28.529 1.369
33.429 36.287 1.184
37.978 41.011 1.752
39.498 42.673 0.371
22.978 35.868 0.884
28.341 32.598 0.099
10.408 39.674 0.815
28.408 41.635 1.457
15.743 40.456 0.795
12.344 30.169 0.776
14.142 36.025 1.467
29.455 32.615 1.479
8.007 31.992 0.545
36.445 40.193 0.736
4.375 13.665 1.815
20.718 31.225 1.310
27.506 28.905 0.181
3.031 17.259 0.056
12.289 17.866 1.395
15.794 34.222 0.136
28.997 38.837 0.397
24.628 35.220 1.310
3.932 6.907 1.091
38.983 42.907 0.928
29.115 38.896 1.062
27.712 34.108 0.744
1.998 10.296 1.620
2.433 34.391 0.621
8.499 25.552 0.644
0.366 22.451 0.880
24.238 32.671 1.517
13.992 41.424 1.685
24.932 27.786 1.995
22.514 31.496 1.727
12.256 13.630 0.568
24.503 25.615 0.782
1.241 37.197 0.911
37.471 41.711 0.804
24.464 40.892 1.617
23.304 25.956 1.190
31.727 38.764 0.924
23.577 39.637 1.138
26.910 27.755 0.687
10.692 18.715 0.683
30.841 41.514 0.743
4.674 29.317 1.451
35.758 39.807 0.366
36.080 42.814 1.560
7.895 36.254 1.803
38.136 42.653 1.698
25.148 36.304 0.371
10.600 34.457 0.501
31.524 39.815 0.342
19.238 38.435 0.163
34.214 37.088 0.249
22.933 38.450 0.946
7.675 42.832 1.456
0.614 30.329 1.295
6.966 16.979 0.144
27.065 36.679 1.678
14.849 22.591 1.559
25.529 29.472 0.463
38.842 39.487 0.563
30.769 31.633 0.304
0.370 28.067 0.697
13.730 26.405 0.829
3.627 31.487 1.090
13.520 39.514 1.315
21.419 23.663 1.140
18.631 29.330 0.520
34.534 36.162 0.973
22.633 38.802 1.419
34.569 38.242 1.701
34.575 41.194 1.290
33.146 41.934 1.531
36.333 40.685 1.825
17.607 26.735 0.215
32.922 35.344 0.855
0.034 33.568 1.315
2.549 18.260 0.180
27.356 31.133 1.615
5.714 18.684 0.097
0.742 28.799 1.957
2.146 28.852 1.828
17.269 23.543 0.042
15.678 37.326 1.308
0.913 8.163 1.652
25.371 42.727 1.101
18.537 26.193 0.430
31.286 37.272 0.685
24.321 42.712 0.205
30.233 36.224 0.302
28.465 40.185 1.997
25.666 42.133 1.242
27.526 36.553 0.580
11.615 34.288 1.096
9.857 26.739 1.093
38.082 42.160 1.340
24.935 39.544 0.892
29.821 34.091 1.978
25.179 36.460 1.820
36.736 40.318 1.011
17.989 41.615 1.779
7.317 14.963 0.504
29.220 38.539 1.882
1.654 4.320 1.283
22.254 32.117 1.089
2.455 9.372 1.992
24.036 27.397 0.101
26.409 32.106 0.665
26.143 33.820 0.821
8.865 15.678 1.357
19.902 38.644 1.015
17.403 26.099 0.009
15.036 38.216 0.257
29.332 38.761 1.782
26.024 38.758 1.029
29.487 36.804 1.914
14.530 40.307 0.224
32.849 34.763 0.910
34.778 36.563 1.523
16.667 20.196 1.872
6.594 11.224 0.423
23.645 35.702 0.237
23.204 38.057 1.381
36.626 39.468 1.339
32.355 42.975 0.756
30.901 33.303 0.409
15.530 31.642 0.362
7.825 16.072 1.920
15.269 19.154 0.608
7.926 34.995 0.092
30.442 32.223 1.762
17.945 38.197 0.853
18.454 37.096 0.990
9.540 13.658 1.119
36.881 42.381 1.788
2.385 28.417 0.982
29.889 34.367 1.512
36.396 38.982 1.584
22.114 33.069 0.102
31.615 33.263 1.408
29.270 41.917 1.107
35.022 38.566 1.594
15.798 18.141 0.964
26.079 39.084 0.002
30.248 32.593 0.439
2.301 4.929 1.341
13.835 37.395 1.396
17.450 34.404 1.963
11.812 39.201 0.954
3.171 9.049 0.202
5.720 18.499 1.836
14.953 17.813 1.628
32.568 41.984 0.480
10.260 17.497 0.539
9.175 38.978 1.692
35.508 40.733 1.690
1.636 9.520 0.347
14.236 20.292 0.899
35.779 40.289 1.246
36.467 41.522 1.045
39.973 42.856 1.939
33.608 37.308 0.293
11.375 42.179 0.342
29.673 31.473 1.433
25.802 38.888 1.625
32.727 40.182 0.249
15.003 40.742 1.300
35.587 41.335 0.064
