3.620 8.907 1.980
2.419 7.518 0.338
3.443 8.070 0.127
3.534 9.689 0.295
0.991 7.789 1.810
2.121 3.469 0.853
6.766 8.419 1.366
6.141 9.074 1.643
1.339 8.482 0.356
3.327 6.844 0.311
5.124 7.072 0.811
3.981 8.864 1.364
5.053 6.496 0.951
2.575 4.446 1.669
3.619 7.100 1.326
0.733 9.421 1.899
3.847 7.115 0.692
2.625 6.119 1.694
3.193 9.893 0.544
2.085 7.215 1.478
1.372 8.859 1.523
2.784 9.317 1.002
0.192 6.658 1.989
0.354 3.082 1.063
5.901 9.026 1.254
1.385 3.924 1.684
0.769 4.688 1.486
6.587 8.115 0.572
0.982 8.751 1.466
4.956 9.028 1.200
1.769 2.071 0.289
0.427 8.827 1.612
1.474 6.294 0.231
0.100 4.724 0.228
5.266 8.465 1.372
