22.443 29.441 0.015
20.923 50.428 0.313
25.085 46.265 0.486
45.326 45.986 0.427
38.559 46.799 0.456
40.320 45.664 1.704
26.946 49.855 1.984
32.344 49.218 0.455
18.552 20.465 0.734
28.065 31.752 0.796
16.247 25.087 1.798
47.009 52.135 0.250
44.697 47.235 0.891
31.738 45.427 1.120
21.183 48.682 0.033
6.981 20.796 0.535
34.083 52.267 1.123
30.361 40.841 1.576
40.919 43.838 1.479
25.826 26.056 0.040
37.416 51.540 0.668
23.113 26.081 1.536
31.549 46.203 0.048
48.454 51.959 1.001
13.297 39.551 1.645
29.861 49.478 0.527
23.003 34.520 1.496
0.725 33.830 0.953
20.194 21.846 0.767
14.441 48.661 1.194
21.609 34.780 1.863
26.656 52.322 0.020
43.260 50.337 0.875
16.648 35.375 1.205
27.981 37.492 0.078
11.652 47.455 1.875
48.206 51.512 1.218
3.822 19.402 0.814
24.929 49.505 0.160
15.213 50.569 1.563
29.421 36.319 0.432
28.036 35.590 1.749
15.070 48.134 1.454
11.554 30.283 0.381
44.517 45.877 1.149
49.762 51.812 0.118
12.847 17.810 0.340
11.574 51.375 0.990
2.464 19.634 0.159
13.987 33.650 1.031
20.614 40.818 1.849
14.608 30.597 0.952
47.566 52.284 1.097
39.721 48.246 1.603
43.504 52.461 0.636
13.396 42.393 1.887
6.381 29.244 1.550
8.795 10.687 0.053
22.739 28.348 1.725
0.723 43.591 0.426
39.860 49.045 1.559
14.937 50.135 1.563
42.106 47.783 0.485
1.151 2.899 0.151
17.811 33.076 1.431
9.021 17.517 0.596
37.245 38.416 0.269
26.281 47.975 0.718
7.941 15.443 1.800
1.462 43.690 0.363
12.461 27.269 1.141
26.997 49.811 1.330
46.626 48.988 1.891
7.662 44.167 1.116
44.757 51.966 0.145
41.121 47.990 0.777
33.598 39.705 0.902
47.473 52.031 1.964
29.740 33.283 0.545
9.897 31.519 1.201
17.766 34.863 0.460
34.590 47.569 1.896
49.129 51.348 0.475
11.791 32.677 1.796
16.323 37.719 1.075
16.826 23.526 0.696
14.508 50.063 0.439
36.984 47.966 1.614
34.335 48.775 0.540
3.221 46.188 1.444
17.078 34.521 0.089
1.039 33.817 1.676
27.029 42.319 1.208
38.868 49.103 1.280
37.997 41.829 1.736
21.175 23.396 1.573
21.918 37.697 0.084
13.463 23.247 0.137
49.103 51.891 1.013
3.551 50.834 0.735
43.004 45.933 0.675
14.476 52.720 0.102
8.623 18.499 0.138
15.046 40.253 1.574
4.184 11.300 0.526
10.877 19.310 1.125
31.614 41.434 0.214
37.942 39.436 0.668
14.125 48.249 1.389
28.379 31.975 1.737
39.770 48.901 1.999
30.943 44.509 1.190
9.713 21.239 1.958
2.115 15.454 0.478
20.341 30.396 1.590
45.003 51.028 0.759
10.324 36.167 0.106
17.699 41.524 0.722
48.802 52.609 0.447
17.348 41.700 1.907
10.083 25.702 0.565
26.600 32.861 0.582
4.981 39.105 0.213
42.190 51.288 1.344
0.288 32.548 0.983
46.767 50.772 0.581
37.346 51.779 1.748
41.505 45.852 1.212
39.212 46.831 0.300
34.452 52.879 0.789
5.097 7.211 0.823
34.371 37.950 0.518
11.432 47.324 0.378
38.165 45.383 0.095
2.808 8.833 1.922
28.274 43.284 1.925
43.933 48.076 0.817
20.675 47.523 1.317
47.259 47.837 0.566
30.813 45.403 0.099
21.097 41.121 1.909
10.044 25.219 0.829
31.156 32.871 1.617
5.263 19.050 0.789
15.839 47.798 1.648
15.577 36.881 0.395
23.453 37.382 1.990
18.424 32.246 0.838
29.022 38.275 1.755
19.669 37.573 1.902
20.930 46.112 1.217
4.183 14.572 0.302
4.367 27.648 0.635
31.457 33.778 0.666
30.726 37.184 0.286
41.249 52.939 0.878
11.048 32.924 0.215
13.230 36.154 0.015
38.528 52.561 0.215
18.471 37.350 1.808
11.133 31.481 0.605
15.531 44.380 0.829
42.080 47.194 0.778
36.209 39.079 1.470
4.086 45.746 1.506
31.890 42.295 0.719
4.720 14.488 0.831
17.156 26.783 1.827
15.516 28.521 0.309
9.114 18.585 0.545
8.623 12.153 0.671
25.095 48.045 1.927
22.323 29.321 1.826
24.096 44.591 0.944
12.430 25.040 1.873
14.977 46.439 1.645
31.495 33.229 1.590
13.048 51.148 0.579
42.973 50.370 1.035
12.809 33.490 1.842
4.677 9.908 1.652
14.132 39.408 0.768
25.755 30.330 0.863
48.749 48.919 0.149
45.740 51.425 0.823
9.383 27.956 0.203
33.897 49.827 1.055
41.859 47.696 0.543
43.522 52.732 0.298
26.919 29.072 0.441
10.231 18.801 0.395
9.977 36.289 1.914
36.940 48.046 0.589
39.306 52.152 1.843
42.216 43.817 0.518
3.095 12.036 1.808
44.638 52.669 0.719
19.079 42.509 0.663
44.377 48.544 0.760
33.732 43.312 0.534
26.392 47.852 1.604
37.317 50.467 0.973
27.952 37.012 0.558
2.707 41.508 1.823
18.424 26.174 0.565
16.228 48.659 0.100
12.441 19.007 0.808
43.764 51.265 1.216
9.842 42.934 0.903
21.667 47.125 1.273
8.722 51.394 0.645
35.470 50.650 0.395
2.365 5.623 1.486
6.542 32.292 0.165
28.448 34.654 1.066
3.859 7.596 0.609
20.563 28.927 0.267
41.032 44.992 1.018
49.397 51.446 1.833
14.222 33.232 1.414
14.737 35.156 0.689
40.556 42.359 1.034
41.461 43.651 1.109
25.478 45.904 1.893
23.696 50.696 0.903
27.442 50.129 0.731
32.986 43.262 0.245
5.622 31.766 0.560
39.564 51.198 0.738
37.217 43.488 0.928
22.105 34.543 1.172
31.602 42.505 1.115
41.833 42.309 0.371
5.463 16.069 0.081
12.798 41.485 0.821
22.137 39.049 0.266
42.839 46.318 1.613
46.191 47.703 0.627
30.343 51.994 0.021
26.862 27.950 0.774
11.853 36.953 1.771
7.630 31.927 0.033
45.836 48.456 1.305
20.278 25.199 1.932
19.979 31.724 1.012
16.420 26.531 1.251
14.498 49.207 1.067
23.904 43.745 0.656
23.017 36.077 1.166
46.115 50.773 0.242
