0.100 17.034 1.127
64.699 74.090 1.170
28.023 73.578 1.792
59.728 79.767 0.348
56.840 65.507 1.027
1.199 31.128 0.183
11.785 82.187 0.332
35.655 36.114 0.238
0.713 44.816 0.756
45.695 68.818 1.204
13.299 45.448 1.326
28.170 61.534 0.114
62.665 74.008 1.605
24.156 67.395 1.752
76.472 80.846 1.851
11.387 28.946 0.924
68.979 80.003 0.419
67.492 82.996 1.994
48.920 58.568 0.785
23.782 26.829 1.680
30.069 65.974 0.185
4.497 76.626 0.018
22.071 58.117 0.546
55.295 75.881 1.675
38.795 71.777 0.411
37.477 80.732 0.916
59.555 73.687 0.217
30.819 63.170 1.470
45.792 52.045 0.723
18.008 70.357 0.850
41.368 73.149 1.980
27.645 64.146 0.338
39.352 69.933 0.127
40.385 80.866 0.295
11.326 61.544 1.810
24.244 29.172 0.853
77.329 79.355 1.366
70.180 78.329 1.643
15.308 70.691 0.356
38.021 60.841 0.311
58.561 65.978 0.811
45.499 74.177 1.364
57.753 61.693 0.951
29.425 32.916 1.669
41.361 59.869 1.326
8.374 77.283 1.899
43.964 62.744 0.692
29.998 47.950 1.694
36.488 82.217 0.544
23.824 58.033 1.478
15.679 72.436 1.523
31.812 77.488 1.002
2.197 49.314 1.989
4.041 20.220 1.063
67.443 78.103 1.254
15.828 25.589 1.684
8.794 33.119 1.486
75.286 78.260 0.572
11.221 71.372 1.466
56.640 76.640 1.200
20.218 20.608 0.289
4.881 71.725 1.612
16.846 53.546 0.231
1.140 38.471 0.228
60.178 73.207 1.372
5.911 22.175 0.873
55.698 67.947 0.581
18.594 53.436 1.156
50.295 66.941 0.320
77.043 82.657 1.392
15.196 27.841 0.672
79.614 82.995 0.915
7.801 16.031 1.250
35.018 39.115 1.863
71.570 74.616 0.580
61.525 66.518 0.821
50.246 65.701 1.208
37.308 66.747 1.196
68.383 78.137 1.658
57.673 67.881 1.132
14.742 53.291 1.476
72.407 74.802 0.486
48.378 69.199 1.397
28.104 33.426 0.989
59.260 74.452 1.224
55.290 60.791 1.609
46.083 79.888 1.735
49.176 52.030 1.455
53.422 64.077 1.953
45.536 52.557 0.612
8.684 72.202 1.738
59.545 67.421 0.310
6.348 55.535 0.153
65.600 74.001 1.090
32.718 56.447 0.597
40.096 54.163 0.305
59.040 78.956 0.628
76.726 81.755 1.747
24.005 33.159 1.888
5.259 46.787 1.570
48.771 53.019 1.912
70.051 75.109 1.308
8.384 26.109 1.010
23.223 56.996 1.840
53.024 67.905 0.229
30.331 72.322 0.994
40.741 70.061 0.765
42.572 59.282 1.213
0.471 10.049 1.416
49.845 67.019 1.726
59.787 69.226 0.994
62.829 70.743 1.106
76.457 78.652 1.262
29.940 69.446 0.263
76.138 77.518 1.224
26.388 62.615 0.112
10.530 73.397 1.694
47.750 78.063 1.443
1.174 59.173 0.253
49.372 51.996 0.435
13.514 38.030 1.248
25.553 63.775 0.735
64.191 74.859 1.614
48.888 79.768 1.596
11.585 41.077 1.260
20.296 73.959 0.273
5.293 50.212 0.856
24.183 38.299 1.096
24.908 71.891 0.221
10.777 67.817 0.568
71.618 80.489 1.579
49.218 78.261 0.722
18.279 34.460 1.727
19.964 82.060 1.085
4.304 45.671 0.163
34.144 46.928 0.189
71.323 73.432 0.466
10.008 17.569 1.863
3.767 30.499 0.117
73.176 77.880 0.797
75.693 80.377 1.674
67.368 74.420 1.387
20.733 53.464 0.009
76.384 78.584 0.797
46.845 71.737 0.510
75.622 82.286 0.871
0.574 50.907 1.882
62.893 66.746 1.153
17.786 18.828 0.766
33.434 66.200 0.164
68.408 80.267 0.130
52.965 77.347 1.383
42.411 49.381 1.371
55.160 77.136 1.456
2.485 54.996 1.737
56.525 71.216 0.171
75.832 77.889 0.118
11.614 56.618 1.964
23.380 46.459 1.845
55.563 60.210 0.437
19.244 76.872 1.043
8.513 42.424 1.805
6.409 20.862 1.564
77.952 82.547 1.552
16.851 18.009 0.913
60.051 69.474 0.228
24.891 29.041 1.985
20.167 36.015 0.379
12.281 75.036 1.241
75.127 81.351 0.391
51.645 80.271 1.314
36.437 67.982 1.843
12.061 53.011 1.273
33.763 61.246 1.886
46.286 56.457 1.073
31.756 34.308 0.701
63.620 65.348 0.393
31.153 35.928 1.181
15.813 59.215 0.312
36.346 69.246 1.209
35.304 55.043 1.369
66.858 71.027 1.184
75.957 79.781 1.752
78.997 82.621 0.371
45.956 69.525 0.884
56.681 64.268 0.099
20.816 76.576 0.815
56.816 80.430 1.457
31.485 78.124 0.795
24.688 58.293 0.776
28.285 69.441 1.467
58.910 63.539 1.479
16.014 61.768 0.545
72.890 78.479 0.736
8.750 25.275 1.815
41.437 60.398 1.310
55.011 57.405 0.181
6.062 33.417 0.056
24.578 34.109 1.395
31.588 66.373 0.136
57.995 75.471 0.397
49.257 68.210 1.310
7.864 12.629 1.091
77.966 82.877 0.928
58.229 75.411 1.062
55.424 66.596 0.744
3.997 18.738 1.620
4.866 66.294 0.621
16.998 49.318 0.644
0.732 42.946 0.880
48.476 63.231 1.517
27.984 79.924 1.685
49.865 53.524 1.995
45.028 60.773 1.727
24.512 26.628 0.568
49.005 50.406 0.782
2.483 71.691 0.911
74.941 81.021 0.804
48.927 78.957 1.617
46.608 50.579 1.190
63.454 75.377 0.924
47.155 76.616 1.138
53.820 54.798 0.687
21.385 36.210 0.683
61.682 80.323 0.743
9.348 56.208 1.451
71.516 77.836 0.366
72.160 82.677 1.560
15.789 69.750 1.803
76.272 82.448 1.698
50.297 70.615 0.371
21.199 66.584 0.501
63.049 77.390 0.342
38.475 74.418 0.163
68.427 73.081 0.249
45.866 74.389 0.946
15.350 82.671 1.456
1.228 58.184 1.295
13.931 33.028 0.144
54.130 70.945 1.678
29.698 43.288 1.559
51.059 57.962 0.463
77.683 78.355 0.563
61.538 62.835 0.304
0.740 53.954 0.697
27.459 51.077 0.829
7.254 60.549 1.090
27.039 76.237 1.315
42.838 46.085 1.140
37.262 57.081 0.520
69.067 71.173 0.973
45.265 74.955 1.419
69.138 74.402 1.701
69.150 79.820 1.290
66.291 81.056 1.531
72.666 78.932 1.825
35.213 52.270 0.215
65.844 69.468 0.855
0.068 64.518 1.315
5.098 35.252 0.180
54.711 60.436 1.615
11.429 36.266 0.097
1.484 54.966 1.957
4.292 55.129 1.828
34.537 46.326 0.042
31.356 72.021 1.308
1.826 14.487 1.652
50.741 82.486 1.101
37.074 51.184 0.430
62.573 72.746 0.685
48.642 82.468 0.205
60.466 70.914 0.302
56.930 77.596 1.997
51.332 81.360 1.242
55.053 71.154 0.580
23.231 66.124 1.096
19.715 51.446 1.093
76.164 81.709 1.340
49.870 76.512 0.892
59.643 65.996 1.978
50.358 70.403 1.820
73.471 78.651 1.011
35.978 80.303 1.779
14.634 28.915 0.504
58.439 74.497 1.882
3.308 7.297 1.283
44.508 62.291 1.089
4.910 16.623 1.992
48.073 54.191 0.101
52.819 62.810 0.665
52.287 65.887 0.821
17.730 29.725 1.357
39.803 74.679 1.015
34.806 51.173 0.009
30.072 73.905 0.257
58.664 74.956 1.782
52.047 75.039 1.029
58.974 71.189 1.914
29.061 77.879 0.224
65.698 68.389 0.910
69.555 71.545 1.523
33.334 38.444 1.872
13.189 21.724 0.423
47.289 69.459 0.237
46.408 73.548 1.381
73.252 77.101 1.339
64.709 82.956 0.756
61.801 65.756 0.409
31.061 61.388 0.362
15.650 30.018 1.920
30.538 37.411 0.608
15.853 67.656 0.092
60.883 62.681 1.762
35.890 73.820 0.853
36.908 71.697 0.990
19.080 26.024 1.119
73.762 81.935 1.788
4.771 54.576 0.982
59.777 66.842 1.512
72.793 76.098 1.584
44.227 64.522 0.102
63.229 65.079 1.408
58.539 80.997 1.107
70.044 75.108 1.594
31.595 35.211 0.964
52.157 75.863 0.002
60.495 64.349 0.439
4.602 8.462 1.341
27.669 72.113 1.396
34.901 66.186 1.963
23.624 75.660 0.954
6.343 17.495 0.202
11.441 34.802 1.836
29.906 33.933 1.628
65.136 81.225 0.480
20.521 33.944 0.539
18.350 75.120 1.692
71.015 78.977 1.690
3.272 18.205 0.347
28.473 39.296 0.899
71.557 78.374 1.246
72.934 80.570 1.045
79.946 82.852 1.939
67.216 73.309 0.293
22.750 81.428 0.342
59.345 61.465 1.433
51.603 75.138 1.625
65.454 78.138 0.249
30.006 78.628 1.300
71.174 80.336 0.064
35.909 46.687 0.015
33.478 79.016 0.313
40.136 72.595 0.486
72.522 73.271 0.427
61.694 73.755 0.456
64.511 71.781 1.704
43.114 78.048 1.984
51.750 77.235 0.455
29.684 32.256 0.734
44.904 50.168 0.796
25.994 38.916 1.798
75.215 81.865 0.250
71.516 74.760 0.891
50.780 71.308 1.120
33.893 76.332 0.033
11.170 32.521 0.535
54.533 81.874 1.123
48.578 64.039 1.576
65.471 69.129 1.479
41.322 41.653 0.040
59.865 80.801 0.668
36.981 40.764 1.536
50.478 72.687 0.048
77.527 81.687 1.001
21.275 61.769 1.645
47.777 77.596 0.527
36.805 54.018 1.496
1.160 52.787 0.953
32.311 34.457 0.767
23.106 76.184 1.194
34.574 54.269 1.863
42.650 81.961 0.020
69.216 79.123 0.875
26.637 55.341 1.205
44.769 59.277 0.078
18.643 74.223 1.875
77.129 81.064 1.218
6.116 30.155 0.814
39.886 77.621 0.160
24.342 79.168 1.563
47.074 57.420 0.432
44.857 55.707 1.749
24.112 75.339 1.454
18.487 47.522 0.381
71.228 72.682 1.149
79.619 81.758 0.118
20.555 28.106 0.340
18.519 80.448 0.990
3.943 30.743 0.159
22.379 52.642 1.031
