0.591 3.390 0.873
5.570 8.268 0.581
1.859 7.268 1.156
5.029 8.198 0.320
7.704 10.857 1.392
1.520 3.762 0.672
7.961 10.996 0.915
0.780 2.877 1.250
3.502 5.638 1.863
7.157 8.479 0.580
6.153 7.787 0.821
5.025 8.386 1.208
3.731 8.781 1.196
6.838 10.060 1.658
5.767 8.437 1.132
1.474 7.419 1.476
7.241 8.345 0.486
4.838 9.021 1.397
2.810 4.378 0.989
5.926 9.538 1.224
5.529 7.714 1.609
4.608 10.588 1.735
4.918 6.573 1.455
5.342 8.462 1.953
4.554 6.180 0.612
0.868 9.751 1.738
5.955 7.812 0.310
0.635 7.334 0.153
6.560 9.152 1.090
3.272 7.189 0.597
4.010 6.474 0.305
5.904 10.226 0.628
7.673 10.565 1.747
2.400 5.142 1.888
0.526 6.767 1.570
4.877 7.094 1.912
7.005 9.178 1.308
0.838 3.927 1.010
2.322 7.931 1.840
5.302 8.225 0.229
