8.551 12.184 0.130
6.621 12.014 1.383
5.301 7.576 1.371
6.895 11.967 1.456
0.311 9.107 1.737
7.066 10.418 0.171
9.479 10.532 0.118
1.452 9.358 1.964
2.922 7.793 1.845
6.945 8.259 0.437
2.405 12.067 1.043
1.064 7.344 1.805
0.801 4.192 1.564
9.744 12.779 1.552
2.106 3.057 0.913
7.506 9.865 0.228
3.111 5.401 1.985
2.521 5.401 0.379
1.535 11.828 1.241
9.391 12.291 0.391
6.456 12.525 1.314
4.555 10.783 1.843
1.508 8.601 1.273
4.220 9.833 1.886
5.786 8.426 1.073
3.970 4.975 0.701
7.953 8.673 0.393
3.894 5.638 1.181
1.977 9.190 0.312
4.543 10.806 1.209
4.413 8.644 1.369
8.357 10.232 1.184
9.495 11.933 1.752
9.875 12.713 0.371
5.744 10.626 0.884
7.085 8.845 0.099
2.602 11.997 0.815
7.102 12.538 1.457
3.936 12.205 0.795
3.086 9.076 0.776
3.536 10.964 1.467
7.364 9.422 1.479
2.002 9.660 0.545
9.111 11.479 0.736
1.094 4.958 1.815
5.180 9.344 1.310
6.876 7.530 0.181
0.758 5.141 0.056
3.072 5.684 1.395
3.948 10.109 0.136
