9.516 16.613 0.643
6.529 57.642 1.793
31.407 55.727 1.180
26.784 32.372 1.664
53.158 66.306 0.958
33.282 48.500 2.502
46.445 55.535 1.640
52.058 55.152 2.217
47.589 53.118 0.942
52.414 58.163 2.038
36.046 40.414 0.454
48.455 54.691 1.076
10.942 25.781 1.415
20.391 51.920 0.585
44.699 60.311 1.743
3.586 64.964 0.857
20.524 28.931 0.800
23.587 66.301 0.719
15.118 48.415 0.678
48.386 54.806 1.515
45.578 61.841 0.879
1.381 44.070 1.821
8.088 32.067 1.872
33.532 54.852 2.247
31.690 56.109 0.080
35.423 54.465 0.909
48.914 48.985 0.059
35.005 45.713 1.945
50.818 63.854 2.172
18.973 39.691 1.400
6.514 13.375 1.012
42.765 60.331 0.421
42.929 65.413 1.920
48.421 54.697 1.481
7.133 51.961 0.695
62.559 64.724 1.269
51.277 58.143 1.594
30.888 46.381 2.596
60.672 65.503 0.574
36.845 65.843 0.378
29.308 32.779 1.670
41.968 46.308 1.930
41.648 48.221 0.519
46.857 63.437 2.586
57.172 66.982 1.424
55.607 64.977 1.601
46.789 62.925 0.395
9.778 45.960 1.052
45.874 65.725 2.158
4.078 43.070 1.026
31.237 59.523 1.174
37.042 55.456 0.873
23.061 28.512 1.949
6.121 11.350 2.592
25.387 43.235 0.281
27.770 46.379 0.701
14.399 49.040 0.679
57.158 63.288 2.285
26.348 66.539 0.603
47.320 62.519 0.888
38.616 65.063 1.616
43.679 46.871 0.613
34.026 54.125 1.860
0.967 32.417 1.328
62.135 66.943 2.313
15.733 29.868 0.269
29.843 33.215 1.578
24.716 67.921 0.303
47.355 47.551 0.106
43.536 61.553 2.487
48.056 61.702 0.367
39.216 67.351 1.724
4.551 59.528 2.359
40.224 57.181 2.311
9.741 44.171 2.336
16.829 48.997 0.456
53.396 66.182 1.743
28.706 55.513 2.556
45.361 63.862 0.151
47.802 65.092 2.533
20.104 30.190 0.306
18.674 60.619 2.464
15.985 61.114 0.561
27.577 65.158 0.535
48.212 56.262 1.014
35.710 66.194 1.640
47.121 56.407 1.914
35.212 56.750 2.549
20.971 50.891 1.118
44.523 60.637 1.274
17.174 20.742 0.272
8.946 20.559 1.180
41.376 50.095 2.228
52.326 66.831 1.625
6.545 37.430 0.661
44.872 49.037 1.831
23.807 66.327 1.253
6.326 13.144 1.182
33.327 60.914 0.848
52.746 62.185 1.918
3.311 67.414 0.487
27.341 57.139 1.673
57.648 67.309 2.192
30.911 58.233 1.248
48.494 63.273 0.998
17.536 20.025 0.944
52.625 60.422 1.971
14.354 28.766 0.214
40.044 50.506 1.995
16.301 55.486 1.261
35.964 58.546 0.905
61.896 64.320 1.044
56.888 64.235 1.540
22.231 60.563 2.084
52.160 54.459 1.101
40.474 60.226 2.555
31.954 52.609 0.479
15.256 32.089 2.241
63.332 66.485 2.132
20.590 52.121 1.037
59.576 63.613 2.350
48.875 67.152 1.367
58.689 60.726 1.670
16.868 57.544 0.750
16.516 35.117 0.746
58.521 62.438 2.128
20.618 66.184 0.598
15.711 58.925 2.427
6.617 21.733 1.501
24.061 58.752 0.498
57.390 58.726 0.804
48.130 60.053 1.870
35.067 39.524 0.958
4.408 8.097 2.010
20.489 28.062 0.802
33.659 59.317 0.851
38.304 65.910 1.507
42.269 57.999 1.845
4.594 6.276 0.766
49.419 61.278 2.593
19.536 27.145 1.235
32.999 52.454 0.487
24.143 54.277 1.328
46.289 60.365 1.840
7.895 52.480 2.488
3.608 36.025 0.593
8.555 37.078 2.532
50.216 64.352 1.592
39.206 49.073 2.182
63.875 66.745 2.230
10.067 65.862 0.280
62.646 64.602 1.519
4.383 30.235 0.860
27.575 60.473 1.910
38.189 55.989 2.283
58.070 60.759 0.535
11.463 30.353 1.142
13.873 56.761 2.170
54.793 61.222 1.035
60.721 66.486 0.124
19.239 31.065 1.351
42.796 47.766 0.753
55.822 66.279 1.228
58.353 61.169 1.522
28.546 61.136 1.773
62.852 66.719 2.510
5.631 41.665 0.132
55.201 63.534 1.541
37.153 61.635 0.736
24.778 31.963 2.292
61.949 64.566 0.150
22.007 23.028 0.932
20.292 57.713 0.550
31.409 63.956 0.159
25.446 45.213 1.478
45.220 59.162 1.478
38.798 50.073 0.508
49.666 61.038 2.355
51.974 67.278 2.077
49.291 61.267 0.513
32.892 62.244 2.193
46.667 60.551 1.796
25.378 67.306 2.284
34.105 54.707 0.658
43.570 66.877 1.666
35.984 52.663 0.705
12.969 24.208 2.278
9.537 50.545 1.877
35.636 67.891 1.618
63.996 66.810 1.555
33.612 62.265 0.119
57.131 60.989 1.433
0.342 56.095 2.427
6.389 59.084 0.340
24.423 29.119 1.982
20.899 24.476 0.042
23.669 33.882 0.016
36.775 49.102 1.941
28.122 61.152 0.298
25.264 65.247 0.832
38.218 64.396 1.467
37.425 47.675 0.615
14.981 50.292 1.630
42.101 56.030 1.977
32.735 47.807 0.456
30.143 64.012 2.559
1.418 7.756 0.191
24.921 65.138 0.825
53.269 61.303 1.491
25.261 48.712 2.391
7.207 33.917 2.238
48.181 54.713 2.589
1.932 10.820 1.210
22.749 65.514 0.885
1.307 53.944 2.450
49.707 63.943 2.018
39.304 40.928 0.114
35.458 41.430 1.814
18.331 36.000 1.902
22.253 64.067 1.325
60.457 67.287 2.405
36.493 59.042 2.443
19.626 41.672 2.576
60.180 64.820 1.572
10.600 15.202 1.884
20.702 32.108 1.307
0.988 37.149 0.409
19.254 46.869 2.207
22.358 27.679 0.003
18.290 19.754 1.426
49.003 66.450 0.199
51.588 58.218 0.543
28.665 63.301 2.015
58.568 65.143 1.401
15.991 50.026 1.594
45.685 59.476 2.480
9.287 59.816 0.903
49.810 67.054 1.926
51.611 53.797 0.283
1.625 32.223 2.451
12.981 25.188 1.658
21.257 52.286 1.978
61.057 65.606 0.400
11.369 16.740 1.099
25.249 58.499 1.966
53.226 60.306 1.799
31.903 36.446 1.666
18.184 30.087 0.474
39.759 67.410 0.085
21.358 47.163 2.551
3.565 31.126 1.485
9.203 19.048 1.034
19.346 22.434 0.568
16.977 60.874 1.550
21.380 64.509 1.516
47.101 63.607 0.067
40.683 43.701 0.210
33.593 49.459 1.559
1.318 66.622 1.735
26.901 41.126 0.197
52.535 66.536 0.281
37.507 44.709 1.847
39.325 47.350 0.111
35.903 56.803 1.600
53.670 63.419 1.423
36.566 48.477 2.494
3.275 17.918 1.712
50.746 56.602 2.198
56.373 63.474 1.270
49.015 62.944 0.054
29.565 46.411 0.754
41.572 65.995 0.234
1.604 51.677 0.560
34.509 35.475 0.847
58.316 62.276 1.828
49.345 53.384 0.129
15.766 18.493 1.423
9.209 32.564 1.398
29.214 32.198 2.203
26.274 57.248 0.404
23.104 31.096 0.988
23.044 38.090 1.287
23.973 55.156 1.439
29.372 38.225 0.966
63.730 65.539 0.403
29.059 61.343 0.549
57.424 63.040 1.827
45.128 56.520 0.747
11.264 30.575 1.223
26.923 45.494 0.056
19.208 20.980 0.864
35.323 60.953 2.201
40.122 59.378 1.428
62.537 67.698 1.239
44.136 62.241 1.696
57.949 62.784 1.437
24.401 34.538 2.068
17.778 37.209 0.193
21.132 25.464 1.136
29.267 33.483 1.296
50.408 62.066 0.368
52.373 56.677 1.094
54.834 60.513 1.985
4.988 19.420 0.158
32.810 53.672 1.082
31.878 48.624 2.389
13.782 63.277 1.469
34.587 42.504 1.568
40.404 62.854 1.175
19.809 45.901 1.495
43.285 48.737 2.509
18.708 18.971 0.094
25.514 33.507 0.364
39.874 65.425 0.052
48.853 57.273 2.254
31.741 47.416 1.487
51.025 55.503 0.437
34.345 58.328 0.869
28.300 48.055 1.980
3.496 63.461 1.350
29.015 38.763 1.671
16.547 67.863 2.016
26.452 34.870 0.585
54.008 63.616 1.212
1.039 12.927 0.854
63.484 67.083 2.597
54.478 61.975 0.194
55.455 61.683 1.791
38.032 59.187 1.857
18.565 50.169 2.257
27.856 63.119 1.699
35.232 40.991 0.346
21.819 64.167 1.639
22.489 52.380 1.152
0.955 37.798 0.537
58.119 62.003 2.113
50.273 56.097 1.640
14.225 43.332 0.647
48.253 51.079 2.150
49.584 54.344 2.514
0.082 46.511 2.247
24.134 58.444 1.062
6.160 30.037 2.417
54.220 65.464 2.136
13.161 56.660 1.687
41.208 55.521 1.929
25.495 47.806 1.905
47.298 60.138 0.771
56.656 65.991 1.227
60.445 67.184 1.094
36.558 66.743 1.828
49.443 59.767 1.319
2.606 31.816 1.636
52.330 61.785 0.711
36.849 66.076 1.166
46.437 55.120 1.032
41.212 62.173 0.599
12.459 43.156 0.868
7.401 28.475 0.029
16.157 40.605 0.907
57.738 63.411 2.028
25.286 52.480 1.895
23.745 30.760 0.113
12.625 20.250 0.323
27.026 58.721 0.157
51.976 61.177 1.293
7.485 21.145 2.152
33.187 62.638 2.496
55.662 62.824 1.378
16.407 54.677 1.125
4.526 9.118 1.580
2.815 46.473 0.471
13.727 60.324 2.496
27.292 42.509 1.427
51.894 53.329 0.541
49.546 65.599 0.427
10.215 60.964 1.361
30.405 33.168 0.659
7.201 14.587 1.045
61.027 64.460 2.600
54.047 65.200 0.162
8.969 67.809 2.167
2.744 17.029 0.004
40.197 59.877 1.804
26.710 59.619 1.930
26.128 47.754 0.873
42.197 57.798 0.356
58.096 66.264 0.666
36.560 55.025 2.136
11.577 60.161 1.159
41.952 48.416 1.802
41.790 51.825 1.337
40.685 66.482 1.951
58.301 65.791 1.179
51.095 57.931 0.976
51.433 53.581 0.012
20.452 36.335 0.827
43.441 61.164 2.335
31.966 61.489 0.955
4.434 67.049 2.010
44.650 51.178 0.175
43.286 50.512 2.579
23.397 34.247 0.151
12.770 64.725 1.148
34.259 43.149 1.809
36.394 60.349 1.072
4.526 66.662 2.074
35.421 38.895 0.973
34.851 52.365 1.721
44.828 53.625 1.439
25.268 28.923 0.411
11.909 17.217 0.758
42.613 59.762 1.864
39.527 42.203 2.184
49.408 67.805 1.723
10.993 61.130 0.461
62.002 64.621 1.495
55.801 66.079 0.486
12.289 37.128 1.187
24.468 43.267 2.127
17.002 28.832 1.167
36.941 55.792 0.531
51.179 61.351 2.301
28.089 64.705 2.138
2.047 55.959 1.727
43.968 47.624 0.631
2.201 59.070 1.161
3.637 57.996 1.200
46.519 53.296 0.186
29.493 39.002 2.253
41.947 50.808 0.250
32.091 55.590 0.463
6.908 40.884 1.240
5.717 63.315 2.224
31.663 61.639 0.933
23.932 52.698 0.261
40.597 50.765 2.105
60.549 66.366 0.838
18.106 32.803 0.591
28.577 40.113 1.082
35.235 64.143 0.634
27.829 63.109 0.122
24.993 35.161 0.818
48.931 63.544 2.438
47.783 58.034 2.583
57.728 60.771 1.600
53.091 59.484 0.579
47.070 60.010 1.851
63.148 67.739 0.006
37.208 51.107 1.192
22.926 50.550 1.571
27.038 31.295 0.035
38.468 42.324 0.628
2.662 16.091 1.002
2.125 21.128 2.290
48.789 50.623 1.473
14.999 60.355 2.188
6.645 50.789 1.834
3.365 61.476 0.228
59.226 63.951 0.885
47.648 52.172 1.999
44.744 55.467 1.382
14.971 22.071 2.125
34.396 62.679 1.970
54.113 62.071 0.711
40.566 57.878 0.930
62.121 67.599 1.879
62.785 64.607 1.733
37.667 49.240 2.134
46.865 56.581 1.320
0.680 38.379 1.451
31.751 45.364 2.373
17.544 37.677 1.896
20.772 67.586 1.417
57.672 60.724 0.566
19.079 27.010 2.240
56.976 66.784 0.603
35.179 66.297 0.625
28.345 30.906 1.951
27.659 41.555 1.844
42.826 47.208 0.469
28.210 64.954 0.491
63.906 66.325 2.101
37.292 51.125 2.415
54.873 58.632 0.284
16.850 35.401 1.746
63.842 66.940 1.316
35.620 54.933 1.813
18.708 67.871 2.298
4.694 18.662 2.225
30.882 54.980 0.415
42.179 63.465 1.668
56.260 66.648 1.667
61.801 64.289 2.407
2.588 58.855 2.247
43.579 58.188 1.953
35.931 56.804 0.662
62.686 67.180 0.623
61.568 65.279 1.024
45.812 64.369 2.091
56.388 57.830 0.079
8.451 14.971 0.271
62.299 66.804 0.990
33.675 39.894 0.368
45.949 58.360 2.239
35.019 60.743 0.690
24.598 59.255 0.634
43.335 62.299 0.368
19.612 39.009 1.438
9.492 19.806 1.825
63.715 67.524 2.197
9.994 46.344 0.612
7.701 28.238 1.420
56.664 65.546 2.136
39.021 42.320 0.853
44.712 53.700 2.098
46.140 55.392 1.932
61.617 63.429 1.694
31.370 43.028 0.310
34.319 52.247 2.133
10.350 32.108 1.750
2.475 6.791 0.298
39.046 45.288 1.441
50.482 53.410 1.356
2.775 17.882 1.818
55.273 67.111 2.574
2.346 52.384 0.264
13.875 63.059 0.140
52.035 58.371 1.293
20.938 61.285 1.686
18.799 45.982 1.684
35.497 46.465 0.872
25.682 34.153 1.350
24.421 43.073 0.399
3.002 21.176 2.128
9.084 52.783 0.097
50.621 67.594 1.721
51.923 55.609 2.162
61.074 64.951 2.083
4.682 49.461 0.034
39.116 67.370 2.233
20.278 60.937 2.323
1.744 5.400 1.657
37.314 40.105 0.038
22.452 26.293 2.127
56.431 57.641 0.539
22.069 34.849 1.181
56.787 61.572 0.123
18.192 55.203 1.601
57.068 63.721 2.132
29.763 46.168 1.580
12.623 55.246 0.516
45.095 50.238 0.972
62.346 66.001 0.802
24.157 44.845 0.509
8.119 17.873 0.765
35.622 54.013 1.914
1.770 23.387 1.484
21.790 40.708 2.408
13.522 65.998 0.565
4.096 25.387 0.939
26.184 59.202 0.358
28.616 62.391 2.054
48.328 55.482 0.614
28.474 54.789 0.393
47.880 54.674 1.570
16.844 61.297 1.365
46.714 47.561 0.494
19.731 48.869 1.134
22.848 52.599 0.712
24.393 42.848 0.854
60.109 65.311 2.254
52.910 59.789 2.166
45.142 54.868 1.597
14.985 45.463 2.050
10.846 30.205 1.109
17.745 22.883 2.591
59.371 67.188 1.567
0.850 32.452 1.325
34.993 60.628 0.533
2.951 28.080 2.549
53.314 59.461 1.503
2.063 28.642 1.018
52.263 59.272 1.951
44.115 65.923 1.119
24.665 60.613 1.744
24.511 42.150 0.102
49.080 55.861 1.116
9.217 61.500 0.847
7.905 50.829 1.094
14.465 50.561 0.689
32.753 62.996 1.167
43.792 54.485 1.265
31.282 50.630 1.735
35.812 41.729 0.412
54.785 59.231 1.667
45.681 55.521 1.482
33.940 63.656 0.804
51.867 64.709 1.784
29.298 31.822 2.202
63.455 66.388 2.001
61.154 66.973 0.075
5.854 22.459 0.770
0.594 22.607 0.654
24.413 64.040 2.443
63.697 66.297 1.482
29.983 50.476 1.280
9.830 66.433 1.317
46.257 52.891 0.941
3.340 65.967 1.743
5.158 30.376 2.200
22.821 67.914 2.579
58.340 67.208 2.268
38.462 49.741 0.606
29.321 37.092 1.096
28.975 41.707 0.132
50.582 53.413 1.482
19.794 49.413 2.186
56.404 65.512 0.181
5.340 35.454 1.434
59.986 67.616 2.141
54.283 66.411 0.516
7.920 10.247 1.501
47.800 63.113 1.594
60.787 65.900 2.067
23.091 52.881 1.567
27.182 33.595 0.318
43.355 65.579 2.182
20.229 61.545 0.524
3.707 45.816 0.078
2.117 39.787 0.047
17.571 56.356 2.369
29.958 47.479 1.376
58.195 67.386 2.439
10.754 20.036 0.537
19.128 55.737 2.262
7.049 44.416 1.105
57.551 66.102 0.971
47.285 58.326 1.229
35.499 59.102 2.463
