0.063 12.831 1.465
40.437 50.616 1.521
17.515 52.886 2.330
37.330 56.866 0.453
35.525 43.895 1.335
0.749 22.494 0.238
7.366 59.401 0.431
22.285 22.769 0.310
0.446 32.569 0.982
28.559 48.264 1.565
8.312 32.559 1.724
17.606 43.426 0.148
39.166 50.999 2.087
15.098 48.350 2.278
47.795 55.487 2.407
7.117 20.480 1.201
43.112 56.399 0.545
42.183 59.995 2.592
30.575 39.157 1.020
14.864 18.068 2.184
18.793 46.776 0.241
2.811 55.358 0.023
13.794 41.251 0.710
34.559 53.637 2.178
24.247 50.975 0.534
23.423 58.201 1.191
37.222 50.980 0.282
19.262 44.817 1.911
28.620 34.173 0.939
11.255 50.609 1.105
25.855 52.156 2.574
17.278 45.510 0.439
24.595 49.420 0.165
25.240 58.267 0.383
7.079 44.470 2.353
15.152 19.340 1.109
48.331 51.623 1.776
43.863 54.148 2.136
9.568 50.865 0.463
23.763 42.224 0.404
36.601 43.902 1.055
28.437 52.727 1.774
36.096 40.120 1.236
18.390 21.945 2.170
25.851 41.395 1.724
5.234 55.889 2.468
27.477 43.294 0.900
18.749 33.325 2.202
22.805 59.379 0.707
14.890 41.312 1.922
9.799 52.258 1.979
19.883 55.737 1.302
1.373 36.048 2.586
2.525 14.793 1.381
42.152 54.447 1.630
9.893 17.992 2.190
5.496 23.939 1.932
47.053 51.901 0.744
7.013 51.552 1.906
35.400 54.176 1.561
12.636 13.088 0.376
3.050 51.916 2.096
10.529 38.031 0.301
0.713 27.821 0.296
37.611 50.593 1.784
3.694 15.971 1.135
34.811 46.236 0.755
11.621 38.089 1.502
31.434 46.042 0.416
48.152 59.245 1.809
9.497 19.222 0.873
49.759 59.982 1.189
4.875 11.551 1.625
21.886 26.037 2.422
44.731 48.784 0.754
38.453 43.657 1.068
31.404 45.179 1.571
23.318 47.169 1.554
42.740 54.332 2.155
36.045 45.951 1.471
9.214 38.260 1.919
45.254 48.553 0.631
30.236 48.391 1.816
17.565 22.158 1.286
37.037 51.887 1.591
34.556 40.130 2.092
28.802 57.440 2.256
30.735 33.810 1.892
33.389 43.511 2.539
28.460 34.602 0.795
5.428 52.217 2.260
37.216 44.935 0.403
3.967 39.955 0.199
41.000 50.299 1.417
20.449 39.277 0.777
25.060 36.616 0.397
36.900 56.138 0.816
47.954 57.312 2.271
15.003 22.870 2.454
3.287 34.008 2.041
30.482 34.921 2.486
43.782 50.159 1.700
5.240 18.690 1.313
14.515 40.658 2.392
33.140 46.521 0.298
18.957 51.786 1.292
25.463 49.540 0.994
26.608 40.757 1.576
0.295 7.957 1.840
31.153 46.473 2.244
37.367 46.771 1.292
39.268 47.595 1.437
47.786 51.293 1.640
18.712 49.488 0.342
47.586 49.478 1.591
16.492 44.355 0.145
6.581 53.051 2.202
29.844 55.870 1.876
0.734 42.785 0.329
30.857 33.308 0.566
8.446 27.094 1.623
15.970 45.398 0.956
40.120 51.581 2.098
30.555 57.279 2.075
7.241 29.451 1.638
12.685 53.200 0.355
3.308 36.287 1.112
15.114 26.342 1.425
15.567 51.526 0.288
6.735 48.870 0.739
44.761 56.622 2.053
30.761 55.943 0.939
11.425 24.300 2.245
12.477 59.301 1.410
2.690 32.860 0.212
21.340 31.528 0.246
44.577 47.354 0.605
6.255 12.789 2.422
2.355 21.848 0.153
45.735 52.497 1.036
47.308 55.102 2.177
42.105 50.308 1.803
12.958 37.688 0.011
47.740 51.483 1.037
29.278 50.502 0.663
47.264 58.726 1.132
0.359 37.211 2.447
39.308 43.541 1.499
11.116 12.317 0.996
20.896 46.775 0.214
42.755 56.774 0.169
33.103 55.048 1.798
26.507 32.817 1.783
34.475 54.747 1.893
1.553 40.026 2.259
35.328 49.046 0.222
47.395 50.972 0.153
7.259 40.928 2.553
14.612 32.811 2.398
34.727 39.147 0.568
12.027 55.445 1.356
5.321 30.784 2.347
4.006 15.309 2.033
48.720 58.799 2.017
10.532 11.900 1.187
37.532 46.801 0.297
15.557 19.752 2.581
12.604 24.714 0.492
7.675 54.187 1.613
46.954 57.238 0.509
32.278 57.636 1.708
22.773 48.303 2.395
7.538 38.129 1.654
21.102 43.256 2.452
28.928 37.899 1.395
19.848 22.196 0.911
39.763 41.660 0.511
19.471 23.772 1.536
9.883 42.320 0.405
22.716 49.192 1.571
22.065 38.181 1.780
41.786 46.654 1.540
47.473 53.765 2.278
49.373 58.942 0.482
28.722 48.772 1.149
35.426 42.535 0.129
13.010 55.192 1.060
35.510 57.651 1.894
19.678 56.223 1.033
15.430 41.294 1.009
17.678 49.709 1.908
36.819 41.703 1.923
10.009 44.251 0.709
45.557 53.495 0.956
5.469 18.423 2.359
25.898 41.808 1.703
34.382 36.637 0.235
3.789 23.795 0.072
15.361 23.285 1.813
19.742 47.003 0.176
36.247 52.890 0.517
30.786 47.454 1.703
4.915 8.996 1.418
48.729 59.698 1.206
36.393 52.886 1.380
34.640 45.087 0.967
2.498 13.996 2.105
3.041 47.898 0.807
10.623 34.986 0.837
0.458 31.260 1.144
30.297 43.391 1.972
17.490 57.674 2.191
31.166 35.162 2.593
28.143 41.841 2.245
15.320 17.233 0.739
30.628 32.173 1.017
1.552 51.865 1.185
46.838 56.696 1.045
30.580 56.597 2.102
29.130 32.994 1.547
39.659 52.165 1.202
29.472 54.657 1.480
33.638 34.791 0.893
13.366 24.871 0.888
38.551 57.335 0.967
5.843 40.604 1.887
44.697 53.114 0.476
45.100 59.552 2.028
9.868 50.319 2.344
47.670 58.890 2.207
31.436 49.243 0.482
13.250 47.655 0.652
39.405 54.235 0.444
24.047 53.086 0.212
42.767 48.290 0.324
28.666 52.837 1.230
9.593 59.759 1.892
0.768 42.254 1.684
8.707 22.947 0.187
33.831 49.365 2.181
18.561 29.752 2.027
31.912 38.138 0.602
48.552 49.530 0.733
38.461 39.849 0.395
0.462 39.120 0.906
17.162 35.634 1.078
4.534 43.746 1.417
16.900 54.878 1.710
26.774 29.970 1.482
23.289 39.345 0.676
43.167 45.793 1.265
28.291 53.384 1.844
43.211 49.694 2.211
43.219 56.176 1.677
41.432 57.877 1.991
45.416 54.162 2.373
22.008 35.639 0.280
41.153 45.277 1.112
0.043 46.810 1.709
3.186 25.241 0.234
34.194 39.947 2.100
7.143 25.521 0.126
0.928 40.081 2.544
2.683 40.082 2.377
21.586 30.946 0.055
19.597 51.558 1.700
1.141 11.140 2.148
31.713 59.557 1.431
23.171 34.636 0.558
39.108 49.611 0.891
30.401 59.543 0.267
37.791 48.141 0.392
35.582 55.101 2.597
32.083 58.582 1.615
34.408 49.249 0.753
14.519 47.328 1.425
12.322 36.531 1.421
47.603 57.498 1.742
31.169 54.431 1.159
37.277 43.972 2.571
31.474 49.308 2.366
45.920 53.482 1.314
22.486 57.902 2.312
9.146 19.992 0.655
36.525 52.116 2.447
2.068 5.677 1.668
27.818 42.965 1.416
3.069 12.600 2.590
30.045 35.330 0.131
33.012 42.130 0.864
32.679 44.970 1.067
11.081 20.694 1.764
24.877 53.332 1.320
21.754 34.746 0.012
18.795 52.943 0.334
36.665 52.503 2.317
32.530 53.048 1.338
36.859 48.968 2.488
18.163 56.039 0.292
41.061 44.173 1.182
43.472 46.021 1.980
20.833 25.756 2.434
8.243 14.779 0.549
29.556 48.496 0.308
29.005 52.161 1.795
45.782 51.248 1.741
40.443 59.954 0.983
38.626 42.712 0.531
19.413 43.191 0.471
9.781 21.357 2.496
19.086 24.724 0.790
9.908 48.565 0.120
38.052 40.377 2.291
22.431 52.764 1.109
23.067 51.066 1.287
11.925 17.703 1.454
46.101 58.345 2.324
2.982 39.489 1.276
37.361 44.614 1.966
45.495 50.039 2.059
27.642 44.602 0.133
39.518 41.798 1.831
36.587 58.115 1.439
43.777 50.171 2.072
19.747 23.051 1.253
32.598 53.659 0.002
37.809 41.726 0.571
2.876 6.430 1.744
17.293 51.746 1.814
21.813 47.013 2.552
14.765 54.472 1.240
3.964 12.215 0.263
7.150 25.116 2.387
18.691 22.635 2.116
40.710 58.094 0.624
12.825 23.193 0.700
11.469 54.201 2.200
44.385 54.757 2.196
2.045 13.062 0.451
17.795 26.558 1.168
44.723 53.805 1.620
45.584 56.483 1.359
49.966 59.004 2.520
42.010 48.984 0.381
14.219 58.810 0.445
37.091 39.604 1.863
32.252 53.230 2.113
40.909 54.724 0.324
18.754 56.655 1.690
44.484 56.504 0.084
22.443 31.044 0.020
20.923 56.869 0.407
25.085 51.583 0.631
45.326 46.334 0.555
38.559 50.756 0.593
40.320 48.326 2.215
26.946 56.018 2.579
32.344 54.934 0.592
18.552 20.922 0.954
28.065 32.801 1.034
16.247 26.929 2.337
47.009 58.092 0.325
44.697 48.997 1.158
31.738 49.922 1.456
21.183 54.732 0.043
6.981 22.953 0.695
34.083 58.993 1.460
30.361 44.073 2.049
40.919 45.172 1.923
25.826 26.117 0.052
37.416 57.875 0.868
23.113 26.872 1.997
31.549 50.984 0.063
48.454 56.992 1.301
13.297 44.252 2.138
29.861 55.412 0.685
23.003 37.273 1.945
0.725 38.323 1.239
20.194 22.263 0.997
14.441 54.890 1.552
21.609 37.806 2.422
26.656 59.142 0.026
43.260 55.314 1.137
16.648 39.046 1.566
27.981 40.154 0.101
11.652 53.551 2.437
48.206 55.752 1.583
3.822 21.709 1.058
24.929 55.635 0.208
15.213 57.131 2.032
29.421 38.367 0.562
28.036 37.734 2.273
15.070 54.259 1.891
11.554 33.474 0.496
44.517 46.413 1.493
49.762 56.160 0.154
12.847 18.713 0.442
11.574 58.105 1.287
2.464 22.029 0.207
13.987 37.242 1.340
20.614 45.246 2.404
14.608 33.580 1.237
47.566 58.183 1.426
39.721 52.592 2.084
43.504 59.047 0.827
13.396 47.583 2.453
6.381 32.799 2.015
8.795 10.993 0.069
22.739 29.748 2.242
0.723 49.344 0.553
39.860 53.814 2.027
14.937 56.622 2.032
42.106 51.347 0.631
1.151 3.159 0.197
17.811 36.198 1.860
9.021 18.938 0.775
37.245 38.900 0.350
26.281 53.663 0.933
7.941 16.834 2.340
1.462 49.437 0.472
12.461 29.921 1.484
26.997 55.958 1.729
46.626 50.232 2.458
7.662 49.836 1.451
44.757 58.078 0.189
41.121 51.937 1.010
33.598 41.869 1.172
47.473 57.288 2.554
29.740 34.348 0.708
9.897 35.115 1.561
17.766 38.284 0.598
34.590 52.454 2.465
49.129 55.012 0.618
11.791 36.345 2.335
16.323 41.853 1.397
16.826 24.884 0.905
14.508 56.533 0.570
36.984 52.688 2.098
34.335 54.180 0.702
3.221 52.262 1.877
17.078 37.925 0.115
1.039 38.339 2.179
27.029 46.456 1.571
38.868 54.096 1.664
37.997 43.374 2.257
21.175 24.008 2.045
21.918 41.253 0.110
13.463 24.992 0.178
49.103 56.317 1.317
3.551 57.532 0.956
43.004 47.780 0.877
14.476 59.669 0.133
8.623 20.072 0.179
15.046 44.966 2.046
4.184 12.392 0.683
10.877 20.835 1.463
31.614 44.645 0.278
37.942 40.026 0.868
14.125 54.415 1.805
28.379 33.022 2.258
39.770 53.565 2.599
30.943 48.807 1.546
9.713 23.311 2.545
2.115 17.346 0.622
20.341 32.650 2.067
45.003 56.183 0.987
10.324 40.411 0.138
17.699 46.273 0.939
48.802 58.894 0.581
17.348 46.547 2.479
10.083 28.299 0.734
26.600 34.537 0.757
4.981 44.089 0.277
42.190 57.095 1.747
0.288 36.897 1.278
46.767 55.082 0.756
37.346 58.211 2.272
41.505 48.239 1.575
39.212 50.670 0.390
34.452 59.833 1.026
5.097 7.644 1.070
34.371 39.262 0.673
11.432 53.376 0.491
38.165 48.780 0.124
2.808 9.956 2.499
28.274 47.548 2.503
43.933 51.045 1.063
20.675 53.356 1.712
47.259 48.022 0.736
30.813 50.006 0.129
21.097 45.576 2.482
10.044 27.767 1.077
31.156 33.388 2.102
5.263 21.159 1.025
15.839 53.845 2.143
15.577 40.886 0.514
23.453 40.753 2.587
18.424 35.095 1.089
29.022 40.986 2.282
19.669 41.417 2.473
