0.035 7.396 1.465
22.645 27.925 1.521
9.808 28.481 2.330
20.905 30.499 0.453
19.894 24.503 1.335
0.420 12.080 0.238
4.125 31.685 0.431
12.479 12.879 0.310
0.250 17.590 0.982
15.993 26.327 1.565
4.655 17.928 1.724
9.859 23.372 0.148
21.933 28.169 2.087
8.455 26.187 2.278
26.765 30.697 2.407
3.985 11.497 1.201
24.143 30.389 0.545
23.622 31.998 2.592
17.122 21.831 1.020
8.324 11.019 2.184
10.524 25.145 0.241
1.574 29.531 0.023
7.725 22.289 0.710
19.353 29.137 2.178
13.578 27.416 0.534
13.117 31.100 1.191
20.844 27.640 0.282
10.787 24.452 1.911
16.027 19.245 0.939
6.303 27.153 1.105
14.479 28.286 2.574
9.676 24.500 0.439
13.773 26.577 0.165
14.135 31.119 0.383
3.964 24.113 2.353
8.485 11.171 1.109
27.065 29.325 1.776
24.563 29.785 2.136
5.358 27.214 0.463
13.307 22.928 0.404
20.496 24.472 1.055
15.925 28.508 1.774
20.214 22.747 1.236
10.299 13.154 2.170
14.476 22.934 1.724
2.931 29.909 2.468
15.387 23.699 0.900
10.499 18.817 2.202
12.771 31.685 0.707
8.338 22.593 1.922
5.488 28.061 1.979
11.134 29.851 1.302
0.769 19.757 2.586
1.414 8.463 1.381
23.605 29.684 1.630
5.540 10.723 2.190
3.078 13.487 1.932
26.350 28.744 0.744
3.927 27.673 1.906
19.824 29.317 1.561
7.076 7.492 0.376
1.708 27.845 2.096
5.896 20.471 0.301
0.399 14.923 0.296
21.062 27.821 1.784
2.069 9.019 1.135
19.494 25.381 0.755
6.508 20.787 1.502
17.603 25.068 0.416
26.965 31.757 1.809
5.319 10.795 0.873
27.865 31.994 1.189
2.730 6.965 1.625
12.256 15.517 2.422
25.049 27.212 0.754
21.534 24.500 1.068
17.586 24.957 1.571
13.058 25.649 1.554
23.934 29.782 2.155
20.185 25.537 1.471
5.160 20.913 1.919
25.342 27.112 0.631
16.932 26.495 1.816
9.836 12.800 1.286
20.741 28.330 1.591
19.351 23.017 2.092
16.129 30.796 2.256
17.212 19.661 1.892
18.698 24.627 2.539
15.938 19.388 0.795
3.040 28.027 2.260
20.841 24.760 0.403
2.222 21.381 0.199
22.960 27.794 1.417
11.451 21.433 0.777
14.034 20.106 0.397
20.664 30.177 0.816
26.854 31.209 2.271
8.402 13.546 2.454
1.841 18.632 2.041
17.070 20.455 2.486
24.518 28.080 1.700
2.934 10.550 1.313
8.128 22.359 2.392
18.558 25.330 0.298
10.616 27.848 1.292
14.259 26.778 0.994
14.900 22.611 1.576
0.165 5.023 1.840
17.446 25.741 2.244
20.925 25.936 1.292
21.990 26.489 1.437
26.760 29.036 1.640
10.479 26.563 0.342
26.648 28.344 1.591
9.236 23.839 0.145
3.686 28.457 2.202
16.713 30.042 1.876
0.411 22.869 0.329
17.280 18.779 0.566
4.730 15.098 1.623
8.943 24.508 0.956
22.467 28.480 2.098
17.111 30.726 2.075
4.055 16.279 1.638
7.104 28.446 0.355
1.853 19.612 1.112
8.464 14.876 1.425
8.718 27.586 0.288
3.772 26.175 0.739
25.066 30.750 2.053
17.226 30.017 0.939
6.398 14.002 2.245
6.987 31.642 1.410
1.507 17.606 0.212
11.950 17.322 0.246
24.963 26.511 0.605
3.503 8.014 2.422
1.319 11.741 0.153
25.612 28.964 1.036
26.493 30.449 2.177
23.579 28.014 1.803
7.257 20.267 0.011
26.734 28.791 1.037
16.396 27.279 0.663
26.468 31.517 1.132
0.201 20.304 2.447
22.012 24.721 1.499
6.225 7.327 0.996
11.702 25.170 0.214
23.943 30.510 0.169
18.538 29.699 1.798
14.844 18.821 1.783
19.306 29.599 1.893
0.870 21.737 2.259
19.784 26.627 0.222
26.541 28.153 0.153
4.065 22.354 2.553
8.183 18.453 2.398
19.447 21.884 0.568
6.735 29.664 1.356
2.980 17.109 2.347
2.243 9.039 2.033
27.283 31.650 2.017
5.898 7.179 1.187
21.018 25.639 0.297
8.712 12.091 2.581
7.058 13.606 0.492
4.298 29.009 1.613
26.294 30.855 0.509
18.076 30.890 1.708
12.753 26.341 2.395
4.221 20.754 1.654
11.817 23.854 2.452
16.200 21.272 1.395
11.115 12.757 0.911
22.267 23.426 0.511
10.904 13.827 1.536
5.535 22.731 0.405
12.721 26.641 1.571
12.356 21.220 1.780
23.400 26.349 1.540
26.585 30.091 2.278
27.649 31.596 0.482
16.085 26.497 1.149
19.838 23.404 0.129
7.286 29.524 1.060
19.885 30.938 1.894
11.020 30.082 1.033
8.641 22.402 1.009
9.900 26.858 1.908
20.619 23.859 1.923
5.605 23.792 0.709
25.512 29.332 0.956
3.063 10.819 2.359
14.503 23.132 1.703
19.254 20.485 0.235
2.122 12.778 0.072
8.602 13.495 1.813
11.056 25.266 0.176
20.298 28.578 0.517
17.240 26.046 1.703
2.752 5.551 1.418
27.288 31.895 1.206
20.380 28.723 1.380
19.398 24.887 0.967
1.399 8.336 2.105
1.703 25.644 0.807
5.949 19.006 0.837
0.256 16.940 1.144
16.966 24.177 1.972
9.794 30.846 2.191
17.453 20.685 2.593
15.760 23.418 2.245
8.579 9.924 0.739
17.152 18.426 1.017
0.869 27.746 1.185
26.229 30.711 1.045
17.125 30.409 2.102
16.313 18.977 1.547
22.209 28.484 1.202
16.504 29.422 1.480
18.837 19.856 0.893
7.485 13.857 0.888
21.589 30.771 0.967
3.272 22.040 1.887
25.031 28.984 0.476
25.256 31.836 2.028
5.526 27.112 2.344
26.695 31.660 2.207
17.604 26.670 0.482
7.420 25.592 0.652
22.067 29.285 0.444
13.466 28.456 0.212
23.950 26.649 0.324
16.053 28.498 1.230
5.372 31.877 1.892
0.430 22.784 1.684
4.876 12.470 0.187
18.946 27.179 2.181
