0.010 3.044 1.127
6.470 9.252 1.170
2.802 9.865 1.792
5.973 10.340 0.348
5.684 8.015 1.027
0.120 4.201 0.183
1.179 10.891 0.332
3.566 3.837 0.238
0.071 6.236 0.756
4.569 8.947 1.204
1.330 6.417 1.326
2.817 7.834 0.114
6.267 9.498 1.605
2.416 9.133 1.752
7.647 10.308 1.851
1.139 4.166 0.924
6.898 10.189 0.419
6.749 10.999 1.994
4.892 7.094 0.785
2.378 4.223 1.680
3.007 8.480 0.185
0.450 10.145 0.018
2.207 7.601 0.546
5.529 9.962 1.675
3.880 9.281 0.411
3.748 10.678 0.916
5.956 9.064 0.217
3.082 8.479 1.470
4.579 6.165 0.723
1.801 9.354 0.850
4.137 9.787 1.980
2.764 8.294 0.338
3.935 8.917 0.127
4.038 10.664 0.295
1.133 8.526 1.810
2.424 3.821 0.853
7.733 9.391 1.366
7.018 10.023 1.643
1.531 9.334 0.356
3.802 7.584 0.311
5.856 7.879 0.811
4.550 9.758 1.364
5.775 7.252 0.951
2.942 4.836 1.669
4.136 7.822 1.326
0.837 10.350 1.899
4.396 7.877 0.692
3.000 6.692 1.694
3.649 10.884 0.544
2.382 7.911 1.478
1.568 9.730 1.523
3.181 10.251 1.002
0.220 7.243 1.989
0.404 3.317 1.063
6.744 9.972 1.254
1.583 4.221 1.684
0.879 5.077 1.486
7.529 9.076 0.572
1.122 9.609 1.466
5.664 9.955 1.200
2.022 2.325 0.289
0.488 9.688 1.612
1.685 6.941 0.231
0.114 5.186 0.228
6.018 9.352 1.372
0.591 3.390 0.873
5.570 8.268 0.581
1.859 7.268 1.156
5.029 8.198 0.320
7.704 10.857 1.392
1.520 3.762 0.672
7.961 10.996 0.915
0.780 2.877 1.250
3.502 5.638 1.863
7.157 8.479 0.580
6.153 7.787 0.821
5.025 8.386 1.208
3.731 8.781 1.196
6.838 10.060 1.658
5.767 8.437 1.132
