0.016 4.209 1.127
10.514 14.235 1.170
4.554 15.112 1.792
9.706 16.020 0.348
9.237 12.311 1.027
0.195 6.436 0.183
1.915 16.831 0.332
5.794 6.083 0.238
0.116 9.446 0.756
7.425 13.712 1.204
2.161 9.579 1.326
4.578 12.171 0.114
10.183 14.498 1.605
3.925 13.905 1.752
12.427 15.746 1.851
1.850 6.122 0.924
11.209 15.816 0.419
10.967 16.999 1.994
7.949 10.935 0.785
3.865 5.817 1.680
4.886 13.150 0.185
0.731 15.680 0.018
3.587 11.697 0.546
8.985 15.266 1.675
6.304 14.364 0.411
6.090 16.492 0.916
9.678 14.151 0.217
5.008 12.886 1.470
7.441 9.503 0.723
2.926 14.393 0.850
6.722 14.938 1.980
4.492 12.830 0.338
6.395 13.854 0.127
6.562 16.489 0.295
1.840 12.900 1.810
3.940 5.652 0.853
12.566 14.402 1.366
11.404 15.348 1.643
2.488 14.412 0.356
6.178 11.786 0.311
