0.036 7.590 1.465
23.453 28.826 1.521
10.158 29.366 2.330
21.652 31.463 0.453
20.605 25.302 1.335
0.435 12.454 0.238
4.272 32.675 0.431
12.925 13.327 0.310
0.258 18.126 0.982
16.564 27.158 1.565
4.821 18.470 1.724
10.212 24.118 0.148
22.716 29.064 2.087
8.757 26.996 2.278
27.721 31.677 2.407
4.128 11.841 1.201
25.005 31.358 0.545
24.466 32.998 2.592
17.733 22.546 1.020
8.621 11.332 2.184
10.900 25.944 0.241
1.630 30.454 0.023
8.001 22.990 0.710
20.044 30.052 2.178
14.063 28.284 0.534
13.585 32.073 1.191
21.589 28.537 0.282
11.172 25.212 1.911
16.600 19.882 0.939
6.528 28.000 1.105
14.996 29.166 2.574
10.021 25.276 0.439
14.265 27.425 0.165
14.639 32.094 0.383
4.106 24.849 2.353
8.788 11.523 1.109
28.032 30.297 1.776
25.440 30.733 2.136
5.549 28.066 0.463
13.783 23.667 0.404
21.228 25.279 1.055
16.494 29.403 1.774
20.936 23.503 1.236
10.666 13.544 2.170
14.993 23.657 1.724
3.036 30.838 2.468
15.937 24.461 0.900
10.874 19.390 2.202
13.227 32.675 0.707
8.636 23.289 1.922
5.684 28.932 1.979
11.532 30.785 1.302
0.797 20.341 2.586
1.465 8.698 1.381
24.448 30.630 1.630
5.738 11.019 2.190
3.188 13.876 1.932
27.291 29.705 0.744
4.068 28.530 1.906
20.532 30.243 1.561
7.329 7.746 0.376
1.769 28.706 2.096
6.107 21.119 0.301
0.413 15.386 0.296
21.814 28.708 1.784
2.143 9.280 1.135
20.190 26.209 0.755
6.740 21.428 1.502
18.232 25.883 0.416
27.928 32.755 1.809
5.508 11.129 0.873
28.860 32.994 1.189
2.828 7.148 1.625
12.694 15.982 2.422
25.944 28.130 0.754
22.303 25.316 1.068
18.214 25.753 1.571
13.524 26.454 1.554
24.789 30.728 2.155
20.906 26.362 1.471
5.344 21.550 1.919
26.248 28.035 0.631
17.537 27.331 1.816
10.188 13.204 1.286
21.482 29.231 1.591
20.043 23.755 2.092
16.705 31.758 2.256
17.826 20.292 1.892
19.365 25.400 2.539
16.507 20.032 0.795
3.148 28.895 2.260
21.585 25.588 0.403
2.301 22.050 0.199
23.780 28.695 1.417
11.860 22.117 0.777
14.535 20.769 0.397
21.402 31.131 0.816
27.813 32.198 2.271
8.702 13.935 2.454
1.906 19.188 2.041
17.679 21.093 2.486
25.393 28.996 1.700
3.039 10.858 1.313
8.418 23.041 2.392
19.221 26.159 0.298
10.995 28.720 1.292
14.769 27.625 0.994
15.432 23.328 1.576
0.171 5.129 1.840
18.069 26.549 2.244
21.673 26.779 1.292
22.776 27.351 1.437
27.716 29.999 1.640
10.853 27.402 0.342
27.600 29.297 1.591
9.565 24.598 0.145
3.817 29.339 2.202
17.310 30.983 1.876
0.426 23.581 0.329
17.897 19.422 0.566
4.899 15.550 1.623
9.263 25.277 0.956
23.269 29.386 2.098
17.722 31.688 2.075
4.199 16.768 1.638
7.357 29.338 0.355
1.919 20.214 1.112
8.766 15.336 1.425
9.029 28.454 0.288
3.907 26.992 0.739
25.962 31.723 2.053
17.841 30.962 0.939
6.626 14.408 2.245
7.237 32.631 1.410
1.560 18.157 0.212
12.377 17.897 0.246
25.855 27.418 0.605
3.628 8.209 2.422
1.366 12.109 0.153
26.526 29.916 1.036
27.439 31.424 2.177
24.421 28.919 1.803
7.516 20.915 0.011
27.689 29.756 1.037
16.981 28.148 0.663
27.413 32.511 1.132
0.208 20.909 2.447
22.799 25.537 1.499
6.447 7.553 0.996
12.120 25.972 0.214
24.798 31.482 0.169
19.200 30.632 1.798
15.374 19.418 1.783
19.996 30.530 1.893
0.901 22.392 2.259
20.490 27.495 0.222
27.489 29.115 0.153
4.210 23.029 2.553
8.475 19.006 2.398
20.142 22.626 0.568
6.976 30.589 1.356
3.086 17.610 2.347
2.323 9.277 2.033
28.257 32.647 2.017
6.109 7.392 1.187
21.768 26.490 0.297
9.023 12.429 2.581
7.310 14.044 0.492
4.452 29.912 1.613
27.233 31.841 0.509
18.721 31.858 1.708
13.208 27.158 2.395
4.372 21.389 1.654
12.239 24.588 2.452
16.779 21.958 1.395
11.512 13.176 0.911
23.062 24.236 0.511
11.293 14.260 1.536
5.732 23.446 0.405
13.176 27.476 1.571
12.798 21.882 1.780
24.236 27.218 1.540
27.534 31.061 2.278
28.636 32.595 0.482
16.659 27.339 1.149
20.547 24.195 0.129
7.546 30.446 1.060
20.596 31.907 1.894
11.413 31.024 1.033
8.949 23.105 1.009
10.253 27.693 1.908
21.355 24.632 1.923
5.805 24.536 0.709
26.423 30.289 0.956
3.172 11.109 2.359
15.021 23.861 1.703
19.942 21.197 0.235
2.198 13.182 0.072
8.910 13.901 1.813
11.451 26.070 0.176
21.023 29.493 0.517
17.856 26.871 1.703
2.851 5.694 1.418
28.263 32.894 1.206
21.108 29.636 1.380
20.091 25.699 0.967
1.449 8.547 2.105
1.764 26.442 0.807
6.162 19.601 0.837
0.266 17.453 1.144
17.572 24.941 1.972
10.144 31.808 2.191
18.076 21.328 2.593
16.323 24.150 2.245
8.886 10.249 0.739
17.764 19.046 1.017
0.900 28.608 1.185
27.166 31.694 1.045
17.736 31.360 2.102
16.895 19.593 1.547
23.002 29.399 1.202
17.094 30.346 1.480
19.510 20.532 0.893
7.752 14.294 0.888
22.360 31.741 0.967
3.389 22.712 1.887
25.924 29.935 0.476
26.158 32.833 2.028
5.724 27.949 2.344
27.649 32.655 2.207
18.233 27.528 0.482
7.685 26.395 0.652
22.855 30.225 0.444
13.947 29.355 0.212
24.805 27.549 0.324
16.626 29.396 1.230
5.564 32.873 1.892
0.445 23.481 1.684
5.050 12.871 0.187
19.622 28.036 2.181
10.766 17.491 2.027
18.509 21.953 0.602
28.160 28.987 0.733
22.307 23.186 0.395
0.268 21.666 0.906
9.954 20.182 1.078
2.629 24.293 1.417
9.802 30.341 1.710
15.529 17.874 1.482
13.507 22.214 0.676
25.037 26.888 1.265
16.409 29.733 1.844
25.062 28.952 2.211
25.067 31.416 1.677
24.031 32.106 1.991
26.341 30.951 2.373
12.765 20.109 0.280
23.869 26.343 1.112
0.025 25.920 1.709
1.848 14.006 0.234
19.833 23.638 2.100
4.143 14.214 0.126
0.538 22.458 2.544
1.556 22.462 2.377
12.520 17.530 0.055
11.367 28.652 1.700
0.662 6.989 2.148
18.394 32.782 1.431
13.439 19.712 0.558
22.683 28.104 0.891
17.633 32.765 0.267
21.919 27.190 0.392
20.637 30.808 2.597
18.608 32.311 1.615
19.957 27.680 0.753
8.421 26.340 1.425
7.147 20.604 1.421
27.610 32.143 1.742
18.078 30.230 1.159
21.621 25.994 2.571
