0.031 6.813 1.465
20.219 25.224 1.521
8.757 25.826 2.330
18.665 27.606 0.453
17.763 22.108 1.335
0.375 10.958 0.238
3.683 28.714 0.431
11.142 11.534 0.310
0.223 15.983 0.982
14.280 23.832 1.565
4.156 16.302 1.724
8.803 21.135 0.148
19.583 25.481 2.087
7.549 23.759 2.278
23.898 27.758 2.407
3.558 10.464 1.201
21.556 27.480 0.545
21.091 28.998 2.592
15.287 19.687 1.020
7.432 10.077 2.184
9.397 22.750 0.241
1.405 26.761 0.023
6.897 20.184 0.710
17.280 26.390 2.178
12.123 24.812 0.534
11.711 28.182 1.191
18.611 24.947 0.282
9.631 22.173 1.911
14.310 17.334 0.939
5.628 24.611 1.105
12.928 25.646 2.574
8.639 22.173 0.439
12.297 24.035 0.165
12.620 28.194 0.383
3.539 21.904 2.353
7.576 10.115 1.109
24.165 26.410 1.776
21.931 26.939 2.136
4.784 24.658 0.463
11.882 20.709 0.404
18.300 22.052 1.055
14.219 25.824 1.774
18.048 20.479 1.236
9.195 11.984 2.170
12.925 20.766 1.724
2.617 27.120 2.468
13.739 21.413 0.900
9.375 17.098 2.202
11.402 28.712 0.707
7.445 20.504 1.922
4.900 25.448 1.979
9.941 27.050 1.302
0.687 18.004 2.586
1.263 7.759 1.381
21.076 26.845 1.630
4.946 9.832 2.190
2.748 12.318 1.932
23.527 25.861 0.744
3.507 25.099 1.906
17.700 26.538 1.561
6.318 6.730 0.376
1.525 25.260 2.096
5.264 18.529 0.301
0.356 13.537 0.296
18.806 25.160 1.784
1.847 8.237 1.135
17.405 22.894 0.755
5.811 18.863 1.502
15.717 22.620 0.416
24.076 28.766 1.809
4.749 9.792 0.873
24.879 28.994 1.189
2.438 6.417 1.625
10.943 14.122 2.422
22.365 24.456 0.754
19.227 22.053 1.068
15.702 22.569 1.571
11.659 23.233 1.554
21.370 26.946 2.155
18.023 23.060 1.471
4.607 19.002 1.919
22.627 24.343 0.631
15.118 23.988 1.816
8.782 11.590 1.286
18.519 25.625 1.591
17.278 20.806 2.092
14.401 27.908 2.256
15.368 17.767 1.892
16.694 22.310 2.539
14.230 17.456 0.795
2.714 25.425 2.260
18.608 22.276 0.403
1.984 19.372 0.199
20.500 25.092 1.417
10.224 19.381 0.777
12.530 18.119 0.397
18.450 27.313 0.816
23.977 28.243 2.271
7.501 12.379 2.454
1.643 16.964 2.041
15.241 18.542 2.486
21.891 25.333 1.700
2.620 9.626 1.313
7.257 20.315 2.392
16.570 22.843 0.298
9.478 25.233 1.292
12.732 24.237 0.994
13.304 20.460 1.576
0.147 4.706 1.840
15.577 23.316 2.244
18.683 23.406 1.292
19.634 23.903 1.437
23.893 26.145 1.640
9.356 24.045 0.342
23.793 25.485 1.591
8.246 21.565 0.145
3.291 25.810 2.202
14.922 27.218 1.876
0.367 20.733 0.329
15.429 16.852 0.566
4.223 13.741 1.623
7.985 22.200 0.956
20.060 25.760 2.098
15.278 27.842 2.075
3.620 14.813 1.638
6.343 25.770 0.355
1.654 17.807 1.112
7.557 13.497 1.425
7.784 24.983 0.288
3.368 23.725 0.739
22.381 27.830 2.053
15.381 27.182 0.939
5.712 12.786 2.245
6.239 28.676 1.410
1.345 15.956 0.212
10.670 15.596 0.246
22.288 23.789 0.605
3.127 7.428 2.422
1.177 10.638 0.153
22.868 26.109 1.036
23.654 27.524 2.177
21.052 25.299 1.803
6.479 18.321 0.011
23.870 25.894 1.037
14.639 24.672 0.663
23.632 28.535 1.132
0.179 18.491 2.447
19.654 22.271 1.499
5.558 6.650 0.996
10.448 22.764 0.214
21.377 27.592 0.169
16.552 26.899 1.798
13.253 17.030 1.783
17.238 26.806 1.893
0.777 19.770 2.259
17.664 24.021 0.222
23.698 25.266 0.153
3.629 20.329 2.553
7.306 16.796 2.398
17.364 19.658 0.568
