0.088 16.717 1.465
56.612 68.626 1.521
24.520 70.584 2.330
52.262 76.151 0.453
49.735 59.865 1.335
1.049 29.974 0.238
10.312 79.205 0.431
31.198 31.735 0.310
0.624 43.285 0.982
39.983 64.895 1.565
11.636 43.401 1.724
24.649 58.343 0.148
54.832 68.918 2.087
21.137 64.534 2.278
66.913 75.080 2.407
9.964 27.364 1.201
60.357 75.792 0.545
59.056 79.994 2.592
42.805 53.455 1.020
20.810 24.348 2.184
26.311 62.747 0.241
3.935 73.825 0.023
19.312 55.283 0.710
48.383 71.948 2.178
33.946 68.335 0.534
32.792 77.660 1.191
52.111 68.931 0.282
26.966 60.009 1.911
40.068 46.917 0.939
15.757 67.554 1.105
36.197 69.757 2.574
24.189 61.025 0.439
34.433 66.368 0.165
35.336 77.768 0.383
9.910 59.198 2.353
21.213 26.382 1.109
67.663 71.057 1.776
61.408 73.122 2.136
13.395 67.909 0.463
33.269 57.018 0.404
51.241 60.041 1.055
39.812 70.621 1.774
50.534 55.243 1.236
25.747 29.745 2.170
36.191 55.852 1.724
7.327 74.481 2.468
38.468 58.535 0.900
26.249 44.785 2.202
31.927 79.193 0.707
20.846 55.234 1.922
13.719 69.676 1.979
27.836 74.414 1.302
1.923 47.734 2.586
3.536 19.488 1.381
59.013 73.372 1.630
13.850 23.927 2.190
7.695 31.729 1.932
65.875 71.119 0.744
9.818 68.709 1.906
49.560 72.700 1.561
17.691 18.166 0.376
4.270 69.148 2.096
14.740 50.977 0.301
0.998 37.067 0.296
52.655 68.330 1.784
5.172 21.189 1.135
48.735 62.814 0.755
16.270 50.914 1.502
44.008 62.359 0.416
67.413 79.190 1.809
13.296 25.911 0.873
69.662 79.982 1.189
6.825 15.205 1.625
30.641 35.336 2.422
62.623 67.156 0.754
53.835 59.971 1.068
43.965 61.100 1.571
32.645 63.270 1.554
59.836 73.242 2.155
50.464 62.463 1.471
12.899 51.002 1.919
63.356 67.013 0.631
42.331 65.107 1.816
24.591 30.227 1.286
51.852 69.919 1.591
48.379 54.874 2.092
40.323 76.690 2.256
43.029 46.437 1.892
46.744 58.959 2.539
39.844 47.485 0.795
7.599 69.564 2.260
52.102 61.493 0.403
5.554 53.344 0.199
57.400 68.313 1.417
28.628 52.960 0.777
35.084 49.863 0.397
51.660 75.230 0.816
67.135 77.087 2.271
21.004 30.652 2.454
4.602 45.125 2.041
42.675 47.678 2.486
61.295 68.472 1.700
7.336 24.852 1.313
20.320 54.287 2.392
46.396 63.098 0.298
26.539 69.220 1.292
35.648 66.479 0.994
37.251 55.098 1.576
0.412 10.076 1.840
43.615 62.639 2.244
52.314 63.638 1.292
54.975 64.836 1.437
66.900 70.564 1.640
26.197 66.276 0.342
66.620 68.540 1.591
23.089 59.520 0.145
9.214 70.694 2.202
41.782 74.693 1.876
1.028 57.029 0.329
43.200 46.156 0.566
11.824 36.141 1.623
22.358 60.784 0.956
56.167 69.709 2.098
42.777 76.506 2.075
10.137 39.230 1.638
17.759 71.038 0.355
4.631 48.319 1.112
21.160 35.536 1.425
21.794 68.882 0.288
9.430 65.203 0.739
62.666 76.085 2.053
43.066 74.840 0.939
15.994 32.410 2.245
17.468 79.073 1.410
3.766 43.865 0.212
29.876 43.030 0.246
62.408 65.502 0.605
8.757 16.692 2.422
3.296 29.201 0.153
64.029 71.529 1.036
66.232 74.601 2.177
58.947 68.405 1.803
18.141 50.659 0.011
66.836 70.797 1.037
40.989 67.883 0.663
66.170 78.606 1.132
0.502 49.299 2.447
55.031 59.873 1.499
15.563 16.830 0.996
29.254 62.816 0.214
59.857 76.226 0.169
46.345 73.714 1.798
37.110 44.761 1.783
48.265 73.367 1.893
2.175 53.138 2.259
49.460 66.417 0.222
66.353 70.217 0.153
10.162 54.431 2.553
20.457 43.858 2.398
48.618 53.991 0.568
16.838 73.960 1.356
7.449 40.807 2.347
5.608 20.072 2.033
68.208 78.733 2.017
14.745 16.172 1.187
52.544 63.832 0.297
21.780 26.507 2.581
17.646 33.460 0.492
10.746 72.246 1.613
65.736 76.969 0.509
45.189 76.992 1.708
31.882 64.645 2.395
10.553 50.818 1.654
29.543 57.945 2.452
40.500 51.622 1.395
27.787 30.576 0.911
55.668 57.853 0.511
27.259 32.427 1.536
13.837 56.612 0.405
31.803 65.889 1.571
30.891 51.438 1.780
58.500 64.024 1.540
66.462 73.151 2.278
69.122 78.916 0.482
40.211 65.601 1.149
49.596 58.371 0.129
18.214 73.643 1.060
49.714 77.049 1.894
27.550 75.057 1.033
21.602 55.356 1.009
24.749 66.416 1.908
51.547 57.165 1.923
14.012 59.139 0.709
63.779 72.637 0.956
7.656 24.228 2.359
36.257 56.395 1.703
48.135 50.887 0.235
5.304 31.874 0.072
21.506 31.406 1.813
27.639 63.079 0.176
50.746 71.207 0.517
43.100 63.950 1.703
6.881 11.857 1.418
68.220 79.682 1.206
50.951 71.144 1.380
48.496 61.331 0.967
3.497 18.217 2.105
4.258 63.850 0.807
14.873 46.869 0.837
0.641 41.507 1.144
42.416 58.671 1.972
24.486 76.924 2.191
43.632 48.031 2.593
39.400 56.479 2.245
21.448 23.731 0.739
42.880 44.569 1.017
2.173 69.112 1.185
65.574 76.351 1.045
42.811 75.629 2.102
40.782 45.305 1.547
55.522 70.471 1.202
41.260 73.147 1.480
47.093 48.313 0.893
18.712 33.618 0.888
53.971 76.739 0.967
8.180 54.049 1.887
62.576 72.129 0.476
63.140 79.484 2.028
13.815 67.067 2.344
66.738 78.788 2.207
44.010 66.398 0.482
18.549 63.718 0.652
55.168 73.022 0.444
33.666 71.077 0.212
59.874 66.287 0.324
40.132 70.806 1.230
13.431 79.678 1.892
1.075 56.182 1.684
12.190 30.972 0.187
47.364 66.498 2.181
25.986 40.101 2.027
44.676 52.383 0.602
67.973 68.964 0.733
53.845 55.450 0.395
0.647 52.064 0.906
24.027 47.970 1.078
6.347 58.277 1.417
23.659 73.239 1.710
37.483 41.181 1.482
32.604 53.220 0.676
60.434 63.299 1.265
39.607 71.460 1.844
60.496 67.774 2.211
60.506 75.490 1.677
58.005 77.438 1.991
63.583 73.286 2.373
30.812 48.406 0.280
57.614 62.339 1.112
0.060 62.285 1.709
4.461 33.737 0.234
47.872 54.599 2.100
10.000 34.312 0.126
1.299 53.165 2.544
3.756 53.221 2.377
30.220 42.338 0.055
27.436 68.906 1.700
1.598 14.302 2.148
44.399 79.436 1.431
32.440 47.132 0.558
54.751 67.348 0.891
42.561 79.421 0.267
52.907 65.486 0.392
49.814 73.806 2.597
44.916 78.196 1.615
48.171 66.549 0.753
20.327 63.246 1.425
17.251 48.884 1.421
66.644 77.272 1.742
43.636 72.915 1.159
52.188 59.924 2.571
44.063 66.279 2.366
64.288 72.648 1.314
31.480 77.246 2.312
12.805 26.968 0.655
51.134 70.095 2.447
2.895 7.166 1.668
38.945 58.053 1.416
4.296 16.226 2.590
42.064 48.727 0.131
46.217 57.482 0.864
45.751 61.004 1.067
15.514 27.718 1.764
34.828 71.349 1.320
30.455 47.283 0.012
26.313 70.787 0.334
51.331 70.601 2.317
45.542 71.189 1.338
51.602 66.160 2.488
25.428 74.825 0.292
57.486 60.986 1.182
60.861 63.512 1.980
29.167 34.880 2.434
11.540 20.029 0.549
41.378 65.374 0.308
40.607 69.907 1.795
64.095 70.064 1.741
56.620 79.944 0.983
54.076 58.939 0.531
27.178 58.064 0.471
13.694 28.330 2.496
26.721 33.853 0.790
13.871 64.895 0.120
53.273 55.607 2.291
31.404 70.575 1.109
32.294 68.367 1.287
16.695 23.886 1.454
64.542 78.122 2.324
4.174 52.569 1.276
52.305 60.851 1.966
63.694 68.597 2.059
38.699 60.329 0.133
55.326 57.706 1.831
51.222 77.655 1.439
61.288 68.442 2.072
27.646 31.586 1.253
45.638 72.048 0.002
52.933 57.605 0.571
4.027 8.197 1.744
24.211 69.105 1.814
30.538 62.904 2.552
20.671 72.701 1.240
5.550 16.438 0.263
10.011 33.268 2.387
26.167 30.695 2.116
56.994 77.714 0.624
17.956 31.416 0.700
16.056 72.272 2.200
62.138 73.879 2.196
2.863 17.405 0.451
24.913 36.060 1.168
62.613 72.847 1.620
63.818 76.007 1.359
69.953 79.002 2.520
58.814 66.985 0.381
19.906 78.434 0.445
51.927 54.600 1.863
45.153 71.356 2.113
57.272 73.702 0.324
26.255 75.598 1.690
62.277 76.005 0.084
31.421 42.542 0.020
29.293 75.927 0.407
35.119 69.136 0.631
63.457 64.525 0.555
53.982 68.727 0.593
56.447 65.738 2.215
37.725 74.814 2.579
45.281 73.611 0.592
25.973 28.783 0.954
39.291 45.078 1.034
22.745 36.148 2.337
65.813 77.911 0.325
62.576 67.348 1.158
44.433 67.176 1.456
29.656 73.166 0.043
9.774 30.770 0.695
47.716 78.731 1.460
42.506 59.538 2.049
57.287 62.032 1.923
36.157 36.515 0.052
52.382 77.382 0.868
32.358 36.660 1.997
44.168 68.641 0.063
67.836 76.810 1.301
18.616 59.064 2.138
41.805 74.157 0.685
32.205 50.271 1.945
1.015 50.961 1.239
28.272 30.670 0.997
20.218 73.238 1.552
30.252 50.799 2.422
37.319 78.901 0.026
60.564 74.504 1.137
23.307 52.357 1.566
39.173 54.678 0.101
16.313 71.396 2.437
67.488 75.453 1.583
5.351 28.877 1.058
34.901 74.379 0.208
21.299 76.197 2.032
41.190 52.435 0.562
39.250 51.145 2.273
21.098 72.395 1.891
16.176 44.966 0.496
62.324 64.283 1.493
69.667 76.124 0.154
17.985 25.577 0.442
16.204 77.488 1.287
3.450 29.435 0.207
19.581 49.903 1.340
28.859 60.557 2.404
20.451 45.109 1.237
66.593 78.022 1.426
55.610 70.918 2.084
60.906 78.889 0.827
18.755 63.466 2.453
8.934 43.602 2.015
12.314 15.198 0.069
31.835 40.328 2.242
1.013 65.767 0.553
55.804 72.429 2.027
20.912 75.521 2.032
58.949 69.765 0.631
1.611 4.223 0.197
24.935 48.598 1.860
12.630 25.532 0.775
52.143 54.095 0.350
36.793 71.830 0.933
11.117 22.228 2.340
2.047 65.904 0.472
17.445 40.115 1.484
37.795 74.769 1.729
65.277 69.025 2.458
10.726 66.453 1.451
62.660 77.810 0.189
57.569 70.334 1.010
47.037 57.155 1.172
66.462 77.013 2.554
41.636 47.314 0.708
13.856 46.892 1.561
24.873 51.560 0.598
48.426 70.427 2.465
68.780 74.843 0.618
16.507 48.464 2.335
22.852 56.071 1.397
23.557 33.861 0.905
20.312 75.437 0.570
51.777 70.868 2.098
48.069 72.720 0.702
4.510 69.625 1.877
23.909 51.133 0.115
1.455 50.868 2.179
37.840 62.493 1.571
54.416 72.746 1.664
53.196 59.331 2.257
29.645 32.725 2.045
30.686 55.708 0.110
18.849 33.956 0.178
68.744 76.179 1.317
4.971 76.706 0.956
60.205 65.658 0.877
20.267 79.565 0.133
12.072 27.165 0.179
21.064 60.067 2.046
5.858 16.567 0.683
15.228 27.976 1.463
44.260 60.628 0.278
53.119 55.480 0.868
19.776 72.596 1.805
39.731 45.076 2.258
55.678 72.071 2.599
43.320 65.705 1.546
13.598 30.926 2.545
2.961 23.079 0.622
28.477 44.019 2.067
63.004 75.638 0.987
14.454 54.136 0.138
24.779 61.984 0.939
68.323 78.844 0.581
24.288 62.173 2.479
14.117 38.008 0.734
37.240 47.236 0.757
6.973 58.855 0.277
59.066 76.530 1.747
0.404 49.035 1.278
65.473 74.572 0.756
52.284 77.767 2.272
58.107 65.877 1.575
54.896 68.697 0.390
48.233 79.791 1.026
7.135 10.175 1.070
48.120 54.067 0.673
16.005 71.250 0.491
53.431 66.334 0.124
3.931 12.683 2.499
39.583 63.845 2.503
61.506 69.596 1.063
28.945 71.284 1.712
66.163 66.929 0.736
43.138 67.366 0.129
29.536 60.997 2.482
14.061 37.227 1.077
43.619 45.887 2.102
7.368 28.219 1.025
22.175 71.843 2.143
21.807 54.892 0.514
32.835 54.735 2.587
25.794 47.326 1.089
40.630 55.426 2.282
27.537 55.462 2.473
29.301 69.035 1.582
5.856 21.583 0.393
6.114 41.410 0.825
44.040 47.689 0.865
43.016 53.665 0.371
57.748 79.882 1.142
15.467 49.094 0.279
18.522 53.957 0.019
53.939 79.206 0.280
25.860 55.230 2.350
15.586 46.817 0.787
21.743 66.548 1.077
58.913 68.506 1.012
50.692 55.107 1.911
5.721 68.933 1.958
44.646 61.931 0.935
6.608 21.308 1.080
24.018 38.686 2.375
21.722 41.890 0.401
12.760 27.170 0.708
12.072 17.332 0.872
35.134 71.920 2.506
31.252 41.939 2.374
33.734 66.454 1.227
17.402 36.529 2.435
20.968 69.738 2.138
44.093 46.404 2.067
18.267 77.132 0.753
60.162 74.591 1.345
17.932 49.642 2.395
6.548 14.164 2.148
19.784 58.875 0.998
36.056 43.204 1.122
68.248 68.502 0.194
64.035 76.356 1.070
13.136 41.581 0.264
47.456 74.520 1.371
58.603 69.644 0.706
60.931 79.454 0.387
37.686 41.046 0.574
14.324 27.408 0.514
13.967 54.168 2.488
51.715 71.189 0.765
55.029 78.384 2.395
59.103 61.909 0.673
4.332 17.557 2.350
62.493 79.282 0.934
26.710 63.462 0.862
62.128 70.431 0.988
47.225 63.409 0.694
36.949 71.566 2.085
52.243 75.438 1.265
39.133 53.794 0.725
3.790 62.492 2.369
25.794 37.824 0.734
22.720 73.234 0.130
17.417 27.382 1.050
61.269 76.290 1.581
13.779 64.504 1.174
30.333 70.617 1.655
12.211 77.536 0.839
49.658 75.910 0.514
3.311 7.938 1.932
9.158 48.408 0.214
39.827 49.702 1.386
5.403 10.952 0.792
28.789 41.938 0.348
57.445 64.473 1.323
69.156 72.569 2.383
19.910 49.181 1.838
20.632 52.232 0.896
56.778 59.596 1.345
58.045 61.613 1.441
35.670 68.407 2.461
33.175 76.297 1.173
38.419 75.302 0.950
46.180 63.497 0.319
7.870 47.616 0.727
55.390 76.644 0.960
52.104 62.910 1.206
30.946 50.486 1.523
44.243 62.249 1.450
58.567 59.253 0.483
7.648 23.776 0.106
17.917 62.159 1.067
30.991 57.812 0.346
59.974 65.985 2.097
64.668 67.562 0.815
42.480 78.334 0.027
37.607 39.126 1.006
16.595 55.098 2.303
10.681 47.801 0.043
64.170 69.039 1.697
28.389 35.667 2.511
27.971 46.291 1.316
22.989 38.504 1.626
20.297 74.091 1.387
33.465 65.134 0.853
32.224 52.834 1.515
64.561 74.929 0.315
