0.080 14.391 1.465
51.759 60.344 1.521
22.419 60.338 2.330
47.783 65.212 0.453
45.472 53.250 1.335
0.959 25.543 0.238
9.428 67.333 0.431
28.524 29.017 0.310
0.570 36.880 0.982
36.556 56.262 1.565
10.639 37.443 1.724
22.536 50.222 0.148
50.132 60.423 2.087
19.325 55.318 2.278
61.178 65.966 2.407
9.110 23.887 1.201
55.183 65.296 0.545
53.994 67.997 2.592
39.136 47.569 1.020
19.026 22.321 2.184
24.055 53.893 0.241
3.598 62.772 0.023
17.657 47.546 0.710
44.236 62.096 2.178
31.036 58.664 0.534
29.981 66.128 1.191
47.644 59.951 0.282
24.655 51.798 1.911
36.634 42.185 0.939
14.407 57.654 1.105
33.095 59.967 2.574
22.116 52.426 0.439
31.481 57.085 0.165
32.308 66.220 0.383
9.061 50.622 2.353
19.395 23.847 1.109
61.863 64.308 1.776
56.144 63.938 2.136
12.246 57.892 0.463
30.417 49.556 0.404
46.849 53.522 1.055
36.400 60.718 1.774
46.203 49.968 1.236
23.540 27.194 2.170
33.089 48.958 1.724
6.699 63.375 2.468
35.171 51.132 0.900
23.999 39.446 2.202
29.190 67.351 0.707
19.059 47.654 1.922
12.543 59.414 1.979
25.450 63.470 1.302
1.758 40.793 2.586
3.233 16.915 1.381
53.955 63.749 1.630
12.662 21.407 2.190
7.035 27.508 1.932
60.228 63.336 0.744
8.977 58.554 1.906
45.312 62.659 1.561
16.174 16.633 0.376
3.904 58.863 2.096
13.477 43.774 0.301
0.912 31.566 0.296
48.142 59.748 1.784
4.729 18.412 1.135
44.558 55.220 0.755
14.875 43.871 1.502
40.236 54.439 0.416
61.635 67.657 1.809
12.157 22.834 0.873
63.691 67.994 1.189
6.240 13.542 1.625
28.015 32.256 2.422
57.256 60.281 0.754
49.220 53.865 1.068
40.197 53.614 1.571
29.847 54.631 1.554
54.707 63.821 2.155
46.138 55.258 1.471
11.793 43.849 1.919
57.926 60.341 0.631
38.702 56.585 1.816
22.483 27.324 1.286
47.408 60.787 1.591
44.232 49.556 2.092
36.866 65.446 2.256
39.341 42.390 1.892
42.738 52.435 2.539
36.429 42.577 0.795
6.947 59.253 2.260
47.636 54.564 0.403
5.078 45.481 0.199
52.480 60.219 1.417
26.175 46.062 0.777
32.077 43.950 0.397
47.232 64.542 0.816
61.381 66.804 2.271
19.204 27.554 2.454
4.207 38.642 2.041
39.017 43.418 2.486
56.041 61.046 1.700
6.707 21.641 1.313
18.579 46.892 2.392
42.419 55.170 0.298
24.264 59.229 1.292
32.593 57.269 0.994
34.058 48.425 1.576
0.377 8.836 1.840
39.876 54.840 2.244
47.830 56.297 1.292
50.263 57.521 1.437
61.166 63.723 1.640
23.952 56.780 0.342
60.910 62.654 1.591
21.110 51.135 0.145
8.424 60.215 2.202
38.200 63.922 1.876
0.939 48.508 0.329
39.497 41.905 0.566
10.811 31.381 1.623
20.442 52.202 0.956
51.353 61.112 2.098
39.111 65.335 2.075
9.268 33.882 1.638
16.237 60.556 0.355
4.235 41.269 1.112
19.346 31.424 1.425
19.926 58.827 0.288
8.621 55.575 0.739
57.295 65.783 2.053
39.374 64.031 0.939
14.623 28.600 2.245
15.971 67.232 1.410
3.443 37.415 0.212
27.315 38.027 0.246
57.058 59.178 0.605
8.006 15.040 2.422
3.014 24.977 0.153
58.541 63.222 1.036
60.555 65.546 2.177
53.894 60.590 1.803
16.586 43.614 0.011
61.107 63.556 1.037
37.476 58.564 0.663
60.498 67.301 1.132
0.459 42.063 2.447
50.314 54.119 1.499
14.229 15.450 0.996
26.747 54.044 0.214
54.726 65.524 0.169
42.372 63.298 1.798
33.929 40.321 1.783
44.128 63.115 1.893
1.988 45.337 2.259
45.220 57.894 0.222
60.666 62.793 0.153
9.291 46.660 2.553
18.704 38.339 2.398
44.451 48.602 0.568
15.395 62.992 1.356
6.811 35.150 2.347
5.127 17.612 2.033
62.361 67.531 2.017
13.481 14.868 1.187
48.041 56.295 0.297
19.913 24.249 2.581
16.133 29.350 0.492
9.825 61.516 1.613
60.101 66.372 0.509
41.316 65.731 1.708
29.149 55.757 2.395
9.649 43.594 1.654
27.011 50.295 2.452
37.028 45.974 1.395
25.405 27.842 0.911
50.896 52.573 0.511
24.923 29.405 1.536
12.651 48.458 0.405
29.077 56.695 1.571
28.243 45.082 1.780
53.486 57.615 1.540
60.766 64.985 2.278
63.197 67.549 0.482
36.765 56.788 1.149
45.345 51.907 0.129
16.653 62.736 1.060
45.453 65.853 1.894
25.188 63.984 1.033
19.751 47.714 1.009
22.628 56.932 1.908
47.128 51.691 1.923
12.811 50.590 0.709
58.312 63.789 0.956
7.000 21.268 2.359
33.149 49.388 1.703
44.009 46.134 0.235
4.850 27.320 0.072
19.663 28.113 1.813
25.270 54.202 0.176
46.396 61.548 0.517
39.405 55.737 1.703
6.291 10.701 1.418
62.373 67.867 1.206
46.583 61.587 1.380
44.339 54.126 0.967
3.197 15.934 2.105
3.893 54.358 0.807
13.598 40.396 0.837
0.586 35.386 1.144
38.780 51.681 1.972
22.387 65.495 2.191
39.892 43.849 2.593
36.023 49.767 2.245
19.610 21.621 0.739
39.204 40.739 1.017
1.986 58.790 1.185
59.953 66.090 1.045
39.142 64.667 2.102
37.286 41.138 1.547
50.763 61.436 1.202
37.724 62.703 1.480
43.056 44.195 0.893
17.108 29.602 0.888
49.345 65.698 0.967
7.479 46.242 1.887
57.213 63.211 0.476
57.728 67.713 2.028
12.631 57.258 2.344
61.017 67.476 2.207
40.238 57.550 0.482
16.960 54.506 0.652
50.439 63.103 0.444
30.780 60.841 0.212
54.742 59.043 0.324
36.693 60.843 1.230
12.280 67.732 1.892
0.982 47.854 1.684
11.145 26.914 0.187
43.304 58.018 2.181
23.759 35.601 2.027
40.847 46.881 0.602
62.146 62.996 0.733
49.230 50.488 0.395
0.592 44.317 0.906
21.967 41.770 1.078
5.803 49.722 1.417
21.632 62.473 1.710
34.271 37.494 1.482
29.810 46.497 0.676
55.254 57.523 1.265
36.212 61.366 1.844
55.310 60.592 2.211
55.320 65.215 1.677
53.033 66.338 1.991
58.133 64.417 2.373
28.171 42.452 0.280
52.675 56.201 1.112
0.055 53.001 1.709
4.078 28.874 0.234
43.769 49.279 2.100
9.143 29.598 0.126
1.188 45.354 2.544
3.434 45.454 2.377
27.630 37.465 0.055
25.085 59.010 1.700
1.461 12.523 2.148
40.593 67.571 1.431
29.659 41.579 0.558
50.058 59.144 0.891
38.913 67.551 0.267
48.373 57.544 0.392
45.544 63.542 2.597
41.066 66.635 1.615
44.042 57.956 0.753
18.585 54.196 1.425
15.772 42.222 1.421
60.932 66.749 1.742
39.896 62.578 1.159
47.714 53.910 2.571
40.286 57.640 2.366
58.777 63.962 1.314
28.782 65.800 2.312
11.707 23.657 0.655
46.751 60.951 2.447
2.647 6.512 1.668
35.607 50.849 1.416
3.928 14.372 2.590
38.458 43.671 0.131
42.255 50.981 0.864
41.829 53.628 1.067
14.184 24.612 1.764
31.843 61.128 1.320
27.845 41.485 0.012
24.057 60.470 0.334
46.931 61.312 2.317
41.638 61.343 1.338
47.179 58.207 2.488
23.249 63.761 0.292
52.558 55.290 1.182
55.644 58.030 1.980
26.667 31.736 2.434
10.551 17.753 0.549
37.831 56.601 0.308
37.126 60.194 1.795
58.601 62.628 1.741
51.767 67.962 0.983
49.441 53.047 0.531
24.848 50.116 0.471
12.520 25.097 2.496
24.430 30.390 0.790
12.682 55.369 0.120
48.707 51.027 2.291
28.712 60.423 1.109
29.526 58.680 1.287
15.264 21.475 1.454
59.010 67.047 2.324
3.817 44.853 1.276
47.822 54.445 1.966
58.234 61.832 2.059
35.382 52.478 0.133
50.584 52.789 1.831
46.832 66.307 1.439
56.035 61.129 2.072
25.276 28.710 1.253
41.726 61.920 0.002
48.396 51.913 0.571
3.682 7.471 1.744
22.135 59.109 1.814
27.921 54.323 2.552
18.899 61.987 1.240
5.074 14.312 0.263
9.153 28.970 2.387
23.925 27.997 2.116
52.109 66.441 0.624
16.417 27.701 0.700
14.680 61.602 2.200
56.812 64.487 2.196
2.617 15.000 0.451
22.778 32.099 1.168
57.246 63.856 1.620
58.347 65.766 1.359
63.957 67.798 2.520
53.773 59.338 0.381
18.200 66.705 0.445
47.476 49.916 1.863
41.283 61.503 2.113
52.363 63.695 0.324
24.005 64.422 1.690
56.939 65.514 0.084
28.727 37.721 0.020
26.782 64.696 0.407
32.108 59.343 0.631
58.017 58.875 0.555
49.355 59.996 0.593
51.609 58.525 2.215
34.491 63.959 2.579
41.400 63.131 0.592
23.747 26.215 0.954
35.923 40.676 1.034
20.796 32.173 2.337
60.172 66.870 0.325
57.213 60.510 1.158
40.624 58.255 1.456
27.114 62.451 0.043
8.936 26.673 0.695
43.626 67.057 1.460
38.863 52.362 2.049
52.377 56.159 1.923
33.058 33.354 0.052
47.892 66.117 0.868
29.585 33.421 1.997
40.382 59.249 0.063
62.021 66.627 1.301
17.020 50.741 2.138
38.222 63.468 0.685
29.444 44.262 1.945
0.928 43.410 1.239
25.848 27.982 0.997
18.485 62.430 1.552
27.659 44.603 2.422
34.120 67.128 0.026
55.373 64.549 1.137
21.309 45.372 1.566
35.816 48.051 0.101
14.915 60.885 2.437
61.703 66.039 1.583
4.893 24.895 1.058
31.909 63.507 0.208
19.473 64.880 2.032
37.659 46.539 0.562
35.886 45.622 2.273
19.290 61.754 1.891
14.790 38.838 0.496
56.982 58.750 1.493
63.695 66.419 0.154
16.444 22.821 0.442
14.815 65.914 1.287
3.154 25.187 0.207
17.903 43.161 1.340
26.386 52.358 2.404
18.698 39.240 1.237
60.885 67.061 1.426
50.843 61.863 2.084
55.685 67.301 0.827
17.147 54.388 2.453
8.168 37.524 2.015
11.258 13.687 0.069
29.106 36.337 2.242
0.926 55.929 0.553
51.021 62.894 2.027
19.120 64.323 2.032
53.896 61.247 0.631
1.473 3.718 0.197
22.798 42.419 1.860
11.547 22.461 0.775
47.673 49.187 0.350
33.640 61.539 0.933
10.164 19.819 2.340
1.871 56.056 0.472
15.950 34.975 1.484
34.556 63.901 1.729
59.682 62.756 2.458
9.807 56.666 1.451
57.289 66.656 0.189
52.634 61.522 1.010
43.005 50.881 1.172
60.766 66.727 2.554
38.068 42.632 0.708
12.668 40.435 1.561
22.741 44.706 0.598
44.275 61.008 2.465
62.885 65.812 0.618
15.092 41.923 2.335
20.893 48.381 1.397
21.538 30.152 0.905
18.571 64.229 0.570
47.339 61.511 2.098
43.949 62.557 0.702
4.123 59.262 1.877
21.860 44.265 0.115
1.330 43.398 2.179
34.597 54.270 1.571
49.752 62.971 1.664
48.636 53.596 2.257
27.104 29.981 2.045
28.056 48.334 0.110
17.233 29.797 0.178
62.852 66.527 1.317
4.545 65.221 0.956
55.045 58.844 0.877
18.530 67.640 0.133
11.037 23.716 0.179
19.258 51.639 2.046
5.356 14.495 0.683
13.922 24.764 1.463
40.466 53.111 0.278
48.566 50.500 0.868
18.081 61.902 1.805
36.325 40.972 2.258
50.906 62.709 2.599
39.607 57.077 1.546
12.432 27.253 2.545
2.707 19.829 0.622
26.036 38.974 2.067
57.603 65.436 0.987
13.215 46.391 0.138
22.655 53.262 0.939
62.467 67.484 0.581
22.206 53.495 2.479
12.907 32.963 0.734
34.048 42.107 0.757
6.375 50.169 0.277
54.004 65.785 1.747
0.369 41.766 1.278
59.861 65.090 0.756
47.802 66.427 2.272
53.127 58.756 1.575
50.191 60.033 0.390
44.099 67.844 1.026
6.524 9.251 1.070
43.995 48.612 0.673
14.633 60.714 0.491
48.851 58.168 0.124
3.594 11.355 2.499
36.191 55.512 2.503
56.234 61.612 1.063
26.464 60.965 1.712
60.492 61.243 0.736
39.441 58.221 0.129
27.005 52.747 2.482
12.856 32.346 1.077
39.880 42.108 2.102
6.737 24.440 1.025
20.274 61.323 2.143
19.938 47.302 0.514
30.020 47.941 2.587
23.583 41.347 1.089
37.148 49.070 2.282
25.177 48.193 2.473
26.790 59.153 1.582
5.354 18.691 0.393
5.590 35.472 0.825
40.265 43.261 0.865
39.329 47.645 0.371
52.798 67.921 1.142
14.141 42.228 0.279
16.934 46.369 0.019
49.316 67.433 0.280
23.643 47.909 2.350
14.250 40.378 0.787
19.880 56.932 1.077
53.863 60.485 1.012
46.347 50.062 1.911
5.231 58.695 1.958
40.820 54.222 0.935
6.041 18.588 1.080
21.960 34.348 2.375
19.860 36.565 0.401
11.666 23.830 0.708
11.037 15.579 0.872
32.122 61.635 2.506
28.573 37.589 2.374
30.843 57.194 1.227
15.911 32.122 2.435
19.171 59.579 2.138
40.314 42.565 2.067
16.702 65.623 0.753
55.006 64.593 1.345
16.395 42.965 2.395
5.987 12.725 2.148
18.088 50.551 0.998
32.966 38.860 1.122
62.398 62.620 0.194
58.547 65.949 1.070
12.010 35.854 0.264
43.388 63.915 1.371
53.580 61.136 0.706
55.709 67.652 0.387
34.456 37.230 0.574
13.096 24.102 0.514
12.770 46.560 2.488
47.283 61.612 0.765
50.312 66.906 2.395
54.037 56.111 0.673
3.961 15.461 2.350
57.137 67.570 0.934
24.421 54.525 0.862
56.803 62.214 0.988
43.177 55.522 0.694
33.782 61.385 2.085
47.765 64.733 1.265
35.778 47.438 0.725
3.465 53.261 2.369
23.583 33.545 0.734
20.772 62.425 0.130
15.924 24.366 1.050
56.017 65.750 1.581
12.598 55.082 1.174
27.733 60.454 1.655
11.164 65.939 0.839
45.402 64.972 0.514
3.027 7.232 1.932
8.373 41.424 0.214
36.413 44.409 1.386
4.940 9.745 0.792
26.321 37.071 0.348
52.521 57.648 1.323
63.228 65.902 2.383
18.204 42.627 1.838
18.864 45.091 0.896
51.912 54.249 1.345
53.070 55.909 1.441
32.612 58.883 2.461
30.331 65.040 1.173
35.126 64.308 0.950
42.222 55.459 0.319
7.196 40.753 0.727
50.642 65.673 0.960
47.638 55.734 1.206
28.294 44.290 1.523
40.450 54.496 1.450
53.547 54.165 0.483
6.992 20.605 0.106
16.381 53.219 1.067
28.335 50.073 0.346
54.834 59.347 2.097
59.125 61.094 0.815
38.839 66.705 0.027
34.384 35.794 1.006
15.172 47.409 2.303
9.766 40.953 0.043
58.670 62.080 1.697
25.956 32.305 2.511
25.573 40.674 1.316
21.018 34.018 1.626
18.557 63.131 1.387
30.597 56.106 0.853
29.462 46.259 1.515
59.027 65.097 0.315
9.516 16.613 0.643
6.529 57.642 1.793
31.407 55.727 1.180
26.784 32.372 1.664
53.158 66.306 0.958
33.282 48.500 2.502
46.445 55.535 1.640
52.058 55.152 2.217
47.589 53.118 0.942
52.414 58.163 2.038
36.046 40.414 0.454
48.455 54.691 1.076
10.942 25.781 1.415
20.391 51.920 0.585
44.699 60.311 1.743
3.586 64.964 0.857
20.524 28.931 0.800
23.587 66.301 0.719
15.118 48.415 0.678
48.386 54.806 1.515
45.578 61.841 0.879
1.381 44.070 1.821
8.088 32.067 1.872
33.532 54.852 2.247
31.690 56.109 0.080
35.423 54.465 0.909
48.914 48.985 0.059
35.005 45.713 1.945
50.818 63.854 2.172
18.973 39.691 1.400
6.514 13.375 1.012
42.765 60.331 0.421
42.929 65.413 1.920
48.421 54.697 1.481
7.133 51.961 0.695
62.559 64.724 1.269
51.277 58.143 1.594
30.888 46.381 2.596
60.672 65.503 0.574
36.845 65.843 0.378
