0.021 5.509 1.296
13.749 18.888 1.346
5.955 20.345 2.061
12.692 21.603 0.400
12.079 16.221 1.181
0.255 8.678 0.210
2.504 22.769 0.382
7.577 7.921 0.274
0.151 12.706 0.869
9.710 18.323 1.384
2.826 12.758 1.525
5.986 16.377 0.131
13.316 19.237 1.846
5.133 18.667 2.015
16.250 20.872 2.129
2.420 8.076 1.063
14.658 21.268 0.482
14.342 22.998 2.293
10.395 14.413 0.903
5.054 7.366 1.932
6.390 17.707 0.213
0.956 21.211 0.020
4.690 15.713 0.628
11.750 20.450 1.927
8.244 19.340 0.472
7.964 22.289 1.053
12.655 18.952 0.249
6.549 17.228 1.691
9.731 12.447 0.831
3.827 19.413 0.978
8.791 20.035 2.277
5.875 17.264 0.389
8.362 18.649 0.146
8.582 22.290 0.339
2.407 17.315 2.082
5.152 7.320 0.981
16.432 18.769 1.571
14.913 20.410 1.890
3.253 19.465 0.409
8.080 15.776 0.358
12.444 16.068 0.933
9.669 20.128 1.569
12.273 14.551 1.093
6.253 8.693 1.920
8.789 15.721 1.525
1.780 21.503 2.183
9.342 16.205 0.796
6.375 12.974 1.948
7.754 22.751 0.625
5.063 15.974 1.700
3.332 20.123 1.751
6.760 21.343 1.152
0.467 14.347 2.288
0.859 6.140 1.222
14.332 20.526 1.442
3.363 7.483 1.937
1.869 9.678 1.709
15.998 18.790 0.658
2.384 19.869 1.686
12.036 20.577 1.381
4.296 4.658 0.332
1.037 20.037 1.854
3.580 14.442 0.266
0.242 10.729 0.262
12.788 19.058 1.578
1.256 6.449 1.004
11.836 17.087 0.668
3.951 14.717 1.329
10.688 17.077 0.368
16.372 22.622 1.600
3.229 7.390 0.773
16.918 22.990 1.052
1.658 4.974 1.438
7.441 10.234 2.142
15.209 17.495 0.667
13.074 15.833 0.945
10.677 17.004 1.390
7.928 17.997 1.375
14.531 20.538 1.906
12.255 17.099 1.301
