0.033 7.007 1.465
21.027 26.124 1.521
9.108 26.711 2.330
19.412 28.570 0.453
18.473 22.906 1.335
0.390 11.332 0.238
3.830 29.705 0.431
11.588 11.982 0.310
0.232 16.519 0.982
14.851 24.663 1.565
4.322 16.844 1.724
9.155 21.880 0.148
20.366 26.377 2.087
7.851 24.569 2.278
24.853 28.738 2.407
3.701 10.808 1.201
22.418 28.449 0.545
21.935 29.998 2.592
15.899 20.402 1.020
7.729 10.391 2.184
9.773 23.548 0.241
1.462 27.684 0.023
7.173 20.886 0.710
17.971 27.306 2.178
12.608 25.680 0.534
12.180 29.154 1.191
19.355 25.845 0.282
10.016 22.933 1.911
14.883 17.971 0.939
5.853 25.458 1.105
13.445 26.526 2.574
8.985 22.949 0.439
12.789 24.882 0.165
13.125 29.169 0.383
3.681 22.640 2.353
7.879 10.467 1.109
25.132 27.382 1.776
22.809 27.887 2.136
4.975 25.510 0.463
12.357 21.448 0.404
19.032 22.858 1.055
14.787 26.719 1.774
18.770 21.235 1.236
9.563 12.374 2.170
13.442 21.489 1.724
2.722 28.050 2.468
14.288 22.175 0.900
9.750 17.671 2.202
11.859 29.703 0.707
7.743 21.200 1.922
5.096 26.319 1.979
10.339 27.984 1.302
0.714 18.588 2.586
1.313 7.994 1.381
21.919 27.791 1.630
5.144 10.129 2.190
2.858 12.708 1.932
24.468 26.822 0.744
3.647 25.957 1.906
18.408 27.464 1.561
6.571 6.984 0.376
1.586 26.121 2.096
5.475 19.177 0.301
0.371 13.999 0.296
19.558 26.047 1.784
1.921 8.497 1.135
18.102 23.723 0.755
6.043 19.504 1.502
16.346 23.436 0.416
25.039 29.763 1.809
4.939 10.126 0.873
25.875 29.994 1.189
2.535 6.600 1.625
11.381 14.587 2.422
23.260 25.375 0.754
19.996 22.868 1.068
16.330 23.365 1.571
12.125 24.039 1.554
22.225 27.891 2.155
18.744 23.885 1.471
4.791 19.639 1.919
23.532 25.266 0.631
15.723 24.824 1.816
9.134 11.993 1.286
19.259 26.527 1.591
17.969 21.543 2.092
14.977 28.871 2.256
15.982 18.398 1.892
17.362 23.082 2.539
14.799 18.100 0.795
2.822 26.293 2.260
19.352 23.104 0.403
2.063 20.042 0.199
21.320 25.993 1.417
10.633 20.065 0.777
13.031 18.782 0.397
19.188 28.268 0.816
24.936 29.232 2.271
7.802 12.768 2.454
1.709 17.520 2.041
15.851 19.179 2.486
22.767 26.249 1.700
2.725 9.934 1.313
7.548 20.996 2.392
17.233 23.672 0.298
9.857 26.105 1.292
13.241 25.084 0.994
13.836 21.177 1.576
0.153 4.812 1.840
16.200 24.124 2.244
19.431 24.249 1.292
20.419 24.765 1.437
24.849 27.109 1.640
9.730 24.884 0.342
24.745 26.438 1.591
8.576 22.323 0.145
3.422 26.693 2.202
15.519 28.159 1.876
0.382 21.445 0.329
16.046 17.494 0.566
4.392 14.193 1.623
8.305 22.969 0.956
20.862 26.667 2.098
15.889 28.804 2.075
3.765 15.302 1.638
6.596 26.662 0.355
1.720 18.409 1.112
7.859 13.957 1.425
8.095 25.850 0.288
3.502 24.542 0.739
23.276 28.803 2.053
15.996 28.127 0.939
5.941 13.191 2.245
6.488 29.665 1.410
1.399 16.506 0.212
11.097 16.171 0.246
23.180 24.696 0.605
3.252 7.623 2.422
1.224 11.006 0.153
23.782 27.061 1.036
24.600 28.499 2.177
21.895 26.204 1.803
6.738 18.970 0.011
24.825 26.859 1.037
15.225 25.541 0.663
24.577 29.529 1.132
0.186 19.096 2.447
20.440 23.088 1.499
5.781 6.876 0.996
10.866 23.566 0.214
22.233 28.564 0.169
17.214 27.832 1.798
13.784 17.627 1.783
17.927 27.737 1.893
0.808 20.426 2.259
18.371 24.889 0.222
24.646 26.229 0.153
3.775 21.004 2.553
7.598 17.349 2.398
18.058 20.400 0.568
6.254 27.812 1.356
2.767 16.107 2.347
2.083 8.563 2.033
25.334 29.657 2.017
5.477 6.751 1.187
19.516 23.936 0.297
8.090 11.416 2.581
6.554 12.732 0.492
3.991 27.204 1.613
24.416 28.882 0.509
16.785 28.954 1.708
11.842 24.706 2.395
3.920 19.486 1.654
10.973 22.385 2.452
15.043 19.900 1.395
10.321 11.919 0.911
20.677 21.807 0.511
10.125 12.961 1.536
5.139 21.302 0.405
11.813 24.971 1.571
11.474 19.894 1.780
21.729 24.612 1.540
24.686 28.153 2.278
25.674 29.599 0.482
14.936 24.814 1.149
18.421 21.820 0.129
6.765 27.679 1.060
18.465 28.998 1.894
10.233 28.199 1.033
8.024 20.996 1.009
9.192 25.187 1.908
19.146 22.313 1.923
5.204 22.303 0.709
23.689 27.417 0.956
2.844 10.239 2.359
13.467 21.673 1.703
17.879 19.060 0.235
1.970 11.970 0.072
7.988 12.683 1.813
10.266 23.658 0.176
