0.070 12.837 1.465
45.289 53.140 1.521
19.616 53.258 2.330
41.810 57.498 0.453
39.788 46.862 1.335
0.839 22.551 0.238
8.250 59.411 0.431
24.959 25.431 0.310
0.499 32.594 0.982
31.986 49.610 1.565
9.309 33.107 1.724
19.719 44.255 0.148
43.866 53.256 2.087
16.909 48.845 2.278
53.530 58.129 2.407
7.971 21.134 1.201
48.285 57.539 0.545
47.245 59.997 2.592
34.244 41.849 1.020
16.648 19.810 2.184
21.048 47.504 0.241
3.148 55.385 0.023
15.450 41.934 0.710
38.706 54.772 2.178
27.157 51.720 0.534
26.234 58.344 1.191
41.689 52.771 0.282
21.573 45.721 1.911
32.055 37.087 0.939
12.606 50.876 1.105
28.958 52.927 2.574
19.351 46.221 0.439
27.546 50.306 0.165
28.269 58.420 0.383
7.928 44.731 2.353
16.971 21.030 1.109
54.130 56.534 1.776
49.126 56.348 2.136
10.716 51.075 0.463
26.615 43.639 0.404
40.993 47.067 1.055
31.850 53.560 1.774
40.427 43.919 1.236
20.597 24.074 2.170
28.953 43.175 1.724
5.862 55.938 2.468
30.775 45.036 0.900
20.999 34.862 2.202
25.542 59.425 0.707
16.677 42.085 1.922
10.975 52.447 1.979
22.269 55.999 1.302
1.538 36.118 2.586
2.828 15.037 1.381
47.210 56.179 1.630
11.080 19.032 2.190
6.156 24.392 1.932
52.700 55.649 0.744
7.855 51.691 1.906
39.648 55.250 1.561
14.153 14.602 0.376
3.416 51.970 2.096
11.792 38.596 0.301
0.798 27.867 0.296
42.124 52.653 1.784
4.138 16.325 1.135
38.988 48.589 0.755
13.016 38.741 1.502
35.206 47.912 0.416
53.930 59.680 1.809
10.637 20.159 0.873
55.730 59.994 1.189
5.460 12.081 1.625
24.513 28.536 2.422
50.099 52.932 0.754
43.068 47.340 1.068
35.172 47.246 1.571
26.116 48.191 1.554
47.868 56.256 2.155
40.371 48.654 1.471
10.319 38.752 1.919
50.685 52.957 0.631
33.865 49.898 1.816
19.673 24.097 1.286
41.482 53.574 1.591
38.703 43.658 2.092
32.258 57.746 2.256
34.423 37.339 1.892
37.395 46.255 2.539
31.875 37.424 0.795
6.079 52.314 2.260
41.682 47.941 0.403
4.443 40.126 0.199
45.920 53.013 1.417
22.903 40.589 0.777
28.068 38.652 0.397
41.328 56.905 0.816
53.708 58.894 2.271
16.803 24.441 2.454
3.681 34.195 2.041
34.140 38.315 2.486
49.036 53.720 1.700
5.869 19.176 1.313
16.256 41.440 2.392
37.117 48.539 0.298
21.231 52.256 1.292
28.519 50.493 0.994
29.800 42.688 1.576
0.330 7.989 1.840
34.892 48.374 2.244
41.851 49.550 1.292
43.980 50.625 1.437
53.520 56.015 1.640
20.958 50.065 0.342
53.296 55.030 1.591
18.471 45.069 0.145
7.371 53.158 2.202
33.425 56.393 1.876
0.822 42.811 0.329
34.560 36.766 0.566
9.460 27.762 1.623
17.887 46.048 0.956
44.934 53.860 2.098
34.222 57.644 2.075
8.109 29.970 1.638
14.207 53.420 0.355
3.705 36.456 1.112
16.928 27.747 1.425
17.436 51.884 0.288
7.544 49.042 0.739
50.133 57.998 2.053
34.452 56.472 0.939
12.796 25.356 2.245
13.975 59.323 1.410
3.013 33.013 0.212
23.901 33.426 0.246
49.926 51.919 0.605
7.005 13.479 2.422
2.637 22.036 0.153
51.223 55.610 1.036
52.985 57.747 2.177
47.157 53.351 1.803
14.513 38.426 0.011
53.469 55.830 1.037
32.791 51.612 0.663
52.936 59.349 1.132
0.402 37.228 2.447
44.025 47.586 1.499
12.450 13.645 0.996
23.404 47.627 0.214
47.885 57.743 0.169
37.076 55.832 1.798
29.688 35.543 1.783
38.612 55.667 1.893
1.740 40.093 2.259
39.568 50.946 0.222
53.083 55.096 0.153
8.130 41.259 2.553
16.366 33.920 2.398
38.894 42.665 0.568
13.471 55.586 1.356
5.959 31.141 2.347
4.486 15.707 2.033
54.566 59.557 2.017
11.796 13.159 1.187
42.035 49.482 0.297
17.424 21.547 2.581
14.117 25.852 0.492
8.596 54.293 1.613
52.589 58.479 0.509
36.151 57.988 1.708
25.506 49.220 2.395
8.443 38.519 1.654
23.634 44.419 2.452
32.400 40.485 1.395
22.229 24.490 0.911
44.534 46.096 0.511
21.807 25.943 1.536
11.069 42.741 0.405
25.442 50.017 1.571
24.713 39.779 1.780
46.800 50.667 1.540
53.170 57.231 2.278
55.298 59.560 0.482
32.169 50.057 1.149
39.677 45.573 0.129
14.571 55.356 1.060
39.771 58.094 1.894
22.040 56.450 1.033
17.282 42.089 1.009
19.799 50.249 1.908
41.237 45.506 1.923
11.210 44.635 0.709
51.023 56.131 0.956
6.125 18.946 2.359
29.006 43.553 1.703
38.508 40.434 0.235
4.244 24.088 0.072
17.205 24.865 1.813
22.112 47.772 0.176
40.596 54.221 0.517
34.480 49.139 1.703
5.505 9.557 1.418
54.576 59.873 1.206
40.761 54.284 1.380
38.797 47.628 0.967
2.798 14.245 2.105
3.406 47.977 0.807
11.898 35.643 0.837
0.513 31.287 1.144
33.933 45.569 1.972
19.589 57.795 2.191
34.905 38.701 2.593
31.520 43.912 2.245
17.159 19.022 0.739
34.304 35.780 1.017
1.738 51.891 1.185
52.459 58.228 1.045
34.249 57.054 2.102
32.626 36.213 1.547
44.418 54.113 1.202
33.008 55.307 1.480
37.674 38.786 0.893
14.969 26.103 0.888
43.177 57.937 0.967
6.544 40.864 1.887
50.061 55.605 0.476
50.512 59.740 2.028
11.052 50.559 2.344
53.390 59.517 2.207
35.208 50.688 0.482
14.840 48.081 0.652
44.134 55.588 0.444
26.933 53.644 0.212
47.899 51.844 0.324
32.106 53.655 1.230
10.745 59.764 1.892
0.860 42.283 1.684
9.752 23.705 0.187
37.891 51.165 2.181
20.789 31.462 2.027
35.741 41.183 0.602
54.378 55.223 0.733
43.076 44.247 0.395
0.518 39.140 0.906
19.222 36.835 1.078
5.078 43.909 1.417
18.928 55.129 1.710
29.987 33.009 1.482
26.083 40.946 0.676
48.347 50.520 1.265
31.686 54.136 1.844
48.396 53.360 2.211
48.405 57.489 1.677
46.404 58.513 1.991
50.866 56.768 2.373
24.649 37.345 0.280
46.091 49.376 1.112
0.048 46.811 1.709
3.568 25.475 0.234
38.298 43.418 2.100
8.000 26.082 0.126
1.039 40.121 2.544
3.004 40.199 2.377
24.176 32.908 0.055
21.949 52.071 1.700
1.278 11.258 2.148
35.519 59.619 1.431
25.952 36.581 0.558
43.801 52.049 0.891
34.049 59.600 0.267
42.326 50.606 0.392
39.851 56.060 2.597
35.932 58.790 1.615
38.537 51.036 0.753
16.261 47.829 1.425
13.800 37.281 1.421
53.315 58.839 1.742
34.909 55.184 1.159
41.750 47.530 2.571
35.251 50.852 2.366
51.430 56.295 1.314
25.184 58.063 2.312
10.244 20.867 0.655
40.907 53.759 2.447
2.316 5.917 1.668
31.156 44.814 1.416
3.437 12.922 2.590
33.651 38.312 0.131
36.973 44.840 0.864
36.601 47.215 1.067
12.411 21.803 1.764
27.862 53.921 1.320
24.364 36.470 0.012
21.050 53.332 0.334
41.065 54.073 2.317
36.433 54.086 1.338
41.282 51.331 2.488
20.343 56.247 0.292
45.988 48.565 1.182
48.689 51.033 1.980
23.333 28.087 2.434
9.232 15.653 0.549
33.102 49.850 0.308
32.485 53.096 1.795
51.276 55.102 1.741
45.296 59.966 0.983
43.261 46.557 0.531
21.742 44.167 0.471
10.955 22.307 2.496
21.377 26.738 0.790
11.097 48.837 0.120
42.618 44.936 2.291
25.123 53.298 1.109
25.836 51.760 1.287
13.356 19.002 1.454
51.633 59.136 2.324
3.339 39.621 1.276
41.844 47.950 1.966
50.955 54.409 2.059
30.959 46.187 0.133
44.261 46.426 1.831
40.978 58.492 1.439
49.031 53.820 2.072
22.117 25.296 1.253
36.510 54.564 0.002
42.347 45.561 0.571
3.222 6.764 1.744
19.369 52.165 1.814
24.431 47.967 2.552
16.537 54.695 1.240
4.440 12.623 0.263
8.009 25.710 2.387
20.934 24.773 2.116
45.595 58.593 0.624
14.364 24.412 0.700
12.845 54.374 2.200
49.711 56.838 2.196
2.290 13.263 0.451
19.931 28.298 1.168
50.090 56.239 1.620
51.054 57.956 1.359
55.962 59.799 2.520
47.051 52.138 0.381
15.925 58.855 0.445
41.542 43.917 1.863
36.122 54.252 2.113
45.818 56.104 0.324
21.004 56.845 1.690
49.822 57.714 0.084
25.137 33.122 0.020
23.434 57.072 0.407
28.095 52.322 0.631
50.765 51.599 0.555
43.186 52.808 0.593
45.158 51.560 2.215
30.180 56.441 2.579
36.225 55.660 0.592
20.778 23.071 0.954
31.433 35.765 1.034
18.196 28.485 2.337
52.650 58.942 0.325
50.061 53.170 1.158
35.546 51.354 1.456
23.725 55.077 0.043
7.819 23.546 0.695
38.173 59.161 1.460
34.005 46.176 2.049
45.830 49.415 1.923
28.925 29.194 0.052
41.906 58.314 0.868
25.887 29.505 1.997
35.334 52.187 0.063
54.269 58.699 1.301
14.893 44.816 2.138
33.444 55.970 0.685
25.764 39.063 1.945
0.812 38.355 1.239
22.617 24.620 0.997
16.174 55.091 1.552
24.202 39.406 2.422
29.855 59.224 0.026
48.451 56.873 1.137
18.646 40.048 1.566
31.339 42.242 0.101
13.050 53.747 2.437
53.990 58.158 1.583
4.281 22.028 1.058
27.921 56.009 0.208
17.039 57.253 2.032
32.952 40.912 0.562
31.400 40.257 2.273
16.878 54.500 1.891
12.941 34.241 0.496
49.859 51.602 1.493
55.733 58.434 0.154
14.388 20.075 0.442
12.963 58.161 1.287
2.760 22.225 0.207
15.665 38.097 1.340
23.087 46.233 2.404
16.361 34.629 1.237
53.274 59.125 1.426
44.488 54.533 2.084
48.725 59.364 0.827
15.004 48.036 2.453
7.147 33.202 2.015
9.851 12.005 0.069
25.468 32.105 2.242
0.810 49.360 0.553
44.643 55.448 2.027
16.730 56.763 2.032
47.159 53.880 0.631
1.289 3.293 0.197
19.948 37.459 1.860
10.104 19.824 0.775
41.714 43.109 0.350
29.435 54.273 0.933
8.894 17.661 2.340
1.637 49.468 0.472
13.956 30.898 1.484
30.236 56.377 1.729
52.221 55.239 2.458
8.581 50.019 1.451
50.128 58.763 0.189
46.055 54.163 1.010
37.630 44.767 1.172
53.170 58.837 2.554
33.309 37.446 0.708
11.085 35.724 1.561
19.898 39.396 0.598
38.740 53.819 2.465
55.024 57.880 0.618
13.206 37.075 2.335
18.282 42.694 1.397
18.846 26.562 0.905
16.250 56.667 0.570
41.422 54.239 2.098
38.455 55.141 0.702
3.608 52.317 1.877
19.128 38.981 0.115
1.164 38.386 2.179
30.272 47.855 1.571
43.533 55.511 1.664
42.557 47.213 2.257
23.716 26.495 2.045
24.549 42.552 0.110
15.079 26.212 0.178
54.995 58.582 1.317
3.977 57.551 0.956
48.164 51.692 0.877
16.214 59.682 0.133
9.658 20.879 0.179
16.851 45.598 2.046
4.686 12.825 0.683
12.182 21.908 1.463
35.408 46.718 0.278
42.495 44.318 0.868
15.821 54.629 1.805
31.785 36.151 2.258
44.543 55.307 2.599
34.656 50.317 1.546
10.878 24.206 2.545
2.369 17.535 0.622
22.781 34.426 2.067
50.403 57.654 0.987
11.563 40.901 0.138
19.823 46.977 0.939
54.658 59.504 0.581
19.430 47.244 2.479
11.293 29.079 0.734
29.792 37.027 0.757
5.578 44.263 0.277
47.253 58.011 1.747
0.323 36.911 1.278
52.379 57.294 0.756
41.827 58.604 2.272
46.486 51.701 1.575
43.917 52.823 0.390
38.587 59.861 1.026
5.708 8.239 1.070
38.496 42.690 0.673
12.804 53.565 0.491
42.745 51.147 0.124
3.145 10.264 2.499
31.667 48.994 2.503
49.205 54.191 1.063
23.156 53.794 1.712
52.931 53.681 0.736
34.511 51.277 0.129
23.629 46.579 2.482
11.249 28.562 1.077
34.895 37.109 2.102
5.894 21.616 1.025
17.740 54.123 2.143
17.446 41.699 0.514
26.268 42.348 2.587
20.635 36.455 1.089
32.504 43.294 2.282
22.029 42.576 2.473
23.441 52.192 1.582
4.684 16.497 0.393
4.891 31.328 0.825
35.232 37.993 0.865
34.413 41.863 0.371
46.199 59.929 1.142
12.373 37.226 0.279
14.817 40.862 0.019
43.151 59.490 0.280
20.688 42.322 2.350
12.469 35.622 0.787
17.395 50.230 1.077
47.130 53.211 1.012
40.554 44.067 1.911
4.577 51.819 1.958
35.717 47.743 0.935
5.286 16.468 1.080
19.215 30.398 2.375
17.377 32.199 0.401
10.208 21.024 0.708
9.658 13.766 0.872
28.107 54.395 2.506
25.001 33.224 2.374
26.987 50.440 1.227
13.922 28.466 2.435
16.774 52.589 2.138
35.275 37.505 2.067
14.614 57.901 0.753
48.130 56.922 1.345
14.346 37.992 2.395
5.238 11.421 2.148
15.827 44.598 0.998
28.845 34.193 1.122
54.599 54.820 0.194
51.228 58.116 1.070
10.509 31.603 0.264
37.965 56.368 1.371
46.882 53.788 0.706
48.745 59.683 0.387
30.149 32.677 0.574
11.459 21.238 0.514
11.174 41.163 2.488
41.372 54.281 0.765
44.023 59.028 2.395
47.282 49.226 0.673
3.466 13.852 2.350
49.994 59.607 0.934
21.368 48.086 0.862
49.702 54.724 0.988
37.780 48.868 0.694
29.559 54.162 2.085
41.794 57.083 1.265
31.306 41.741 0.725
3.032 47.055 2.369
20.635 29.530 0.734
18.176 55.064 0.130
13.934 21.505 1.050
49.015 57.966 1.581
11.023 48.612 1.174
24.267 53.340 1.655
