2.970 6.034 1.559
5.106 6.680 0.463
7.768 8.393 0.563
6.154 6.671 0.304
0.074 7.357 0.697
2.746 6.668 0.829
0.725 8.238 1.090
2.704 10.136 1.315
4.284 5.725 1.140
3.726 7.129 0.520
6.907 8.153 0.973
4.527 9.880 1.419
6.914 9.314 1.701
6.915 10.292 1.290
6.629 10.636 1.531
7.267 10.088 1.825
3.521 6.308 0.215
6.584 8.045 0.855
0.007 8.808 1.315
0.510 4.666 0.180
5.471 7.689 1.615
1.143 4.618 0.097
0.148 7.866 1.957
0.429 7.831 1.828
3.454 5.316 0.042
3.136 9.570 1.308
0.183 3.103 1.652
5.074 10.920 1.101
3.707 6.201 0.430
6.257 8.892 0.685
4.864 10.908 0.205
6.047 8.471 0.302
5.693 10.257 1.997
5.133 10.751 1.242
5.505 8.873 0.580
2.323 8.820 1.096
1.971 6.974 1.093
7.616 10.520 1.340
4.987 9.969 0.892
5.964 8.568 1.978
5.036 9.306 1.820
7.347 9.651 1.011
3.598 10.665 1.779
1.463 3.801 0.504
5.844 9.773 1.882
0.331 1.938 1.283
4.451 7.977 1.089
0.491 3.571 1.992
4.807 5.961 0.101
5.282 7.543 0.665
5.229 8.166 0.821
1.773 4.440 1.357
3.980 9.816 1.015
3.481 6.039 0.009
3.007 9.664 0.257
5.866 9.805 1.782
5.205 9.732 1.029
5.897 9.297 1.914
2.906 10.250 0.224
6.570 7.862 0.910
6.956 8.577 1.523
3.333 5.598 1.872
1.319 2.824 0.423
4.729 8.697 0.237
4.641 9.664 1.381
7.325 9.362 1.339
6.471 10.991 0.756
6.180 7.341 0.409
3.106 7.844 0.362
1.565 4.915 1.920
3.054 4.548 0.608
1.585 8.867 0.092
6.088 7.856 1.762
3.589 9.698 0.853
3.691 9.416 0.990
1.908 3.766 1.119
7.376 10.737 1.788
0.477 7.489 0.982
5.978 8.388 1.512
7.279 9.290 1.584
