0.050 9.921 1.465
32.350 39.211 1.521
14.012 39.923 2.330
29.864 42.929 0.453
28.420 34.390 1.335
0.599 16.932 0.238
5.893 44.556 0.431
17.828 18.263 0.310
0.356 24.552 0.982
22.847 36.912 1.565
6.649 24.884 1.724
14.085 32.930 0.148
31.333 39.440 2.087
12.078 36.624 2.278
38.236 42.993 2.407
5.694 15.862 1.201
34.490 42.804 0.545
33.746 44.997 2.592
24.460 30.677 1.020
11.891 14.810 2.184
15.035 35.405 0.241
2.249 41.530 0.023
11.035 31.296 0.710
27.647 40.850 2.178
19.398 38.576 0.534
18.738 43.725 1.191
29.778 39.009 0.282
15.409 34.176 1.911
22.896 27.043 0.939
9.004 38.122 1.105
20.684 39.598 2.574
13.822 34.466 0.439
19.676 37.446 0.165
20.192 43.769 0.383
5.663 33.642 2.353
12.122 15.467 1.109
38.665 41.139 1.776
35.090 41.751 2.136
7.654 38.257 0.463
19.011 32.308 0.404
29.281 34.435 1.055
22.750 40.001 1.774
28.877 31.944 1.236
14.712 17.869 2.170
20.681 32.035 1.724
4.187 41.986 2.468
21.982 33.315 0.900
14.999 26.010 2.202
18.244 44.556 0.707
11.912 31.514 1.922
7.840 39.351 1.979
15.906 41.947 1.302
1.099 27.341 2.586
2.020 11.475 1.381
33.722 41.696 1.630
7.914 14.407 2.190
4.397 18.474 1.932
37.643 40.611 0.744
5.611 38.801 1.906
28.320 41.178 1.561
10.109 10.540 0.376
2.440 39.037 2.096
8.423 28.792 0.301
0.570 20.925 0.296
30.089 39.007 1.784
2.955 12.352 1.135
27.849 35.764 0.755
9.297 29.014 1.502
25.147 35.362 0.416
38.522 44.649 1.809
7.598 14.986 0.873
39.807 44.992 1.189
3.900 9.252 1.625
17.509 21.145 2.422
35.785 38.462 0.754
30.763 34.490 1.068
25.123 34.961 1.571
18.654 35.944 1.554
34.192 41.753 2.155
28.836 35.819 1.471
7.371 29.113 1.919
36.203 38.378 0.631
24.189 37.110 1.816
14.052 17.722 1.286
29.630 39.769 1.591
27.645 32.013 2.092
23.041 43.257 2.256
24.588 27.280 1.892
26.711 34.211 2.539
22.768 27.292 0.795
4.342 39.287 2.260
29.773 35.022 0.403
3.174 30.055 0.199
32.800 39.051 1.417
16.359 30.108 0.777
20.048 28.377 0.397
29.520 42.459 0.816
38.363 43.799 2.271
12.002 18.343 2.454
2.629 25.827 2.041
24.386 28.182 2.486
35.025 39.391 1.700
4.192 14.474 1.313
11.612 31.088 2.392
26.512 35.769 0.298
15.165 39.102 1.292
20.370 37.630 0.994
21.286 31.611 1.576
0.236 6.395 1.840
24.923 35.932 2.244
29.893 36.436 1.292
31.415 37.190 1.437
38.229 40.775 1.640
14.970 37.378 0.342
38.069 39.809 1.591
13.194 33.577 0.145
5.265 39.907 2.202
23.875 42.189 1.876
0.587 32.123 0.329
24.686 26.554 0.566
6.757 20.866 1.623
12.776 34.400 0.956
32.096 39.884 2.098
24.444 43.163 2.075
5.792 22.549 1.638
10.148 40.004 0.355
2.647 27.405 1.112
12.091 20.618 1.425
12.454 38.808 0.288
5.388 36.763 0.739
35.809 43.171 2.053
24.609 42.212 0.939
9.140 19.098 2.245
9.982 44.490 1.410
2.152 24.734 0.212
17.072 24.482 0.246
35.661 37.547 0.605
5.004 10.436 2.422
1.884 16.490 0.153
36.588 40.816 1.036
37.847 42.682 2.177
33.684 39.270 1.803
10.367 28.575 0.011
38.192 40.620 1.037
23.422 38.391 0.663
37.811 44.335 1.132
0.287 28.159 2.447
31.446 34.663 1.499
8.893 10.039 0.996
16.717 35.455 0.214
34.204 42.992 0.169
26.483 41.701 1.798
21.205 26.131 1.783
27.580 41.549 1.893
1.243 30.248 2.259
28.263 37.601 0.222
37.916 39.975 0.153
5.807 31.076 2.553
11.690 25.449 2.398
27.782 30.946 0.568
9.622 41.675 1.356
4.257 23.564 2.347
3.204 12.069 2.033
38.976 44.481 2.017
8.426 9.746 1.187
30.025 36.262 0.297
12.445 16.182 2.581
10.083 19.102 0.492
6.140 40.730 1.613
37.563 43.473 0.509
25.822 43.413 1.708
18.218 36.810 2.395
6.030 28.937 1.654
16.882 33.208 2.452
23.143 29.761 1.395
15.878 17.822 0.911
31.810 33.212 0.511
15.577 19.091 1.536
7.907 31.951 0.405
18.173 37.356 1.571
17.652 29.570 1.780
33.429 36.971 1.540
37.978 42.114 2.278
39.498 44.477 0.482
22.978 37.222 1.149
28.341 33.190 0.129
10.408 41.490 1.060
28.408 43.472 1.894
15.743 42.287 1.033
12.344 31.410 1.009
14.142 37.628 1.908
29.455 33.276 1.923
8.007 33.405 0.709
36.445 41.335 0.956
4.375 14.505 2.359
20.718 32.322 1.703
27.506 29.114 0.235
3.031 17.980 0.072
12.289 18.510 1.813
15.794 35.587 0.176
28.997 40.262 0.517
24.628 36.487 1.703
3.932 7.318 1.418
38.983 44.856 1.206
29.115 40.357 1.380
27.712 35.022 0.967
1.998 11.038 2.105
2.433 36.000 0.807
8.499 26.621 0.837
0.366 23.597 1.144
24.238 33.746 1.972
13.992 43.338 2.191
24.932 28.460 2.593
22.514 32.588 2.245
12.256 13.850 0.739
24.503 25.882 1.017
1.241 38.952 1.185
37.471 43.232 1.045
24.464 42.703 2.102
23.304 26.443 1.547
31.727 40.058 1.202
23.577 41.332 1.480
26.910 27.979 0.893
10.692 19.337 0.888
30.841 43.283 0.967
4.674 30.736 1.887
35.758 40.929 0.476
36.080 44.760 2.028
7.895 37.958 2.344
38.136 44.489 2.207
25.148 37.580 0.482
10.600 35.962 0.652
31.524 41.272 0.444
19.238 40.057 0.212
34.214 37.755 0.324
22.933 40.042 1.230
7.675 44.824 1.892
0.614 31.832 1.684
6.966 17.560 0.187
27.065 38.016 2.181
14.849 23.415 2.027
25.529 29.992 0.602
38.842 39.698 0.733
30.769 31.813 0.395
0.370 29.429 0.906
13.730 27.383 1.078
3.627 32.984 1.417
13.520 41.316 1.710
21.419 24.094 1.482
18.631 30.273 0.676
34.534 36.603 1.265
22.633 40.453 1.844
34.569 39.189 2.211
34.575 42.785 1.677
33.146 43.737 1.991
36.333 41.991 2.373
17.607 27.485 0.280
32.922 35.897 1.112
0.034 35.205 1.709
2.549 19.064 0.234
27.356 31.851 2.100
5.714 19.395 0.126
0.742 30.301 2.544
2.146 30.326 2.377
17.269 24.037 0.055
15.678 38.975 1.700
0.913 8.867 2.148
25.371 44.700 1.431
18.537 26.885 0.558
31.286 38.340 0.891
24.321 44.682 0.267
30.233 37.186 0.392
28.465 41.871 2.597
25.666 44.045 1.615
27.526 37.763 0.753
11.615 35.807 1.425
9.857 27.891 1.421
38.082 43.784 1.742
24.935 41.195 1.159
29.821 34.972 2.571
25.179 37.866 2.366
36.736 41.451 1.314
17.989 43.528 2.312
7.317 15.489 0.655
29.220 40.001 2.447
1.654 4.760 1.668
22.254 33.190 1.416
2.455 10.149 2.590
24.036 27.767 0.131
26.409 32.875 0.864
26.143 34.816 1.067
8.865 16.350 1.764
19.902 40.309 1.320
17.403 26.780 0.012
15.036 39.884 0.334
29.332 40.238 2.317
26.024 40.308 1.338
29.487 38.043 2.488
14.530 42.123 0.292
32.849 35.223 1.182
34.778 37.080 1.980
16.667 20.855 2.434
6.594 11.570 0.549
23.645 36.966 0.308
23.204 39.631 1.795
36.626 40.347 1.741
32.355 44.971 0.983
30.901 33.746 0.531
15.530 32.849 0.471
7.825 16.919 2.496
15.269 19.556 0.790
7.926 36.544 0.120
30.442 32.754 2.291
17.945 39.851 1.109
18.454 38.670 1.287
9.540 14.148 1.454
36.881 44.171 2.324
2.385 29.789 1.276
29.889 35.216 1.966
36.396 39.762 2.059
22.114 34.128 0.133
31.615 33.723 1.831
29.270 43.774 1.439
35.022 39.509 2.072
15.798 18.520 1.253
26.079 40.622 0.002
30.248 33.013 0.571
2.301 5.383 1.744
13.835 39.076 1.814
17.450 35.890 2.552
11.812 40.986 1.240
3.171 9.387 0.263
5.720 19.497 2.387
14.953 18.371 2.116
32.568 43.794 0.624
10.260 18.041 0.700
9.175 40.792 2.200
35.508 42.149 2.196
1.636 9.972 0.451
14.236 20.881 1.168
35.779 41.552 1.620
36.467 43.068 1.359
39.973 44.668 2.520
33.608 38.112 0.381
11.375 44.129 0.445
29.673 31.952 1.863
25.802 40.488 2.113
32.727 41.641 0.324
15.003 42.606 1.690
35.587 42.887 0.084
17.955 24.153 0.020
16.739 42.745 0.407
20.068 39.034 0.631
36.261 37.079 0.555
30.847 38.988 0.593
32.256 37.962 2.215
21.557 42.274 2.579
25.875 41.531 0.592
14.842 16.817 0.954
22.452 26.063 1.034
12.997 21.312 2.337
37.607 43.935 0.325
35.758 38.712 1.158
25.390 38.175 1.456
16.946 41.194 0.043
5.585 17.585 0.695
27.266 44.330 1.460
24.289 34.227 2.049
32.735 36.062 1.923
20.661 20.883 0.052
29.933 43.610 0.868
18.491 21.725 1.997
25.239 38.744 0.063
38.763 43.551 1.301
10.638 33.613 2.138
23.889 41.818 0.685
18.403 29.016 1.945
0.580 28.871 1.239
16.155 17.922 0.997
11.553 41.296 1.552
17.287 29.395 2.422
21.325 44.391 0.026
34.608 42.220 1.137
13.318 29.899 1.566
22.385 31.001 0.101
9.322 40.330 2.437
38.564 42.981 1.583
3.058 16.598 1.058
19.943 41.889 0.208
12.171 42.933 2.032
23.537 29.937 0.562
22.429 29.778 2.273
12.056 40.858 1.891
9.243 25.493 0.496
35.614 37.334 1.493
39.810 43.082 0.154
10.277 14.700 0.442
9.259 43.615 1.287
1.971 16.637 0.207
11.189 28.458 1.340
