1.924 10.215 1.043
0.851 6.342 1.805
0.641 3.716 1.564
7.795 10.786 1.552
1.685 2.630 0.913
6.005 8.162 0.228
2.489 4.726 1.985
2.017 4.527 0.379
1.228 10.022 1.241
7.513 10.318 0.391
5.164 10.589 1.314
3.644 9.148 1.843
1.206 7.332 1.273
3.376 8.364 1.886
4.629 7.054 1.073
3.176 4.137 0.701
6.362 7.053 0.393
3.115 4.772 1.181
1.581 7.761 0.312
3.635 9.137 1.209
3.530 7.318 1.369
6.686 8.495 1.184
7.596 9.995 1.752
7.900 10.715 0.371
4.596 8.943 0.884
5.668 7.262 0.099
2.082 10.152 0.815
5.682 10.599 1.457
3.149 10.322 0.795
2.469 7.670 0.776
2.828 9.293 1.467
5.891 7.876 1.479
1.601 8.171 0.545
7.289 9.565 0.736
0.875 4.377 1.815
4.144 7.886 1.310
5.501 6.105 0.181
0.606 4.333 0.056
2.458 4.872 1.395
3.159 8.501 0.136
5.799 9.530 0.397
4.926 8.827 1.310
0.786 2.330 1.091
7.797 10.932 0.928
5.823 9.683 1.062
5.542 8.118 0.744
0.400 3.542 1.620
0.487 8.868 0.621
1.700 6.539 0.644
0.073 6.055 0.880
4.848 8.224 1.517
2.798 10.624 1.685
4.986 7.196 1.995
4.503 8.075 1.727
2.451 3.233 0.568
4.901 5.782 0.782
0.248 9.602 0.911
7.494 10.263 0.804
4.893 10.441 1.617
4.661 6.258 1.190
6.345 9.473 0.924
4.715 10.053 1.138
5.382 6.120 0.687
2.138 4.720 0.683
6.168 10.468 0.743
0.935 7.804 1.451
7.152 9.383 0.366
7.216 10.923 1.560
1.579 9.457 1.803
7.627 10.816 1.698
5.030 8.855 0.371
2.120 8.756 0.501
6.305 9.754 0.342
3.848 9.648 0.163
6.843 8.294 0.249
4.587 9.699 0.946
1.535 10.960 1.456
0.123 8.045 1.295
1.393 4.139 0.144
5.413 9.267 1.678
