0.025 5.989 1.409
16.175 21.170 1.463
7.006 22.209 2.240
14.932 23.641 0.435
14.210 18.384 1.284
0.300 9.447 0.229
2.946 24.752 0.415
8.914 9.285 0.298
0.178 13.817 0.945
11.424 20.258 1.504
3.325 14.006 1.658
7.042 18.011 0.143
15.666 21.482 2.007
6.039 20.416 2.190
19.118 23.357 2.314
2.847 8.943 1.155
17.245 23.407 0.524
16.873 24.998 2.492
12.230 16.349 0.981
5.946 8.449 2.100
7.517 19.431 0.232
1.124 23.063 0.022
5.518 17.253 0.682
13.824 22.516 2.094
9.699 21.210 0.513
9.369 24.263 1.145
14.889 21.054 0.271
7.705 18.955 1.838
11.448 14.268 0.903
4.502 21.169 1.063
10.342 21.973 2.475
6.911 18.946 0.422
9.838 20.495 0.159
10.096 24.267 0.369
2.832 18.887 2.263
6.061 8.385 1.066
19.332 21.647 1.708
17.545 22.743 2.054
3.827 21.211 0.445
9.505 17.506 0.389
14.640 18.267 1.014
11.375 22.090 1.706
14.438 16.780 1.188
7.356 9.989 2.087
10.340 17.540 1.657
2.094 23.386 2.373
10.991 18.056 0.865
7.500 14.492 2.117
9.122 24.741 0.680
5.956 17.559 1.848
3.920 21.921 1.903
7.953 23.265 1.252
0.549 15.612 2.487
1.010 6.736 1.328
16.861 22.750 1.567
3.957 8.398 2.105
2.199 10.634 1.858
18.821 21.374 0.715
2.805 21.633 1.833
14.160 22.639 1.501
5.054 5.447 0.361
1.220 21.793 2.016
4.212 15.841 0.289
0.285 11.673 0.284
15.044 21.238 1.715
1.478 7.099 1.092
13.924 19.170 0.726
4.649 16.163 1.445
12.574 19.037 0.400
19.261 24.699 1.739
3.799 8.270 0.840
19.904 24.992 1.144
1.950 5.541 1.563
8.755 11.757 2.329
17.892 20.068 0.725
15.381 18.143 1.027
12.561 19.007 1.510
9.327 19.821 1.495
17.096 22.812 2.072
14.418 19.272 1.414
3.685 16.338 1.845
18.102 19.898 0.607
12.094 20.365 1.746
7.026 9.608 1.236
14.815 21.714 1.530
13.822 17.201 2.011
11.521 24.000 2.169
12.294 14.584 1.819
13.356 18.696 2.441
11.384 14.384 0.765
2.171 21.927 2.173
14.886 18.453 0.387
1.587 16.663 0.192
16.400 21.007 1.363
8.180 16.410 0.747
10.024 15.120 0.382
14.760 23.361 0.785
19.181 24.000 2.183
6.001 10.478 2.360
1.315 14.673 1.962
