0.060 11.146 1.296
38.820 45.844 1.346
16.814 46.132 2.061
35.837 49.777 0.400
34.104 40.366 1.181
0.719 19.542 0.210
7.071 51.489 0.382
21.393 21.809 0.274
0.428 28.254 0.869
27.417 42.887 1.384
7.979 28.661 1.525
16.902 38.282 0.131
37.599 45.972 1.846
14.494 42.299 2.015
45.883 50.163 2.129
6.832 18.274 1.063
41.387 49.768 0.482
40.495 51.997 2.293
29.352 36.043 0.903
14.269 17.052 1.932
18.042 41.107 0.213
2.698 47.998 0.020
13.243 36.287 0.628
33.177 47.379 1.927
23.277 44.760 0.472
22.486 50.553 1.053
35.733 45.578 0.249
18.491 39.558 1.691
27.475 31.897 0.831
10.805 44.072 0.978
24.821 45.813 2.277
16.587 39.997 0.389
23.611 43.520 0.146
24.231 50.617 0.339
6.796 38.757 2.082
14.546 18.094 0.981
46.397 48.586 1.571
42.108 48.656 1.890
9.185 44.248 0.409
22.813 37.698 0.358
35.137 40.523 0.933
27.300 46.353 1.569
34.652 37.745 1.093
17.655 20.713 1.920
24.817 37.278 1.525
5.025 48.479 2.183
26.378 38.885 0.796
17.999 30.104 1.948
21.893 51.498 0.625
14.294 36.420 1.700
9.408 45.443 1.751
19.087 48.512 1.152
1.318 31.316 2.288
2.424 13.030 1.222
40.466 48.544 1.442
9.497 16.437 1.937
5.277 21.123 1.709
45.171 47.905 0.658
6.733 44.793 1.686
33.984 47.795 1.381
12.131 12.527 0.332
2.928 45.041 1.854
10.108 33.402 0.266
0.684 24.151 0.262
36.107 45.464 1.578
3.546 14.133 1.004
33.419 41.909 0.668
11.157 33.530 1.329
30.177 41.361 0.368
46.226 51.686 1.600
9.117 17.400 0.773
47.769 51.994 1.052
4.680 10.449 1.438
21.011 24.551 2.142
42.942 45.516 0.667
36.915 40.716 0.945
30.147 40.778 1.390
22.385 41.685 1.375
41.030 48.599 1.906
34.604 41.943 1.301
8.845 33.557 1.697
43.444 45.514 0.559
29.027 43.125 1.607
16.862 20.733 1.137
35.556 46.292 1.408
33.174 37.556 1.850
27.650 50.023 1.996
29.506 32.079 1.674
32.053 39.875 2.246
27.322 32.195 0.703
5.211 45.336 1.999
35.727 41.287 0.356
3.809 34.762 0.176
39.360 45.718 1.254
19.631 35.068 0.687
24.058 33.322 0.351
35.424 49.252 0.722
46.036 50.912 2.009
14.403 21.081 2.171
3.155 29.637 1.805
29.263 32.946 2.199
42.031 46.261 1.504
5.030 16.594 1.162
13.934 35.864 2.116
31.814 41.890 0.263
18.198 45.251 1.143
24.445 43.681 0.879
25.543 36.842 1.394
0.283 6.951 1.628
29.907 41.775 1.985
35.872 42.711 1.143
37.697 43.622 1.271
45.874 48.151 1.451
17.964 43.340 0.303
45.683 47.227 1.408
15.833 38.998 0.129
6.318 46.066 1.948
28.650 48.833 1.660
0.705 37.102 0.291
29.623 31.566 0.500
8.108 24.021 1.435
15.332 39.856 0.845
38.515 46.494 1.856
29.333 49.929 1.836
6.951 25.946 1.449
12.178 46.279 0.314
3.176 31.589 0.984
14.510 23.942 1.261
14.945 44.936 0.254
6.466 42.490 0.654
42.971 50.152 1.816
29.531 48.898 0.831
10.968 21.913 1.986
11.978 51.412 1.248
2.583 28.600 0.187
20.486 28.803 0.218
42.794 44.600 0.535
6.005 11.660 2.143
2.260 19.083 0.135
43.906 47.929 0.917
45.416 49.830 1.926
40.421 45.986 1.595
12.440 33.237 0.010
45.831 48.014 0.917
28.107 44.635 0.587
45.373 51.383 1.002
0.344 32.280 2.164
37.736 40.905 1.326
10.672 11.725 0.881
20.060 41.203 0.189
41.045 49.958 0.149
31.779 48.324 1.590
25.447 30.589 1.577
33.096 48.170 1.674
1.491 34.755 1.998
33.915 43.986 0.197
45.499 47.385 0.135
6.968 35.745 2.258
14.028 29.326 2.122
33.338 36.672 0.503
11.546 48.164 1.199
5.108 26.980 2.076
3.845 13.608 1.799
46.771 51.554 1.785
10.111 11.314 1.050
36.030 42.650 0.262
14.935 18.559 2.283
12.100 22.310 0.435
7.368 47.048 1.427
45.076 50.574 0.450
30.987 50.228 1.511
21.862 42.590 2.119
7.237 33.361 1.464
20.258 38.413 2.169
27.771 34.875 1.234
19.054 21.036 0.806
38.172 39.564 0.452
18.692 22.317 1.359
9.488 37.008 0.359
21.808 43.283 1.390
21.182 34.352 1.574
40.115 43.577 1.362
45.574 49.317 2.015
47.398 51.565 0.426
27.574 43.276 1.017
34.009 39.228 0.114
12.490 47.962 0.938
34.089 50.312 1.675
18.891 48.905 0.914
14.813 36.414 0.893
16.971 43.510 1.687
35.346 39.130 1.701
9.608 38.654 0.627
43.734 48.421 0.846
5.250 16.407 2.087
24.862 37.608 1.506
33.007 34.709 0.208
3.637 20.851 0.064
14.747 21.437 1.604
18.953 41.335 0.156
34.797 46.876 0.457
29.554 42.451 1.506
4.718 8.257 1.254
46.780 51.875 1.067
34.938 46.930 1.221
33.254 41.063 0.856
2.398 12.355 1.862
2.920 41.576 0.714
10.199 30.840 0.740
0.439 27.123 1.012
29.085 39.321 1.745
16.791 50.081 1.938
29.919 33.271 2.294
27.017 37.897 1.986
14.707 16.340 0.654
29.403 30.707 0.900
1.490 44.973 1.048
44.965 50.333 0.924
29.356 49.411 1.859
27.965 31.124 1.369
38.072 46.734 1.063
28.293 47.880 1.309
32.292 33.276 0.790
12.831 22.525 0.786
37.009 50.160 0.855
5.609 35.405 1.669
42.910 47.974 0.421
43.296 51.760 1.794
9.473 43.805 2.074
45.763 51.530 1.952
30.178 43.804 0.427
12.720 41.635 0.576
37.829 48.058 0.393
23.085 46.442 0.187
41.056 44.620 0.287
27.519 46.434 1.088
9.210 51.795 1.674
0.737 36.652 1.490
8.359 20.479 0.166
32.478 44.201 1.930
17.819 27.143 1.793
30.635 35.430 0.533
46.610 47.366 0.648
36.923 37.963 0.349
0.444 33.925 0.802
16.476 31.828 0.953
4.352 38.048 1.254
16.224 47.760 1.512
25.703 28.363 1.311
22.357 35.352 0.598
41.440 43.385 1.119
27.159 46.858 1.632
41.483 45.947 1.956
41.490 49.715 1.483
39.775 50.660 1.761
43.599 48.988 2.099
21.128 32.217 0.248
39.507 42.445 0.984
0.041 40.576 1.512
3.059 22.060 0.207
32.827 37.352 1.858
6.857 22.556 0.111
0.891 34.784 2.250
2.575 34.844 2.103
20.722 28.347 0.048
18.814 45.090 1.504
1.096 9.779 1.900
30.445 51.665 1.266
22.244 31.537 0.494
37.544 44.901 0.788
29.185 51.649 0.236
36.279 43.643 0.347
34.158 48.510 2.297
30.799 50.934 1.429
33.032 44.078 0.667
13.938 41.415 1.261
11.829 32.256 1.257
45.699 50.882 1.541
29.922 47.763 1.025
35.786 40.913 2.275
30.215 43.952 2.093
44.083 48.551 1.163
21.587 50.309 2.045
8.781 18.016 0.580
35.064 46.462 2.165
1.985 5.135 1.475
26.705 38.688 1.252
2.946 11.211 2.291
28.844 32.941 0.116
31.691 38.631 0.765
31.372 40.731 0.944
10.638 18.823 1.561
23.882 46.683 1.168
20.883 31.454 0.010
18.043 46.188 0.296
35.198 46.738 2.050
31.228 46.789 1.183
35.384 44.300 2.201
17.437 48.729 0.258
39.419 41.718 1.046
41.733 43.818 1.751
20.000 24.175 2.153
7.913 13.497 0.486
28.373 43.085 0.272
27.845 45.942 1.588
43.951 47.434 1.540
38.825 51.969 0.870
37.081 40.015 0.470
18.636 38.195 0.417
9.390 19.285 2.208
18.323 23.007 0.699
9.512 42.302 0.106
36.530 38.580 2.026
21.534 46.148 0.981
22.145 44.803 1.138
11.448 16.376 1.287
44.257 51.187 2.056
2.862 34.335 1.129
35.866 41.287 1.739
43.676 46.795 1.822
26.536 39.889 0.118
37.938 39.856 1.620
35.124 50.661 1.273
42.026 46.346 1.833
18.957 21.745 1.108
31.294 47.209 0.002
36.297 39.154 0.505
2.761 5.863 1.542
16.602 45.179 1.605
20.941 41.503 2.258
14.174 47.385 1.097
3.806 10.907 0.232
6.864 22.258 2.111
17.943 21.316 1.872
39.082 50.737 0.552
12.312 21.059 0.620
11.010 47.113 1.946
42.609 49.090 1.943
1.963 11.483 0.399
17.084 24.387 1.033
42.934 48.537 1.433
43.761 50.104 1.202
47.968 51.761 2.229
40.330 44.910 0.337
13.650 51.004 0.393
35.607 37.711 1.648
30.962 46.938 1.869
39.272 48.503 0.287
18.003 49.251 1.495
42.704 49.911 0.074
21.546 28.521 0.017
20.087 49.445 0.360
24.081 45.283 0.559
43.513 44.261 0.491
37.016 45.589 0.525
38.707 44.425 1.960
25.868 48.884 2.281
31.050 48.176 0.524
17.810 19.820 0.844
26.942 30.749 0.915
15.597 24.582 2.068
45.129 51.008 0.288
42.910 45.726 1.025
30.468 44.389 1.288
20.336 47.703 0.038
6.702 20.363 0.615
32.720 51.259 1.291
29.147 39.854 1.813
39.282 42.479 1.701
24.793 25.029 0.046
35.919 50.501 0.768
22.189 25.371 1.766
30.287 45.122 0.056
46.516 50.728 1.151
12.765 38.804 1.891
28.666 48.460 0.606
22.083 33.718 1.721
0.696 33.246 1.096
19.386 21.145 0.882
13.864 47.731 1.373
20.744 34.037 2.143
25.590 51.320 0.023
41.530 49.157 1.006
15.982 34.633 1.385
26.862 36.425 0.090
11.186 46.569 2.156
46.277 50.202 1.400
3.670 19.076 0.936
23.932 48.508 0.184
14.605 49.611 1.797
28.245 35.238 0.497
26.914 34.696 2.011
14.467 47.216 1.672
11.092 29.612 0.439
42.737 44.286 1.321
47.771 50.442 0.136
12.333 17.284 0.391
11.111 50.402 1.138
2.366 19.246 0.183
13.427 32.953 1.186
19.789 39.998 2.127
14.023 29.932 1.094
45.664 51.162 1.261
38.133 47.105 1.844
41.764 51.422 0.732
12.860 41.603 2.170
6.126 28.759 1.782
8.444 10.316 0.061
21.830 27.650 1.983
0.694 42.779 0.489
38.266 47.922 1.793
14.340 49.185 1.797
40.422 46.476 0.558
1.105 2.845 0.174
17.098 32.372 1.645
8.660 17.113 0.685
35.755 36.993 0.310
25.230 46.986 0.825
7.623 15.269 2.070
1.403 42.871 0.417
11.962 26.709 1.313
25.917 48.827 1.529
44.761 47.468 2.174
7.355 43.339 1.283
42.967 50.868 0.167
39.476 46.752 0.893
32.254 38.555 1.037
45.574 50.867 2.259
28.551 32.189 0.626
9.501 30.921 1.381
17.056 34.050 0.529
33.206 46.536 2.181
47.164 49.913 0.546
11.319 32.088 2.065
15.670 36.937 1.236
16.153 22.885 0.801
13.928 49.100 0.504
35.505 46.883 1.856
32.961 47.706 0.621
3.092 45.341 1.660
16.395 33.691 0.102
0.998 33.279 1.928
25.948 41.362 1.389
37.314 47.993 1.472
36.477 40.611 1.996
20.328 22.777 1.809
21.042 36.764 0.097
12.925 22.611 0.157
47.139 50.579 1.165
3.409 49.877 0.845
41.283 44.464 0.776
13.897 51.723 0.117
8.278 18.026 0.158
14.444 39.475 1.810
4.017 11.087 0.604
10.442 18.913 1.294
30.350 40.307 0.246
36.424 38.042 0.768
13.560 47.330 1.597
27.244 31.090 1.998
38.179 47.795 2.299
29.705 43.485 1.368
9.324 20.934 2.251
2.030 15.189 0.550
19.527 29.705 1.828
43.202 49.841 0.873
9.911 35.405 0.122
16.991 40.657 0.831
46.850 51.517 0.514
16.654 40.898 2.193
9.680 25.141 0.649
25.536 31.879 0.669
4.781 38.347 0.245
40.503 50.200 1.545
0.277 31.997 1.130
44.896 49.463 0.668
35.852 50.759 2.010
39.845 44.520 1.394
37.643 45.591 0.345
33.074 51.877 0.908
