0.029 6.424 1.465
18.601 23.423 1.521
8.057 24.057 2.330
17.172 25.678 0.453
16.342 20.511 1.335
0.345 10.210 0.238
3.388 26.734 0.431
10.251 10.637 0.310
0.205 14.911 0.982
13.137 22.169 1.565
3.823 15.218 1.724
8.099 19.643 0.148
18.016 23.689 2.087
6.945 22.141 2.278
21.986 25.799 2.407
3.274 9.776 1.201
19.832 25.541 0.545
19.404 26.998 2.592
14.064 18.257 1.020
6.837 9.449 2.184
8.645 21.153 0.241
1.293 24.914 0.023
6.345 18.781 0.710
15.897 24.559 2.178
11.154 23.076 0.534
10.775 26.236 1.191
17.122 23.152 0.282
8.860 20.654 1.911
13.165 16.059 0.939
5.177 22.916 1.105
11.893 23.886 2.574
7.948 20.622 0.439
11.314 22.340 0.165
11.611 26.243 0.383
3.256 20.431 2.353
6.970 9.411 1.109
22.232 24.467 1.776
20.177 25.041 2.136
4.401 22.953 0.463
10.931 19.229 0.404
16.836 20.438 1.055
13.081 24.035 1.774
16.604 18.967 1.236
8.460 11.204 2.170
11.891 19.320 1.724
2.408 25.261 2.468
12.640 19.889 0.900
8.625 15.952 2.202
10.490 26.731 0.707
6.849 19.112 1.922
4.508 23.707 1.979
9.146 25.182 1.302
0.632 16.835 2.586
1.162 7.289 1.381
19.390 24.952 1.630
4.551 9.239 2.190
2.528 11.539 1.932
21.645 23.939 0.744
3.226 23.383 1.906
16.284 24.686 1.561
5.813 6.222 0.376
1.403 23.537 2.096
4.843 17.235 0.301
0.328 12.612 0.296
17.301 23.386 1.784
1.699 7.715 1.135
16.013 21.236 0.755
5.346 17.581 1.502
14.460 20.988 0.416
22.150 26.771 1.809
4.369 9.123 0.873
22.889 26.994 1.189
2.243 6.052 1.625
10.068 13.192 2.422
20.576 22.619 0.754
17.689 20.421 1.068
14.446 20.977 1.571
10.726 21.623 1.554
19.660 25.054 2.155
16.581 21.409 1.471
4.238 17.728 1.919
20.817 22.497 0.631
13.909 22.316 1.816
8.080 10.783 1.286
17.037 23.822 1.591
15.896 19.331 2.092
13.249 25.983 2.256
14.138 16.504 1.892
15.359 20.765 2.539
13.092 16.167 0.795
2.497 23.691 2.260
17.119 20.620 0.403
1.825 18.033 0.199
18.860 23.291 1.417
9.407 18.012 0.777
11.528 16.795 0.397
16.974 25.404 0.816
22.059 26.266 2.271
6.901 11.601 2.454
1.512 15.853 2.041
14.022 17.266 2.486
20.140 23.502 1.700
2.410 9.009 1.313
6.677 18.952 2.392
15.244 21.186 0.298
8.720 23.490 1.292
11.713 22.543 0.994
12.239 19.026 1.576
0.135 4.494 1.840
14.331 21.699 2.244
17.189 21.719 1.292
18.063 22.179 1.437
21.982 24.218 1.640
8.608 22.366 0.342
21.890 23.579 1.591
7.586 20.048 0.145
3.027 24.046 2.202
13.728 25.336 1.876
0.338 19.308 0.329
14.194 15.567 0.566
