0.095 16.723 1.465
61.464 71.150 1.521
26.622 70.956 2.330
56.742 76.783 0.453
53.998 62.832 1.335
1.139 30.031 0.238
11.196 79.215 0.431
33.873 34.396 0.310
0.677 43.310 0.982
43.410 66.241 1.565
12.634 43.949 1.724
26.761 59.172 0.148
59.532 71.175 2.087
22.948 65.029 2.278
72.648 77.722 2.407
10.818 28.017 1.201
65.530 76.932 0.545
64.118 79.996 2.592
46.474 56.148 1.020
22.593 26.089 2.184
28.566 63.475 0.241
4.272 73.852 0.023
20.967 55.966 0.710
52.530 73.082 2.178
36.855 69.080 0.534
35.603 77.803 1.191
56.577 70.721 0.282
29.278 60.913 1.911
43.503 49.831 0.939
17.108 67.821 1.105
39.300 70.528 2.574
26.263 61.735 0.439
37.384 67.255 0.165
38.365 77.920 0.383
10.760 59.458 2.353
23.032 28.072 1.109
73.463 75.968 1.776
66.671 75.322 2.136
14.543 68.119 0.463
36.120 58.433 0.404
55.633 63.205 1.055
43.224 71.454 1.774
54.866 59.041 1.236
27.953 31.874 2.170
39.293 57.632 1.724
7.956 74.530 2.468
41.766 60.277 0.900
28.499 46.322 2.202
34.664 79.240 0.707
22.633 56.008 1.922
14.895 69.865 1.979
30.222 74.676 1.302
2.087 47.805 2.586
3.839 19.732 1.381
64.071 75.104 1.630
15.037 24.968 2.190
8.355 32.181 1.932
71.521 74.866 0.744
10.660 68.848 1.906
53.808 73.774 1.561
19.207 19.680 0.376
4.636 69.202 2.096
16.004 51.541 0.301
1.083 37.113 0.296
57.169 70.391 1.784
5.615 21.543 1.135
52.913 65.167 0.755
17.665 51.565 1.502
47.780 64.230 0.416
73.191 79.624 1.809
14.436 26.847 0.873
75.634 79.994 1.189
7.411 15.735 1.625
33.267 37.835 2.422
67.991 71.303 0.754
58.449 63.654 1.068
47.733 63.167 1.571
35.443 64.292 1.554
64.964 75.167 2.155
54.789 65.166 1.471
14.005 51.494 1.919
68.787 71.417 0.631
45.959 66.614 1.816
26.699 32.166 1.286
56.297 71.606 1.591
52.525 58.402 2.092
43.779 76.996 2.256
46.717 49.966 1.892
50.751 61.704 2.539
43.259 50.306 0.795
8.250 69.661 2.260
56.568 64.499 0.403
6.030 53.515 0.199
62.320 71.027 1.417
31.082 54.272 0.777
38.092 51.898 0.397
56.088 75.997 0.816
72.890 78.669 2.271
22.804 32.224 2.454
4.996 45.312 2.041
46.332 51.072 2.486
66.548 72.034 1.700
7.965 25.338 1.313
22.062 55.069 2.392
50.373 65.116 0.298
28.814 69.690 1.292
38.704 67.432 0.994
40.443 57.029 1.576
0.448 10.107 1.840
47.353 64.540 2.244
56.798 66.418 1.292
59.688 67.865 1.437
72.635 75.286 1.640
28.443 66.852 0.342
72.331 74.091 1.591
25.068 60.234 0.145
10.004 70.801 2.202
45.363 75.216 1.876
1.116 57.055 0.329
46.903 49.614 0.566
12.838 36.808 1.623
24.275 61.433 0.956
60.982 71.989 2.098
46.444 76.871 2.075
11.006 39.749 1.638
19.281 71.259 0.355
5.028 48.488 1.112
22.974 36.940 1.425
23.663 69.241 0.288
10.238 65.375 0.739
68.037 77.461 2.053
46.757 75.369 0.939
17.365 33.466 2.245
18.966 79.096 1.410
4.089 44.018 0.212
32.437 44.929 0.246
67.757 70.068 0.605
9.507 17.383 2.422
3.579 29.389 0.153
69.517 74.642 1.036
71.909 77.245 2.177
63.999 71.449 1.803
19.696 51.397 0.011
72.565 75.144 1.037
44.502 68.993 0.663
71.841 79.229 1.132
0.545 49.316 2.447
59.748 63.918 1.499
16.897 18.158 0.996
31.762 63.669 0.214
64.987 77.195 0.169
50.317 74.498 1.798
40.290 47.488 1.783
52.402 74.287 1.893
2.361 53.204 2.259
53.699 68.316 0.222
72.041 74.340 0.153
11.033 54.762 2.553
22.211 44.967 2.398
52.785 57.508 0.568
18.282 74.101 1.356
8.088 41.163 2.347
6.088 20.470 2.033
74.054 79.491 2.017
16.009 17.432 1.187
57.048 66.513 0.297
23.646 28.301 2.581
19.158 34.598 0.492
11.667 72.352 1.613
71.370 78.211 0.509
49.062 77.344 1.708
34.615 65.563 2.395
11.458 51.207 1.654
32.075 59.109 2.452
43.971 54.208 1.395
30.169 32.871 0.911
60.439 62.289 0.511
29.596 34.598 1.536
15.023 57.034 0.405
34.529 66.714 1.571
33.539 53.036 1.780
63.515 68.037 1.540
72.159 76.616 2.278
75.047 79.534 0.482
43.658 66.885 1.149
53.847 61.408 0.129
19.775 73.807 1.060
53.975 77.492 1.894
29.911 75.284 1.033
23.454 56.151 1.009
26.870 66.956 1.908
55.965 60.968 1.923
15.213 59.523 0.709
69.246 75.274 0.956
8.313 24.751 2.359
39.365 58.140 1.703
52.261 54.684 0.235
5.759 32.167 0.072
23.349 32.986 1.813
30.008 63.847 0.176
55.095 72.538 0.517
46.794 65.634 1.703
7.471 12.418 1.418
74.068 79.858 1.206
55.318 72.542 1.380
52.653 63.872 0.967
3.797 18.466 2.105
4.623 63.929 0.807
16.148 47.526 0.837
0.696 41.534 1.144
46.052 60.849 1.972
26.585 77.045 2.191
47.372 51.570 2.593
42.777 58.550 2.245
23.287 25.521 0.739
46.555 48.176 1.017
2.359 69.138 1.185
71.194 77.884 1.045
46.481 76.086 2.102
44.277 48.525 1.547
60.281 72.420 1.202
44.797 73.797 1.480
51.129 52.308 0.893
20.316 34.850 0.888
58.597 77.341 0.967
8.881 54.310 1.887
67.940 74.620 0.476
68.552 79.672 2.028
15.000 67.307 2.344
72.458 79.415 2.207
47.782 67.843 0.482
20.139 64.144 0.652
59.896 74.375 0.444
36.552 71.636 0.212
65.006 69.841 0.324
43.572 71.625 1.230
14.582 79.684 1.892
1.167 56.210 1.684
13.235 31.729 0.187
51.424 68.298 2.181
28.213 41.810 2.027
48.506 55.428 0.602
73.799 74.657 0.733
58.461 59.849 0.395
0.703 52.083 0.906
26.086 49.171 1.078
6.891 58.440 1.417
25.687 73.490 1.710
40.696 44.220 1.482
35.399 54.822 0.676
65.614 68.026 1.265
43.002 72.212 1.844
65.681 71.440 2.211
65.693 76.803 1.677
62.977 78.074 1.991
69.033 75.891 2.373
33.453 50.112 0.280
62.552 66.439 1.112
0.065 62.286 1.709
4.843 33.972 0.234
51.976 58.070 2.100
10.857 34.873 0.126
1.410 53.204 2.544
4.078 53.338 2.377
32.810 44.300 0.055
29.788 69.419 1.700
1.735 14.420 2.148
48.204 79.499 1.431
35.220 49.076 0.558
59.444 69.786 0.891
46.210 79.478 0.267
57.442 67.951 0.392
54.084 74.765 2.597
48.766 78.404 1.615
52.300 68.336 0.753
22.069 63.747 1.425
18.729 49.634 1.421
72.356 78.614 1.742
47.376 73.668 1.159
56.661 63.482 2.571
47.840 67.823 2.366
69.798 75.462 1.314
34.179 77.407 2.312
13.903 27.843 0.655
55.517 71.738 2.447
3.143 7.406 1.668
42.283 59.901 1.416
4.664 16.547 2.590
45.669 51.710 0.131
50.178 60.192 0.864
49.672 63.249 1.067
16.844 28.826 1.764
37.813 71.938 1.320
33.065 49.007 0.012
28.568 71.177 0.334
55.731 72.170 2.317
49.445 72.227 1.338
56.025 68.523 2.488
27.608 75.033 0.292
62.413 65.378 1.182
66.078 68.524 1.980
31.667 37.211 2.434
12.529 20.903 0.549
44.925 66.728 0.308
44.087 70.841 1.795
69.589 73.918 1.741
61.474 79.956 0.983
58.711 62.783 0.531
29.507 59.040 0.471
14.867 29.280 2.496
29.011 35.867 0.790
15.060 65.167 0.120
57.839 60.165 2.291
34.095 71.110 1.109
35.062 69.060 1.287
18.126 25.184 1.454
70.074 78.913 2.324
4.532 52.700 1.276
56.788 64.188 1.966
69.153 72.966 2.059
42.016 61.914 0.133
60.068 62.334 1.831
55.612 78.031 1.439
66.541 72.091 2.072
30.015 33.831 1.253
49.549 72.954 0.002
57.470 61.440 0.571
4.372 8.531 1.744
26.286 69.524 1.814
33.156 63.858 2.552
22.443 72.924 1.240
6.026 16.846 0.263
10.869 33.861 2.387
28.410 32.833 2.116
61.879 78.213 0.624
19.495 32.635 0.700
17.433 72.445 2.200
67.465 75.960 2.196
3.108 17.605 0.451
27.049 37.800 1.168
67.979 75.282 1.620
69.288 77.481 1.359
75.949 79.797 2.520
63.856 70.139 0.381
21.612 78.479 0.445
56.378 58.913 1.863
49.023 72.378 2.113
62.181 75.082 0.324
28.506 75.788 1.690
67.615 77.214 0.084
34.114 44.619 0.020
31.804 76.131 0.407
38.129 69.875 0.631
68.896 69.789 0.555
58.609 70.778 0.593
61.286 68.972 2.215
40.958 75.236 2.579
49.162 74.338 0.592
28.199 30.932 0.954
42.659 48.042 1.034
24.695 37.704 2.337
71.454 78.761 0.325
67.940 71.520 1.158
48.241 68.608 1.456
32.198 73.511 0.043
10.611 31.363 0.695
51.806 78.899 1.460
46.149 61.641 2.049
62.197 66.276 1.923
39.256 39.593 0.052
56.872 77.821 0.868
35.132 39.294 1.997
47.954 69.843 0.063
73.650 78.518 1.301
20.211 59.628 2.138
45.388 74.715 0.685
34.965 52.061 1.945
1.102 50.993 1.239
30.695 33.027 0.997
21.951 73.439 1.552
32.845 52.399 2.422
40.518 78.984 0.026
65.755 76.063 1.137
25.305 53.358 1.566
42.531 56.765 0.101
17.711 71.592 2.437
73.272 77.860 1.583
5.810 29.196 1.058
37.892 74.753 0.208
23.124 76.319 2.032
44.720 54.979 0.562
42.614 53.668 2.273
22.906 72.636 1.891
17.563 45.733 0.496
67.666 69.472 1.493
75.638 78.398 0.154
19.527 26.940 0.442
17.593 77.543 1.287
3.746 29.631 0.207
21.260 50.758 1.340
31.333 61.544 2.404
22.204 46.158 1.237
72.301 78.964 1.426
60.376 72.859 2.084
66.126 79.206 0.827
20.362 63.918 2.453
9.700 44.006 2.015
13.369 16.209 0.069
34.564 42.685 2.242
1.099 65.783 0.553
60.588 74.063 2.027
22.705 75.662 2.032
64.002 72.297 0.631
1.749 4.356 0.197
27.072 49.860 1.860
13.712 26.417 0.775
56.612 58.304 0.350
39.947 72.439 0.933
12.070 23.055 2.340
2.222 65.936 0.472
18.940 41.091 1.484
41.035 75.187 1.729
70.872 74.031 2.458
11.646 66.636 1.451
68.031 78.496 0.189
62.503 72.561 1.010
51.069 60.052 1.172
72.159 78.562 2.554
45.205 50.412 0.708
15.044 47.501 1.561
27.005 52.672 0.598
52.576 71.792 2.465
74.676 77.710 0.618
17.922 49.194 2.335
24.811 56.912 1.397
25.576 35.538 0.905
22.053 75.572 0.570
56.215 72.419 2.098
52.189 73.680 0.702
4.896 69.680 1.877
25.959 52.190 0.115
1.580 50.915 2.179
41.084 63.892 1.571
59.080 74.160 1.664
57.756 63.170 2.257
32.186 35.212 2.045
33.316 57.006 0.110
20.464 35.176 0.178
74.636 78.444 1.317
5.397 76.725 0.956
65.366 69.571 0.877
22.004 79.578 0.133
13.107 27.972 0.179
22.869 60.699 2.046
6.360 17.000 0.683
16.533 29.048 1.463
48.053 62.700 0.278
57.672 59.772 0.868
21.471 72.811 1.805
43.136 48.205 2.258
60.451 73.813 2.599
47.033 67.216 1.546
14.763 31.822 2.545
3.215 23.268 0.622
30.918 45.795 2.067
68.404 77.110 0.987
15.693 54.626 0.138
26.903 62.689 0.939
74.179 79.454 0.581
26.369 62.870 2.479
15.327 38.788 0.734
40.432 49.726 0.757
7.571 59.028 0.277
64.129 77.446 1.747
0.438 49.049 1.278
71.085 76.784 0.756
56.765 78.160 2.272
63.088 69.339 1.575
59.602 70.849 0.390
52.368 79.819 1.026
7.747 10.770 1.070
52.245 57.495 0.673
17.377 71.439 0.491
58.011 68.701 0.124
4.268 12.991 2.499
42.976 65.291 2.503
66.778 72.743 1.063
31.426 71.722 1.712
71.834 72.587 0.736
46.836 68.638 0.129
32.068 62.000 2.482
15.266 38.022 1.077
47.358 49.608 2.102
8.000 28.676 1.025
24.075 72.122 2.143
23.677 55.705 0.514
35.649 56.330 2.587
28.005 48.686 1.089
44.113 57.734 2.282
29.897 56.620 2.473
31.813 69.596 1.582
6.357 21.981 0.393
6.638 41.687 0.825
47.815 51.164 0.865
46.704 56.317 0.371
62.698 79.910 1.142
16.793 49.731 0.279
20.109 54.629 0.019
58.563 79.348 0.280
28.076 56.290 2.350
16.922 47.513 0.787
23.607 66.986 1.077
63.962 71.397 1.012
55.037 59.055 1.911
6.211 69.008 1.958
48.473 63.940 0.935
7.174 21.768 1.080
26.077 40.273 2.375
23.584 43.116 0.401
13.854 28.038 0.708
13.107 18.299 0.872
38.145 72.494 2.506
33.931 44.138 2.374
36.626 67.324 1.227
18.894 37.607 2.435
22.765 70.063 2.138
47.873 50.156 2.067
19.833 77.206 0.753
65.319 76.100 1.345
19.469 50.424 2.395
7.109 14.682 2.148
21.480 59.480 0.998
39.147 45.860 1.122
74.098 74.322 0.194
69.524 77.699 1.070
14.262 42.231 0.264
51.523 75.235 1.371
63.626 72.158 0.706
66.154 79.607 0.387
40.917 44.061 0.574
15.552 28.399 0.514
15.164 54.655 2.488
56.148 72.608 0.765
59.746 78.722 2.395
64.169 66.440 0.673
4.704 17.873 2.350
67.850 79.514 0.934
29.000 64.184 0.862
67.453 73.449 0.988
51.273 65.502 0.694
40.116 72.218 2.085
56.721 76.209 1.265
42.487 55.984 0.725
4.115 62.569 2.369
28.005 39.568 0.734
24.667 73.465 0.130
18.910 28.658 1.050
66.521 77.426 1.581
14.960 64.786 1.174
32.933 71.125 1.655
13.258 77.574 0.839
53.915 76.494 0.514
3.595 8.212 1.932
9.943 48.759 0.214
43.241 52.369 1.386
5.866 11.385 0.792
31.256 43.785 0.348
62.369 68.074 1.323
75.084 77.775 2.383
21.617 50.084 1.838
22.401 53.072 0.896
61.645 64.135 1.345
63.021 66.072 1.441
38.727 69.253 2.461
36.018 76.527 1.173
41.712 75.682 0.950
50.139 65.447 0.319
8.545 47.922 0.727
60.138 77.318 0.960
56.570 65.769 1.206
33.599 52.133 1.523
48.035 64.211 1.450
63.587 64.224 0.483
8.303 24.286 0.106
19.453 62.608 1.067
33.648 59.024 0.346
65.115 70.003 2.097
70.211 72.311 0.815
46.121 78.496 0.027
40.831 42.310 1.006
18.017 55.678 2.303
11.597 48.227 0.043
69.670 73.305 1.697
30.823 37.864 2.511
30.368 47.885 1.316
24.959 39.980 1.626
22.037 74.268 1.387
36.334 66.068 0.853
34.986 54.456 1.515
70.095 76.784 0.315
11.300 19.537 0.643
7.754 67.772 1.793
37.296 65.609 1.180
31.806 38.086 1.664
63.125 78.057 0.958
39.523 57.013 2.502
55.153 65.475 1.640
61.819 65.057 2.217
56.512 62.766 0.942
62.241 68.585 2.038
42.805 47.824 0.454
57.540 64.591 1.076
12.993 30.232 1.415
24.215 61.124 0.585
53.080 71.020 1.743
4.258 76.423 0.857
24.372 34.107 0.800
28.009 78.007 0.719
17.952 56.976 0.678
57.459 64.672 1.515
54.123 72.854 0.879
1.640 51.734 1.821
9.605 37.577 1.872
39.820 64.521 2.247
37.632 66.120 0.080
42.065 64.175 0.909
58.085 58.158 0.059
41.568 53.811 1.945
60.346 75.172 2.172
22.531 46.672 1.400
7.735 15.639 1.012
50.783 71.100 0.421
50.978 76.971 1.920
57.500 64.550 1.481
8.470 61.119 0.695
74.288 76.512 1.269
60.891 68.589 1.594
36.679 54.493 2.596
72.048 77.272 0.574
43.753 77.486 0.378
34.803 38.590 1.670
49.837 54.590 1.930
49.457 57.012 0.519
55.643 74.647 2.586
67.891 78.844 1.424
66.034 76.537 1.601
55.561 74.139 0.395
11.611 54.041 1.052
54.476 77.337 2.158
4.843 50.616 1.026
37.094 70.060 1.174
43.988 65.349 0.873
27.385 33.461 1.949
7.269 12.980 2.592
30.148 50.999 0.281
32.977 54.663 0.701
17.099 57.709 0.679
67.875 74.582 2.285
31.289 78.288 0.603
56.192 73.652 0.888
45.857 76.559 1.616
51.869 55.476 0.613
40.406 63.697 1.860
1.148 38.017 1.328
73.785 78.839 2.313
18.683 35.232 0.269
35.438 39.125 1.578
29.350 79.908 0.303
56.234 56.444 0.106
51.700 72.427 2.487
57.067 72.740 0.367
46.569 79.239 1.724
5.404 69.983 2.359
47.766 67.287 2.311
11.567 51.836 2.336
19.984 57.683 0.456
63.408 77.901 1.743
34.088 65.264 2.556
53.866 75.218 0.151
56.765 76.591 2.533
23.874 35.651 0.306
22.176 71.280 2.464
18.982 71.909 0.561
32.748 76.671 0.535
57.252 66.411 1.014
42.406 77.881 1.640
55.956 66.472 1.914
41.814 66.742 2.549
24.903 59.884 1.118
52.871 71.426 1.274
20.395 24.535 0.272
10.623 24.097 1.180
49.134 58.982 2.228
62.137 78.649 1.625
7.772 44.012 0.661
53.286 57.844 1.831
28.271 78.033 1.253
7.513 15.338 1.182
39.576 71.710 0.848
62.636 73.265 1.918
3.931 79.310 0.487
32.467 67.225 1.673
68.457 79.208 2.192
36.707 68.543 1.248
57.586 74.531 0.998
20.824 23.585 0.944
62.492 71.216 1.971
17.045 33.931 0.214
47.552 59.480 1.995
19.358 65.267 1.261
42.707 68.949 0.905
73.502 76.033 1.044
67.555 75.710 1.540
26.399 71.230 2.084
61.940 64.419 1.101
48.063 70.853 2.555
37.945 62.009 0.479
18.117 37.590 2.241
75.207 78.410 2.132
24.451 61.334 1.037
70.747 75.014 2.350
58.039 79.017 1.367
69.694 71.778 1.670
20.030 67.710 0.750
19.613 41.347 0.746
69.494 73.661 2.128
24.484 77.868 0.598
18.657 69.277 2.427
7.858 25.420 1.501
28.573 69.157 0.498
68.151 69.553 0.804
57.155 70.739 1.870
41.643 46.693 0.958
5.235 9.228 2.010
24.331 33.086 0.802
39.970 69.841 0.851
45.486 77.553 1.507
50.194 68.293 1.845
5.455 7.300 0.766
58.686 72.129 2.593
23.199 31.933 1.235
39.186 61.836 0.487
28.670 63.866 1.328
54.968 71.090 1.840
9.375 61.647 2.488
4.284 42.350 0.593
10.159 43.430 2.532
59.632 75.770 1.592
46.557 57.767 2.182
75.852 78.730 2.230
11.954 77.487 0.280
74.393 76.377 1.519
5.205 35.509 0.860
32.745 71.138 1.910
45.349 65.877 2.283
68.958 71.902 0.535
13.613 35.658 1.142
16.475 66.728 2.170
65.066 72.261 1.035
72.106 78.356 0.124
