0.100 18.660 1.465
64.699 77.632 1.521
28.023 79.433 2.330
59.728 85.794 0.453
56.840 67.850 1.335
1.199 33.714 0.238
11.785 89.107 0.431
35.655 36.217 0.310
0.713 48.644 0.982
45.695 73.210 1.565
13.299 48.822 1.724
28.170 65.801 0.148
62.665 77.878 2.087
24.156 72.626 2.278
76.472 84.877 2.407
11.387 30.806 1.201
68.979 85.488 0.545
67.492 89.994 2.592
48.920 60.605 1.020
23.782 27.487 2.184
30.069 70.732 0.241
4.497 83.058 0.023
22.071 62.299 0.710
55.295 81.103 2.178
38.795 77.015 0.534
37.477 87.390 1.191
59.555 77.906 0.282
30.819 67.605 1.911
45.792 53.289 0.939
18.008 76.027 1.105
41.368 78.557 2.574
27.645 68.782 0.439
39.352 74.843 0.165
40.385 87.518 0.383
11.326 66.561 2.353
24.244 29.903 1.109
77.329 80.775 1.776
70.180 82.609 2.136
15.308 76.430 0.463
38.021 64.415 0.404
58.561 68.111 1.055
45.499 79.568 1.774
57.753 62.804 1.236
29.425 33.645 2.170
41.361 63.081 1.724
8.374 83.777 2.468
43.964 66.155 0.900
29.998 50.516 2.202
36.488 89.101 0.707
23.824 62.196 1.922
15.679 78.385 1.979
31.812 83.752 1.302
2.197 53.577 2.586
4.041 21.836 1.381
67.443 82.835 1.630
15.828 26.895 2.190
8.794 35.624 1.932
75.286 80.728 0.744
11.221 77.287 1.906
56.640 81.962 1.561
20.218 20.706 0.376
4.881 77.765 2.096
16.846 57.450 0.301
1.140 41.689 0.296
60.178 77.199 1.784
5.911 23.798 1.135
55.698 71.102 0.755
18.594 57.326 1.502
50.295 70.518 0.416
77.043 89.162 1.809
15.196 29.255 0.873
79.614 89.982 1.189
7.801 17.032 1.625
35.018 39.986 2.422
71.570 76.341 0.754
61.525 68.129 1.068
50.246 69.061 1.571
37.308 71.321 1.554
68.383 82.697 2.155
57.673 70.719 1.471
14.742 57.373 1.919
72.407 76.243 0.631
48.378 73.465 1.816
28.104 34.262 1.286
59.260 78.934 1.591
55.290 62.245 2.092
46.083 86.315 2.256
49.176 52.751 1.892
53.422 66.684 2.539
45.536 53.926 0.795
8.684 78.238 2.260
59.545 69.772 0.403
6.348 60.039 0.199
65.600 77.319 1.417
32.718 59.801 0.777
40.096 56.486 0.397
59.040 84.776 0.816
76.726 86.974 2.271
24.005 34.543 2.454
5.259 50.683 2.041
48.771 54.057 2.486
70.051 77.629 1.700
8.384 27.933 1.313
23.223 61.102 2.392
53.024 71.387 0.298
30.331 77.937 1.292
40.741 74.949 0.994
42.572 62.268 1.576
0.471 11.135 1.840
49.845 70.723 2.244
59.787 72.072 1.292
62.829 73.456 1.437
76.457 80.199 1.640
29.940 74.669 0.342
76.138 78.070 1.591
26.388 67.102 0.145
10.530 79.516 2.202
47.750 84.104 1.876
1.174 64.151 0.329
49.372 52.579 0.566
13.514 40.664 1.623
25.553 68.476 0.956
64.191 78.774 2.098
48.888 86.120 2.075
11.585 44.120 1.638
20.296 79.958 0.355
5.293 54.334 1.112
24.183 40.132 1.425
24.908 77.560 0.288
10.777 73.370 0.739
71.618 85.817 2.053
49.218 84.289 0.939
18.279 36.465 2.245
19.964 88.959 1.410
4.304 49.367 0.212
34.144 48.782 0.246
71.323 74.577 0.605
10.008 18.644 2.422
3.767 32.878 0.153
73.176 81.045 1.036
75.693 84.350 2.177
67.368 77.454 1.803
20.733 57.144 0.011
76.384 80.454 1.037
46.845 76.573 0.663
75.622 88.546 1.132
0.574 55.343 2.447
62.893 68.039 1.499
17.786 19.086 0.996
33.434 70.836 0.214
68.408 85.952 0.169
52.965 83.048 1.798
42.411 50.733 1.783
55.160 82.677 1.893
2.485 59.693 2.259
56.525 75.102 0.222
75.832 79.839 0.153
11.614 61.182 2.553
23.380 49.382 2.398
55.563 61.412 0.568
19.244 83.218 1.356
8.513 45.818 2.347
6.409 22.453 2.033
77.952 88.700 2.017
16.851 18.308 1.187
60.051 72.348 0.297
24.891 29.884 2.581
20.167 37.834 0.492
12.281 81.276 1.613
75.127 86.835 0.509
51.645 86.670 1.708
36.437 72.816 2.395
12.061 57.162 1.654
33.763 65.290 2.452
46.286 58.484 1.395
31.756 34.767 0.911
63.620 65.949 0.511
31.153 36.754 1.536
15.813 63.759 0.405
36.346 74.237 1.571
35.304 58.066 1.780
66.858 72.709 1.540
75.957 82.843 2.278
78.997 88.903 0.482
45.956 74.015 1.149
56.681 66.288 0.129
20.816 82.869 1.060
56.816 86.747 1.894
31.485 84.474 1.033
24.688 62.387 1.009
28.285 74.770 1.908
58.910 64.896 1.923
16.014 66.583 0.709
72.890 82.209 0.956
8.750 27.130 2.359
41.437 63.689 1.703
55.011 58.012 0.235
6.062 35.914 0.072
24.578 35.467 1.813
31.588 71.117 0.176
57.995 80.365 0.517
49.257 72.197 1.703
7.864 13.287 1.418
77.966 89.675 1.206
58.229 80.273 1.380
55.424 69.453 0.967
3.997 20.328 2.105
4.866 71.826 0.807
16.998 52.811 0.837
0.732 46.631 1.144
48.476 66.311 1.972
27.984 86.549 2.191
49.865 54.465 2.593
45.028 63.798 2.245
24.512 26.980 0.739
49.005 50.767 1.017
2.483 77.735 1.185
74.941 86.178 1.045
48.927 85.145 2.102
46.608 51.461 1.547
63.454 79.625 1.202
47.155 82.391 1.480
53.820 55.074 0.893
21.385 37.992 0.888
61.682 86.441 0.967
9.348 60.772 1.887
71.516 81.636 0.476
72.160 89.450 2.028
15.789 75.441 2.344
76.272 88.737 2.207
50.297 74.976 0.482
21.199 71.750 0.652
63.049 82.416 0.444
38.475 80.073 0.212
68.427 75.285 0.324
45.866 79.791 1.230
15.350 89.638 1.892
1.228 63.146 1.684
13.931 34.984 0.187
54.130 75.064 2.181
29.698 45.275 2.027
51.059 59.505 0.602
77.683 78.681 0.733
61.538 63.251 0.395
0.740 58.535 0.906
27.459 54.137 1.078
7.254 65.542 1.417
27.039 82.420 1.710
42.838 46.786 1.482
37.262 60.158 0.676
69.067 72.052 1.265
45.265 80.498 1.844
69.138 76.814 2.211
69.150 85.146 1.677
66.291 87.218 1.991
72.666 82.848 2.373
35.213 54.789 0.280
65.844 70.870 1.112
0.068 70.022 1.709
5.098 37.985 0.234
54.711 61.925 2.100
11.429 38.708 0.126
1.484 59.706 2.544
4.292 59.790 2.377
34.537 48.033 0.055
31.356 77.580 1.700
1.826 15.883 2.148
50.741 89.375 1.431
37.074 53.379 0.558
62.573 76.217 0.891
48.642 89.360 0.267
60.466 74.159 0.392
56.930 83.159 2.597
51.332 88.003 1.615
55.053 75.200 0.753
23.231 71.205 1.425
19.715 55.061 1.421
76.164 87.160 1.742
49.870 82.157 1.159
59.643 67.900 2.571
50.358 74.765 2.366
73.471 82.232 1.314
35.978 86.918 2.312
14.634 30.456 0.655
58.439 79.085 2.447
3.308 7.910 1.668
44.508 65.596 1.416
4.910 18.039 2.590
48.073 55.426 0.131
52.819 65.158 0.864
52.287 69.020 1.067
17.730 31.230 1.764
39.803 80.358 1.320
34.806 53.551 0.012
30.072 79.710 0.334
58.664 79.650 2.317
52.047 80.259 1.338
58.974 74.756 2.488
29.061 84.218 0.292
65.698 69.393 1.182
69.555 72.257 1.980
33.334 39.442 2.434
13.189 22.654 0.549
47.289 73.814 0.308
46.408 78.780 1.795
73.252 79.473 1.741
64.709 89.939 0.983
61.801 67.052 0.531
31.061 65.501 0.471
15.650 31.817 2.496
30.538 38.417 0.790
15.853 73.061 0.120
60.883 63.221 2.291
35.890 79.481 1.109
36.908 77.017 1.287
19.080 26.977 1.454
73.762 88.011 2.324
4.771 59.109 1.276
59.777 68.970 1.966
72.793 77.876 2.059
44.227 68.192 0.133
63.229 65.660 1.831
58.539 87.424 1.439
70.044 77.578 2.072
31.595 35.853 1.253
52.157 81.243 0.002
60.495 65.544 0.571
4.602 9.080 1.744
27.669 77.785 1.814
34.901 70.849 2.552
23.624 81.816 1.240
6.343 18.550 0.263
11.441 37.344 2.387
29.906 34.725 2.116
65.136 87.525 0.624
20.521 35.528 0.700
18.350 81.308 2.200
71.015 83.440 2.196
3.272 19.576 0.451
28.473 40.811 1.168
71.557 82.368 1.620
72.934 85.769 1.359
79.946 89.001 2.520
67.216 75.985 0.381
22.750 88.247 0.445
59.345 62.097 1.863
51.603 80.418 2.113
65.454 83.191 0.324
30.006 85.069 1.690
71.174 85.755 0.084
35.909 48.290 0.020
33.478 85.457 0.407
40.136 77.912 0.631
72.522 73.620 0.555
61.694 77.712 0.593
64.511 74.444 2.215
43.114 84.211 2.579
51.750 82.950 0.592
29.684 32.714 0.954
44.904 51.216 1.034
25.994 40.757 2.337
75.215 87.821 0.325
71.516 76.523 1.158
50.780 75.803 1.456
33.893 82.383 0.043
11.170 34.678 0.695
54.533 88.600 1.460
48.578 67.271 2.049
65.471 70.463 1.923
41.322 41.714 0.052
59.865 87.136 0.868
36.981 41.555 1.997
50.478 77.469 0.063
77.527 86.720 1.301
21.275 66.470 2.138
47.777 83.530 0.685
36.805 56.770 1.945
1.160 57.280 1.239
32.311 34.874 0.997
23.106 82.412 1.552
34.574 57.295 2.422
42.650 88.781 0.026
69.216 84.099 1.137
26.637 59.012 1.566
44.769 61.939 0.101
18.643 80.318 2.437
77.129 85.304 1.583
6.116 32.461 1.058
39.886 83.751 0.208
24.342 85.730 2.032
47.074 59.469 0.562
44.857 57.851 2.273
24.112 81.463 1.891
18.487 50.713 0.496
71.228 73.218 1.493
79.619 86.106 0.154
20.555 29.009 0.442
18.519 87.179 1.287
3.943 33.138 0.207
22.379 56.233 1.340
32.982 68.212 2.404
23.372 50.874 1.237
76.106 87.942 1.426
63.554 80.081 2.084
69.607 88.810 0.827
21.434 71.407 2.453
10.210 49.004 2.015
14.073 17.300 0.069
36.383 45.618 2.242
1.157 73.979 0.553
63.776 81.737 2.027
23.900 84.971 2.032
67.370 78.973 0.631
1.841 4.754 0.197
28.497 54.799 1.860
14.434 28.828 0.775
59.592 61.692 0.350
42.050 80.913 0.933
12.705 24.925 2.340
2.339 74.138 0.472
19.937 45.211 1.484
43.195 84.174 1.729
74.602 78.421 2.458
12.259 74.761 1.451
71.611 87.676 0.189
65.793 79.533 1.010
53.757 64.797 1.172
75.957 86.875 2.554
47.584 53.796 0.708
15.835 52.780 1.561
28.426 58.197 0.598
55.343 79.413 2.465
78.606 84.758 0.618
18.865 54.524 2.335
26.117 63.180 1.397
26.922 38.349 0.905
23.214 84.889 0.570
59.174 79.958 2.098
54.936 81.989 0.702
5.154 78.307 1.877
27.325 57.738 0.115
1.663 57.132 2.179
43.246 70.512 1.571
62.189 82.071 1.664
60.795 67.310 2.257
33.880 37.084 2.045
35.069 62.935 0.110
21.541 38.437 0.178
78.564 86.110 1.317
5.681 86.293 0.956
68.806 74.598 0.877
23.162 89.513 0.133
13.797 30.711 0.179
24.073 67.617 2.046
6.695 18.654 0.683
17.403 31.546 1.463
50.583 68.619 0.278
60.707 63.207 0.868
22.601 81.686 1.805
45.407 51.103 2.258
63.632 81.324 2.599
49.508 74.154 1.546
15.540 34.734 2.545
3.384 25.946 0.622
32.545 49.703 2.067
72.004 85.366 0.987
16.519 60.998 0.138
28.319 69.840 0.939
78.083 88.819 0.581
27.757 69.986 2.479
16.133 42.862 0.734
42.560 53.586 0.757
7.969 66.238 0.277
67.505 86.248 1.747
0.461 55.104 1.278
74.827 84.317 0.756
59.753 87.545 2.272
66.408 74.696 1.575
62.739 77.710 0.390
55.124 89.770 1.026
8.155 11.441 1.070
54.994 61.470 0.673
18.292 80.187 0.491
61.064 75.111 0.124
4.492 14.047 2.499
45.238 71.993 2.503
70.293 78.872 1.063
33.080 80.248 1.712
75.615 76.382 0.736
49.301 76.046 0.129
33.756 68.708 2.482
16.070 41.958 1.077
49.850 52.137 2.102
8.421 31.749 1.025
25.343 80.842 2.143
24.923 61.895 0.514
37.526 61.726 2.587
29.478 53.441 1.089
46.435 62.646 2.282
31.471 62.484 2.473
33.487 77.737 1.582
6.692 24.325 0.393
6.988 46.590 0.825
50.331 54.274 0.865
49.162 60.892 0.371
65.998 89.872 1.142
17.676 55.346 0.279
21.168 60.840 0.019
61.645 89.135 0.280
29.554 62.214 2.350
17.813 52.763 0.787
24.849 74.926 1.077
67.329 77.599 1.012
57.934 62.601 1.911
6.538 77.528 1.958
51.025 70.030 0.935
7.551 23.958 1.080
27.450 43.624 2.375
24.825 47.348 0.401
14.583 30.676 0.708
13.797 19.598 0.872
40.153 80.970 2.506
35.716 47.396 2.374
38.553 74.896 1.227
19.888 41.100 2.435
23.963 78.475 2.138
50.392 52.730 2.067
20.877 86.785 0.753
68.757 84.180 1.345
20.494 55.857 2.395
7.483 15.794 2.148
22.611 66.316 0.998
41.207 49.038 1.122
77.998 78.253 0.194
73.183 86.147 1.070
15.013 46.895 0.264
54.235 83.954 1.371
66.975 78.829 0.706
69.636 89.417 0.387
43.070 46.738 0.574
16.370 30.989 0.514
15.962 60.914 2.488
59.103 80.353 0.765
62.890 88.231 2.395
67.546 70.516 0.673
4.951 19.567 2.350
71.421 89.236 0.934
30.526 71.511 0.862
71.003 79.794 0.988
53.971 71.726 0.694
42.228 80.594 2.085
59.706 85.001 1.265
44.723 60.915 0.725
4.331 70.250 2.369
29.478 42.843 0.734
25.965 82.435 0.130
19.905 30.958 1.050
70.022 86.020 1.581
15.748 72.591 1.174
34.667 79.509 1.655
13.956 87.232 0.839
56.752 85.512 0.514
3.784 8.754 1.932
10.467 54.520 0.214
45.517 56.336 1.386
6.175 12.318 0.792
32.901 47.532 0.348
65.651 73.162 1.323
79.036 82.463 2.383
22.755 55.395 1.838
23.580 58.883 0.896
64.890 67.834 1.345
66.337 70.082 1.441
40.765 77.049 2.461
37.914 85.870 1.173
43.908 84.780 0.950
52.777 71.821 0.319
8.994 53.591 0.727
63.303 86.348 0.960
59.548 71.272 1.206
35.367 57.021 1.523
50.563 70.345 1.450
66.933 67.635 0.483
8.741 26.844 0.106
20.477 69.983 1.067
35.419 65.272 0.346
68.542 74.865 2.097
73.906 76.909 0.815
48.549 88.159 0.027
42.980 44.556 1.006
18.965 61.989 2.303
12.207 53.862 0.043
73.337 78.394 1.697
32.445 40.300 2.511
31.966 52.300 1.316
26.273 43.472 1.626
23.197 83.372 1.387
38.246 73.436 0.853
36.827 59.665 1.515
73.784 84.669 0.315
11.895 21.181 0.643
8.162 76.107 1.793
39.259 72.824 1.180
33.480 40.586 1.664
66.447 87.243 0.958
41.603 62.219 2.502
58.056 71.033 1.640
65.073 68.741 2.217
59.487 67.396 0.942
65.517 73.703 2.038
45.058 51.039 0.454
60.568 69.568 1.076
13.677 33.164 1.415
25.489 68.140 0.585
55.873 78.450 1.743
4.483 85.956 0.857
25.655 36.811 0.800
29.483 87.675 0.719
18.897 63.579 0.678
60.483 69.587 1.515
56.972 80.810 0.879
1.726 58.073 1.821
10.110 41.699 1.872
41.915 71.295 2.247
39.613 73.488 0.080
44.279 70.847 0.909
61.142 61.219 0.059
43.756 58.204 1.945
63.522 83.287 2.172
23.717 51.433 1.400
8.142 16.974 1.012
53.456 78.836 0.421
53.661 86.153 1.920
60.527 69.424 1.481
8.916 68.572 0.695
78.198 81.730 1.269
64.096 74.162 1.594
38.610 59.439 2.596
75.840 84.977 0.574
46.056 86.946 0.378
36.634 40.819 1.670
52.460 57.951 1.930
52.060 61.348 0.519
58.571 82.908 2.586
71.465 88.148 1.424
69.509 84.709 1.601
58.486 82.414 0.395
12.222 60.422 1.052
57.343 86.524 2.158
5.098 56.754 1.026
39.047 78.143 1.174
46.303 72.145 0.873
28.827 35.600 1.949
7.652 13.790 2.592
31.734 56.077 0.281
34.713 60.143 0.701
17.999 64.448 0.679
71.447 81.042 2.285
32.936 87.991 0.603
59.150 81.702 0.888
48.271 85.757 1.616
54.599 58.996 0.613
42.533 70.296 1.860
1.209 42.634 1.328
77.668 87.018 2.313
19.666 38.620 0.269
37.303 41.390 1.578
30.894 89.892 0.303
59.194 59.435 0.106
54.421 80.291 2.487
60.070 80.489 0.367
49.020 89.058 1.724
5.689 78.635 2.359
50.280 74.107 2.311
12.176 57.835 2.336
21.036 64.330 0.456
66.745 86.959 1.743
35.882 72.475 2.556
56.701 83.900 0.151
59.753 85.437 2.533
25.130 38.705 0.306
23.343 79.889 2.464
19.981 80.705 0.561
34.471 86.081 0.535
60.266 72.042 1.014
44.638 87.423 1.640
58.901 72.159 1.914
44.015 73.841 2.549
26.214 66.646 1.118
55.654 79.033 1.274
21.468 26.190 0.272
11.182 26.358 1.180
51.720 63.541 2.228
65.407 88.089 1.625
8.181 49.190 0.661
56.091 61.437 1.831
29.759 87.701 1.253
7.908 16.628 1.182
41.659 80.051 0.848
65.932 80.342 1.918
4.138 89.221 0.487
34.176 74.915 1.673
72.060 88.667 2.192
38.639 76.344 1.248
60.617 82.751 0.998
21.920 24.959 0.944
65.781 77.422 1.971
17.942 37.247 0.214
50.055 64.428 1.995
20.377 73.038 1.261
44.955 76.595 0.905
77.371 81.574 1.044
71.111 83.175 1.540
27.789 79.764 2.084
65.200 68.227 1.101
50.592 78.527 2.555
39.943 68.546 0.479
19.070 41.157 2.241
79.165 84.800 2.132
25.738 68.351 1.037
74.470 80.480 2.350
61.093 88.685 1.367
73.362 75.749 1.670
21.085 75.854 0.750
20.645 45.535 0.746
73.152 78.862 2.128
25.772 87.530 0.598
19.639 77.635 2.427
8.272 28.013 1.501
30.077 77.348 0.498
71.738 73.488 0.804
60.163 77.652 1.870
43.834 49.739 0.958
5.510 9.768 2.010
25.611 35.631 0.802
42.074 77.794 0.851
47.880 86.989 1.507
52.836 75.212 1.845
5.742 7.729 0.766
61.774 79.223 2.593
24.420 34.339 1.235
41.249 68.261 0.487
30.179 71.126 1.328
57.861 78.359 1.840
9.868 69.086 2.488
4.509 47.451 0.593
10.694 48.287 2.532
62.770 84.224 1.592
49.008 62.397 2.182
79.844 84.751 2.230
12.583 87.140 0.280
78.308 80.985 1.519
5.479 39.656 0.860
34.469 79.520 1.910
47.736 72.555 2.283
72.588 76.992 0.535
14.329 39.349 1.142
17.342 74.752 2.170
68.491 78.600 1.035
75.901 87.043 0.124
24.049 39.673 1.351
53.495 60.414 0.753
69.778 87.014 1.228
72.942 76.938 1.522
35.682 80.428 1.773
78.564 85.666 2.510
7.039 54.952 0.132
69.001 82.282 1.541
46.442 80.949 0.736
30.973 40.047 2.292
77.436 82.776 0.150
27.508 28.563 0.932
25.365 76.020 0.550
39.261 84.386 0.159
31.808 58.537 1.478
56.525 76.725 1.478
48.498 64.388 0.508
62.082 78.862 2.355
64.968 88.812 2.077
61.613 79.686 0.513
41.115 81.835 2.193
58.334 78.612 1.796
31.722 89.036 2.284
42.631 71.318 0.658
54.462 88.330 1.666
44.979 68.293 0.705
16.211 30.636 2.278
11.922 66.493 1.877
44.545 89.845 1.618
79.995 85.893 1.555
42.015 81.989 0.119
71.413 77.255 1.433
0.427 74.096 2.427
7.986 78.115 0.340
30.528 36.261 1.982
26.124 30.960 0.042
29.586 43.500 0.016
45.968 62.838 1.941
35.152 80.562 0.298
31.581 86.216 0.832
