0.038 7.591 1.465
24.262 29.246 1.521
10.509 29.428 2.330
22.398 31.568 0.453
21.315 25.797 1.335
0.450 12.464 0.238
4.419 32.677 0.431
13.371 13.771 0.310
0.267 18.130 0.982
17.136 27.383 1.565
4.987 18.562 1.724
10.564 24.256 0.148
23.500 29.441 2.087
9.059 27.079 2.278
28.677 32.117 2.407
4.270 11.950 1.201
25.867 31.548 0.545
25.310 32.998 2.592
18.345 22.995 1.020
8.918 11.623 2.184
11.276 26.065 0.241
1.686 30.459 0.023
8.277 23.104 0.710
20.735 30.241 2.178
14.548 28.408 0.534
14.054 32.097 1.191
22.333 28.836 0.282
11.557 25.362 1.911
17.172 20.368 0.939
6.753 28.044 1.105
15.513 29.295 2.574
10.367 25.394 0.439
14.757 27.572 0.165
15.144 32.119 0.383
4.247 24.893 2.353
9.091 11.805 1.109
28.998 31.116 1.776
26.318 31.100 2.136
5.741 28.101 0.463
14.258 23.903 0.404
21.961 25.807 1.055
17.062 29.542 1.774
21.657 24.137 1.236
11.034 13.899 2.170
15.510 23.954 1.724
3.140 30.847 2.468
16.486 24.751 0.900
11.249 19.646 2.202
13.683 32.683 0.707
8.934 23.418 1.922
5.880 28.963 1.979
11.930 30.829 1.302
0.824 20.353 2.586
1.515 8.739 1.381
25.291 30.919 1.630
5.936 11.193 2.190
3.298 13.952 1.932
28.232 30.329 0.744
4.208 28.554 1.906
21.240 30.422 1.561
7.582 7.998 0.376
1.830 28.715 2.096
6.317 21.213 0.301
0.428 15.393 0.296
22.567 29.051 1.784
2.217 9.339 1.135
20.887 26.602 0.755
6.973 21.537 1.502
18.860 26.195 0.416
28.891 32.827 1.809
5.698 11.285 0.873
29.855 32.996 1.189
2.925 7.236 1.625
13.132 16.399 2.422
26.839 28.822 0.754
23.072 25.929 1.068
18.842 26.097 1.571
13.991 26.624 1.554
25.644 31.048 2.155
21.627 26.813 1.471
5.528 21.632 1.919
27.153 28.770 0.631
18.142 27.582 1.816
10.539 13.527 1.286
22.222 29.513 1.591
20.734 24.343 2.092
17.281 31.809 2.256
18.441 20.880 1.892
20.033 25.857 2.539
17.076 20.502 0.795
3.257 28.911 2.260
22.329 26.089 0.403
2.380 22.078 0.199
24.600 29.147 1.417
12.269 22.336 0.777
15.036 21.108 0.397
22.140 31.259 0.816
28.772 32.462 2.271
9.002 14.197 2.454
1.972 19.219 2.041
18.289 21.659 2.486
26.269 29.590 1.700
3.144 10.939 1.313
8.709 23.171 2.392
19.884 26.495 0.298
11.374 28.798 1.292
15.278 27.784 0.994
15.965 23.650 1.576
0.177 5.135 1.840
18.692 26.866 2.244
22.420 27.242 1.292
23.561 27.856 1.437
28.672 30.786 1.640
11.227 27.498 0.342
28.552 30.222 1.591
9.895 24.717 0.145
3.949 29.357 2.202
17.906 31.070 1.876
0.440 23.586 0.329
18.514 19.998 0.566
5.068 15.661 1.623
9.582 25.385 0.956
24.072 29.766 2.098
18.333 31.748 2.075
4.344 16.855 1.638
7.611 29.375 0.355
1.985 20.242 1.112
9.069 15.570 1.425
9.340 28.514 0.288
4.041 27.021 0.739
26.857 31.952 2.053
18.457 31.050 0.939
6.855 14.584 2.245
7.486 32.634 1.410
1.614 18.182 0.212
12.804 18.213 0.246
26.746 28.179 0.605
3.753 8.324 2.422
1.413 12.140 0.153
27.441 30.435 1.036
28.385 31.864 2.177
25.263 29.426 1.803
7.775 21.038 0.011
28.644 30.481 1.037
17.567 28.333 0.663
28.358 32.615 1.132
0.215 20.912 2.447
23.585 26.212 1.499
6.670 7.774 0.996
12.538 26.114 0.214
25.653 31.644 0.169
19.862 30.763 1.798
15.904 19.873 1.783
20.685 30.683 1.893
0.932 22.403 2.259
21.197 27.812 0.222
28.437 29.803 0.153
4.355 23.085 2.553
8.767 19.191 2.398
20.836 23.213 0.568
7.216 30.613 1.356
3.193 17.669 2.347
2.403 9.344 2.033
29.232 32.773 2.017
6.319 7.602 1.187
22.519 26.937 0.297
9.334 12.728 2.581
7.562 14.233 0.492
4.605 29.930 1.613
28.173 32.048 0.509
19.367 31.917 1.708
13.664 27.311 2.395
4.523 21.454 1.654
12.661 24.782 2.452
17.357 22.389 1.395
11.909 13.558 0.911
23.858 24.975 0.511
11.682 14.621 1.536
5.930 23.516 0.405
13.630 27.613 1.571
13.239 22.149 1.780
25.072 27.886 1.540
28.484 31.638 2.278
29.624 32.698 0.482
17.233 27.553 1.149
21.256 24.701 0.129
7.806 30.474 1.060
21.306 31.981 1.894
11.807 31.062 1.033
9.258 23.238 1.009
10.607 27.783 1.908
22.091 25.266 1.923
6.005 24.600 0.709
27.334 30.728 0.956
3.281 11.197 2.359
15.539 24.152 1.703
20.629 21.830 0.235
2.273 13.230 0.072
9.217 14.164 1.813
11.845 26.198 0.176
21.748 29.715 0.517
18.471 27.151 1.703
2.949 5.788 1.418
29.237 32.923 1.206
21.836 29.869 1.380
20.784 26.123 0.967
1.499 8.589 2.105
1.825 26.455 0.807
6.374 19.710 0.837
0.275 17.457 1.144
18.178 25.304 1.972
10.494 31.828 2.191
18.699 21.918 2.593
16.886 24.495 2.245
9.192 10.547 0.739
18.377 19.647 1.017
0.931 28.612 1.185
28.103 31.949 1.045
18.348 31.437 2.102
17.478 20.129 1.547
23.795 29.724 1.202
17.683 30.455 1.480
20.183 21.198 0.893
8.019 14.499 0.888
23.131 31.841 0.967
3.506 22.755 1.887
26.818 30.350 0.476
27.060 32.864 2.028
5.921 27.989 2.344
28.602 32.760 2.207
18.861 27.769 0.482
7.950 26.466 0.652
23.643 30.450 0.444
14.428 29.448 0.212
25.660 28.141 0.324
17.200 29.533 1.230
5.756 32.874 1.892
0.461 23.485 1.684
5.224 12.998 0.187
20.299 28.336 2.181
11.137 17.776 2.027
19.147 22.460 0.602
29.131 29.935 0.733
23.077 23.919 0.395
0.277 21.670 0.906
10.297 20.382 1.078
2.720 24.320 1.417
10.140 30.383 1.710
16.064 18.381 1.482
13.973 22.481 0.676
25.900 27.675 1.265
16.974 29.858 1.844
25.927 29.563 2.211
25.931 31.635 1.677
24.859 32.212 1.991
27.250 31.385 2.373
13.205 20.394 0.280
24.692 27.026 1.112
0.026 25.920 1.709
1.912 14.045 0.234
20.517 24.216 2.100
4.286 14.307 0.126
0.557 22.464 2.544
1.610 22.482 2.377
12.951 17.857 0.055
11.758 28.738 1.700
0.685 7.009 2.148
19.028 32.793 1.431
13.903 20.036 0.558
23.465 28.510 0.891
18.241 32.774 0.267
22.675 27.600 0.392
21.349 30.967 2.597
19.250 32.346 1.615
20.645 27.978 0.753
8.712 26.424 1.425
7.393 20.729 1.421
28.562 32.367 1.742
18.701 30.356 1.159
22.366 26.587 2.571
18.884 28.198 2.366
27.552 30.889 1.314
13.492 31.975 2.312
5.488 11.595 0.655
21.915 29.761 2.447
1.241 3.947 1.668
16.691 24.754 1.416
1.841 8.081 2.590
18.027 20.723 0.131
19.807 24.567 0.864
19.608 25.944 1.067
6.649 12.505 1.764
14.926 29.695 1.320
13.052 19.832 0.012
11.277 29.307 0.334
21.999 29.903 2.317
19.518 29.769 1.338
22.115 28.515 2.488
10.898 30.921 0.292
24.637 26.600 1.182
26.083 28.256 1.980
12.500 16.158 2.434
4.946 8.711 0.549
17.733 27.290 0.308
17.403 29.295 1.795
27.469 30.342 1.741
24.266 32.981 0.983
23.175 25.292 0.531
11.648 24.250 0.471
5.869 13.052 2.496
11.452 14.750 0.790
5.945 26.837 0.120
22.831 25.136 2.291
13.459 29.342 1.109
13.840 28.521 1.287
7.155 10.872 1.454
27.661 32.569 2.324
1.789 21.985 1.276
22.416 26.586 1.966
27.297 30.084 2.059
