0.085 15.169 1.465
54.994 63.946 1.521
23.820 63.877 2.330
50.769 69.069 0.453
48.314 56.444 1.335
1.019 27.039 0.238
10.017 71.294 0.431
30.307 30.810 0.310
0.606 39.024 0.982
38.841 59.588 1.565
11.304 39.612 1.724
23.944 53.205 0.148
53.266 64.007 2.087
20.533 58.555 2.278
65.001 69.885 2.407
9.679 25.264 1.201
58.632 69.175 0.545
57.368 71.996 2.592
41.582 50.428 1.020
20.215 23.577 2.184
25.559 57.087 0.241
3.823 66.465 0.023
18.760 50.353 0.710
47.000 65.758 2.178
32.976 62.136 0.534
31.855 70.019 1.191
50.622 63.541 0.282
26.196 54.836 1.911
38.924 44.734 0.939
15.307 61.043 1.105
35.163 63.487 2.574
23.498 55.529 0.439
33.449 60.475 0.165
34.327 70.120 0.383
9.627 53.568 2.353
20.607 25.255 1.109
65.730 68.195 1.776
59.653 67.733 2.136
13.012 61.301 0.463
32.318 52.515 0.404
49.777 56.750 1.055
38.675 64.297 1.774
49.090 52.992 1.236
25.011 28.754 2.170
35.157 51.849 1.724
7.118 67.093 2.468
37.369 54.181 0.900
25.499 41.738 2.202
31.015 71.314 0.707
20.250 50.438 1.922
13.327 62.897 1.979
27.041 67.205 1.302
1.868 43.130 2.586
3.435 17.854 1.381
57.327 67.534 1.630
13.454 22.594 2.190
7.475 29.065 1.932
63.993 67.179 0.744
9.538 61.985 1.906
48.144 66.364 1.561
17.185 17.649 0.376
4.148 62.309 2.096
14.319 46.363 0.301
0.969 33.415 0.296
51.151 63.296 1.784
5.024 19.456 1.135
47.343 58.536 0.755
15.805 46.436 1.502
42.750 57.703 0.416
65.487 71.646 1.809
12.916 24.172 0.873
67.672 71.994 1.189
6.630 14.273 1.625
29.765 34.116 2.422
60.834 63.955 0.754
52.297 57.128 1.068
42.709 56.798 1.571
31.712 57.852 1.554
58.126 67.603 2.155
49.022 58.561 1.471
12.530 46.397 1.919
61.546 64.033 0.631
41.121 59.928 1.816
23.888 28.938 1.286
50.371 64.393 1.591
46.996 52.505 2.092
39.171 69.296 2.256
41.800 44.915 1.892
45.409 55.524 2.539
38.706 45.153 0.795
7.382 62.722 2.260
50.613 57.876 0.403
5.396 48.159 0.199
55.760 63.822 1.417
27.811 48.798 0.777
34.082 46.600 0.397
50.184 68.360 0.816
65.217 70.759 2.271
20.404 29.111 2.454
4.470 40.865 2.041
41.455 45.969 2.486
59.543 64.708 1.700
7.126 22.873 1.313
19.740 49.617 2.392
45.070 58.485 0.298
25.781 62.716 1.292
34.630 60.657 0.994
36.186 51.293 1.576
0.401 9.260 1.840
42.368 58.074 2.244
50.819 59.671 1.292
53.405 60.969 1.437
64.989 67.577 1.640
25.449 60.137 0.342
64.717 66.467 1.591
22.429 54.168 0.145
8.951 63.744 2.202
40.588 67.687 1.876
0.998 51.357 0.329
41.966 44.475 0.566
11.487 33.190 1.623
21.720 55.279 0.956
54.563 64.737 2.098
41.555 69.180 2.075
9.847 35.838 1.638
17.252 64.123 0.355
4.499 43.675 1.112
20.555 33.263 1.425
21.172 62.298 0.288
9.160 58.841 0.739
60.876 69.676 2.053
41.835 67.811 0.939
15.537 30.222 2.245
16.969 71.187 1.410
3.659 39.616 0.212
29.022 40.327 0.246
60.625 62.808 0.605
8.506 15.821 2.422
3.202 26.447 0.153
62.200 67.029 1.036
64.339 69.446 2.177
57.263 64.210 1.803
17.623 46.208 0.011
64.927 67.419 1.037
39.818 62.040 0.663
64.279 71.277 1.132
0.488 44.481 2.447
53.459 57.385 1.499
15.118 16.353 0.996
28.419 57.252 0.214
58.147 69.414 0.169
45.021 67.032 1.798
36.049 42.710 1.783
46.886 66.839 1.893
2.113 47.959 2.259
48.046 61.368 0.222
64.458 66.642 0.153
9.872 49.360 2.553
19.873 40.548 2.398
47.229 51.571 0.568
16.357 66.695 1.356
7.236 37.154 2.347
5.448 18.565 2.033
66.259 71.517 2.017
14.323 15.723 1.187
51.043 59.701 0.297
21.157 25.600 2.581
17.142 31.100 0.492
10.439 65.128 1.613
63.858 70.318 0.509
43.898 69.602 1.708
30.971 59.026 2.395
10.252 46.132 1.654
28.699 53.233 2.452
39.343 48.718 1.395
26.993 29.518 0.911
54.077 55.812 0.511
26.480 31.136 1.536
13.441 51.317 0.405
30.894 60.035 1.571
30.008 47.733 1.780
56.829 61.089 1.540
64.563 68.862 2.278
67.147 71.544 0.482
39.063 60.154 1.149
48.179 55.074 0.129
17.694 66.426 1.060
48.293 69.733 1.894
26.763 67.751 1.033
20.985 50.526 1.009
24.042 60.273 1.908
50.074 54.783 1.923
13.612 53.568 0.709
61.957 67.617 0.956
7.438 22.429 2.359
35.221 52.305 1.703
46.760 48.984 0.235
5.153 28.936 0.072
20.892 29.738 1.813
26.850 57.417 0.176
49.296 65.211 0.517
41.868 59.036 1.703
6.684 11.273 1.418
66.271 71.864 1.206
49.495 65.238 1.380
47.110 57.375 0.967
3.397 16.778 2.105
4.136 57.548 0.807
14.448 42.773 0.837
0.623 37.435 1.144
41.204 54.737 1.972
23.787 69.345 2.191
42.385 46.423 2.593
38.274 52.695 2.245
20.836 22.921 0.739
41.655 43.218 1.017
2.111 62.240 1.185
63.700 70.021 1.045
41.588 68.473 2.102
39.617 43.600 1.547
53.936 65.097 1.202
40.082 66.401 1.480
45.747 46.900 0.893
18.177 31.351 0.888
52.429 69.579 0.967
7.946 48.931 1.887
60.788 67.014 0.476
61.336 71.700 2.028
13.421 60.608 2.344
64.831 71.456 2.207
42.752 60.981 0.482
18.019 57.719 0.652
53.591 66.860 0.444
32.704 64.439 0.212
58.163 62.642 0.324
38.986 64.437 1.230
13.047 71.716 1.892
1.044 50.639 1.684
11.841 28.519 0.187
46.011 61.445 2.181
25.243 37.671 2.027
43.400 49.730 0.602
66.031 66.883 0.733
52.307 53.608 0.395
0.629 46.906 0.906
23.340 44.237 1.078
6.166 52.628 1.417
22.983 66.146 1.710
36.412 39.736 1.482
31.673 49.272 0.676
58.707 61.024 1.265
38.475 64.982 1.844
58.767 64.208 2.211
58.778 69.077 1.677
56.347 70.250 1.991
61.766 68.242 2.373
29.931 45.005 0.280
55.968 59.614 1.112
0.058 56.096 1.709
4.333 30.573 0.234
46.504 52.209 2.100
9.714 31.356 0.126
1.262 47.971 2.544
3.648 48.082 2.377
29.357 39.743 0.055
26.653 62.480 1.700
1.552 13.155 2.148
43.130 71.547 1.431
31.513 44.078 0.558
53.187 62.691 0.891
41.345 71.527 0.267
51.396 61.013 0.392
48.391 67.283 2.597
43.632 70.558 1.615
46.795 61.416 0.753
19.746 57.380 1.425
16.758 44.693 1.421
64.740 70.704 1.742
42.389 66.274 1.159
50.696 57.101 2.571
42.804 61.034 2.366
62.451 67.795 1.314
30.581 69.669 2.312
12.439 25.053 0.655
49.673 64.547 2.447
2.812 6.810 1.668
37.832 53.866 1.416
4.173 15.097 2.590
40.862 46.351 0.131
44.896 54.051 0.864
44.444 56.835 1.067
15.071 26.017 1.764
33.833 64.731 1.320
29.585 43.992 0.012
25.561 64.039 0.334
49.864 64.931 2.317
44.240 64.971 1.338
50.128 61.646 2.488
24.702 67.518 0.292
55.843 58.653 1.182
59.122 61.528 1.980
28.334 33.561 2.434
11.211 18.803 0.549
40.196 59.977 0.308
39.447 63.743 1.795
62.264 66.392 1.741
55.003 71.960 0.983
52.531 56.293 0.531
26.401 53.091 0.471
13.302 26.491 2.496
25.957 32.215 0.790
13.475 58.635 0.120
51.751 54.073 2.291
30.506 63.985 1.109
31.372 62.140 1.287
16.218 22.711 1.454
62.698 71.002 2.324
4.055 47.468 1.276
50.811 57.693 1.966
61.874 65.543 2.059
37.593 55.623 0.133
53.745 55.971 1.831
49.758 70.215 1.439
59.537 64.783 2.072
26.856 30.417 1.253
44.334 65.598 0.002
51.421 55.088 0.571
3.912 7.824 1.744
23.519 62.580 1.814
29.666 57.501 2.552
20.080 65.632 1.240
5.392 15.156 0.263
9.725 30.601 2.387
25.420 29.609 2.116
55.366 70.365 0.624
17.443 29.346 0.700
15.598 65.216 2.200
60.363 68.311 2.196
2.781 15.868 0.451
24.202 33.999 1.168
60.824 67.665 1.620
61.994 69.671 1.359
67.954 71.798 2.520
57.134 62.938 0.381
19.337 70.629 0.445
50.443 52.915 1.863
43.863 65.128 2.113
55.636 67.491 0.324
25.505 68.211 1.690
60.498 69.414 0.084
30.523 40.020 0.020
28.456 68.507 0.407
34.115 62.853 0.631
61.643 62.513 0.555
52.440 63.590 0.593
54.835 62.007 2.215
36.647 67.718 2.579
43.987 66.867 0.592
25.231 27.787 0.954
38.168 43.131 1.034
22.095 34.017 2.337
63.932 70.833 0.325
60.788 64.180 1.158
43.163 61.706 1.456
28.809 66.137 0.043
9.494 28.236 0.695
46.353 71.004 1.460
41.291 55.455 2.049
55.650 59.532 1.923
35.124 35.433 0.052
50.885 70.018 0.868
31.434 35.379 1.997
42.906 62.780 0.063
65.898 70.590 1.301
18.084 53.703 2.138
40.611 67.217 0.685
31.285 46.862 1.945
0.986 45.938 1.239
27.464 29.664 0.997
19.640 66.100 1.552
29.388 47.202 2.422
36.253 71.080 0.026
58.834 68.387 1.137
22.641 48.034 1.566
38.054 50.956 0.101
15.847 64.454 2.437
65.559 69.979 1.583
5.199 26.329 1.058
33.904 67.256 0.208
20.690 68.693 2.032
40.013 49.352 0.562
38.129 48.304 2.273
20.495 65.382 1.891
15.714 41.136 0.496
60.544 62.324 1.493
67.676 70.412 0.154
17.472 24.194 0.442
15.741 69.790 1.287
3.352 26.668 0.207
19.022 45.693 1.340
28.035 55.420 2.404
19.866 41.546 1.237
64.690 71.029 1.426
54.021 65.529 2.084
59.166 71.270 0.827
18.219 57.565 2.453
8.679 39.684 2.015
11.962 14.527 0.069
30.926 38.453 2.242
0.984 59.214 0.553
54.210 66.617 2.027
20.315 68.103 2.032
57.265 64.930 0.631
1.565 3.931 0.197
24.222 44.899 1.860
12.269 23.780 0.775
50.653 52.226 0.350
35.742 65.173 0.933
10.800 20.898 2.340
1.988 59.349 0.472
16.947 37.014 1.484
36.715 67.663 1.729
63.412 66.514 2.458
10.420 59.990 1.451
60.869 70.603 0.189
55.924 65.202 1.010
45.693 53.938 1.172
64.563 70.672 2.554
40.447 45.225 0.708
13.460 42.790 1.561
24.162 47.361 0.598
47.042 64.603 2.465
66.815 69.778 0.618
16.036 44.346 2.335
22.199 51.225 1.397
22.884 31.948 0.905
19.732 68.010 0.570
50.298 65.147 2.098
46.695 66.264 0.702
4.381 62.735 1.877
23.226 46.907 0.115
1.413 45.904 2.179
36.759 57.477 1.571
52.861 66.701 1.664
51.676 56.787 2.257
28.798 31.725 2.045
29.809 51.224 0.110
18.310 31.590 0.178
66.780 70.499 1.317
4.829 69.056 0.956
58.485 62.419 0.877
19.688 71.619 0.133
11.727 25.135 0.179
20.462 54.659 2.046
5.690 15.330 0.683
14.792 26.192 1.463
42.995 56.307 0.278
51.601 53.590 0.868
19.211 65.538 1.805
38.596 43.383 2.258
54.087 66.411 2.599
42.082 60.456 1.546
13.209 28.776 2.545
2.876 20.975 0.622
27.663 41.247 2.067
61.204 69.327 0.987
14.041 49.136 0.138
24.071 56.405 0.939
66.371 71.474 0.581
23.594 56.620 2.479
13.713 34.904 0.734
36.176 44.647 0.757
6.774 53.122 0.277
57.379 69.672 1.747
0.392 44.194 1.278
63.603 68.988 0.756
50.790 70.338 2.272
56.447 62.284 1.575
53.328 63.638 0.390
46.855 71.836 1.026
6.931 9.757 1.070
46.745 51.573 0.673
15.548 64.289 0.491
51.904 61.679 0.124
3.818 11.900 2.499
38.452 58.772 2.503
59.749 65.322 1.063
28.118 64.551 1.712
64.273 65.025 0.736
41.906 61.693 0.129
28.693 55.831 2.482
13.659 34.238 1.077
42.373 44.608 2.102
7.158 25.852 1.025
21.541 64.922 2.143
21.184 50.103 0.514
31.897 50.737 2.587
25.057 43.793 1.089
39.469 51.958 2.282
26.750 51.002 2.473
28.464 62.634 1.582
5.688 19.787 0.393
5.939 37.544 0.825
42.781 45.896 0.865
41.787 50.535 0.371
56.098 71.918 1.142
15.025 44.729 0.279
17.992 49.122 0.019
52.398 71.405 0.280
25.121 50.703 2.350
15.141 42.757 0.787
21.122 60.284 1.077
57.229 64.123 1.012
49.244 53.060 1.911
5.558 62.133 1.958
43.371 57.461 0.935
6.419 19.648 1.080
23.332 36.323 2.375
21.101 38.749 0.401
12.396 25.233 0.708
11.727 16.486 0.872
34.130 65.255 2.506
30.359 39.772 2.374
32.770 60.570 1.227
16.905 33.951 2.435
20.369 63.073 2.138
42.833 45.096 2.067
17.746 69.484 0.753
58.443 68.428 1.345
17.420 45.451 2.395
6.361 13.378 2.148
19.219 53.527 0.998
35.026 41.193 1.122
66.298 66.521 0.194
62.206 69.866 1.070
12.761 37.980 0.264
46.100 67.688 1.371
56.928 64.810 0.706
59.191 71.637 0.387
36.610 39.507 0.574
13.915 25.535 0.514
13.568 49.258 2.488
50.238 65.277 0.765
53.457 70.844 2.395
57.414 59.554 0.673
4.209 16.265 2.350
60.708 71.551 0.934
25.947 57.745 0.862
60.353 65.959 0.988
45.876 58.849 0.694
35.894 64.996 2.085
50.750 68.558 1.265
38.015 50.287 0.725
3.682 56.364 2.369
25.057 35.553 0.734
22.070 66.105 0.130
16.920 25.797 1.050
59.518 69.642 1.581
13.385 58.316 1.174
29.467 64.011 1.655
11.862 69.817 0.839
48.239 68.812 0.514
3.217 7.558 1.932
8.897 43.869 0.214
38.689 47.063 1.386
5.248 10.292 0.792
27.966 39.309 0.348
55.804 61.123 1.323
67.180 69.860 2.383
19.341 45.112 1.838
20.043 47.751 0.896
55.156 57.544 1.345
56.387 59.297 1.441
34.651 62.340 2.461
32.227 68.869 1.173
37.321 68.100 0.950
44.861 58.788 0.319
7.645 43.143 0.727
53.807 69.555 0.960
50.616 59.079 1.206
30.062 46.904 1.523
42.979 57.734 1.450
56.893 57.518 0.483
7.429 21.832 0.106
17.405 56.349 1.067
30.106 53.056 0.346
58.261 62.899 2.097
62.820 64.833 0.815
41.267 70.636 0.027
36.533 37.966 1.006
16.121 50.165 2.303
10.376 43.377 0.043
62.337 65.822 1.697
27.578 34.158 2.511
27.171 43.077 1.316
22.332 36.005 1.626
19.717 66.843 1.387
32.509 59.427 0.853
31.303 48.991 1.515
62.716 68.993 0.315
10.111 17.587 0.643
6.938 61.019 1.793
33.370 59.021 1.180
28.458 34.277 1.664
56.480 70.223 0.958
35.362 51.338 2.502
49.348 58.849 1.640
55.312 58.454 2.217
50.564 56.334 0.942
55.690 61.637 2.038
38.299 42.884 0.454
51.483 57.991 1.076
11.626 27.264 1.415
21.666 54.988 0.585
47.492 63.880 1.743
3.810 68.784 0.857
21.807 30.656 0.800
25.061 70.203 0.719
16.063 51.269 0.678
51.410 58.095 1.515
48.426 65.512 0.879
1.467 46.625 1.821
8.594 33.904 1.872
35.628 58.075 2.247
33.671 59.446 0.080
37.637 57.701 0.909
51.971 52.042 0.059
37.193 48.413 1.945
53.994 67.627 2.172
20.159 42.018 1.400
6.921 14.129 1.012
45.438 63.921 0.421
45.612 69.266 1.920
51.448 57.981 1.481
7.579 55.014 0.695
66.468 68.653 1.269
54.482 61.625 1.594
32.818 49.085 2.596
64.464 69.426 0.574
39.148 69.724 0.378
31.139 34.716 1.670
44.591 49.069 1.930
44.251 51.151 0.519
49.785 67.174 2.586
60.745 70.936 1.424
59.083 68.830 1.601
49.713 66.663 0.395
10.389 48.654 1.052
48.742 69.595 2.158
4.333 45.585 1.026
33.190 63.035 1.174
39.357 58.754 0.873
24.503 30.162 1.949
6.504 11.893 2.592
26.974 45.823 0.281
29.506 49.140 0.701
15.299 51.930 0.679
60.730 67.053 2.285
27.995 70.456 0.603
50.277 66.230 0.888
41.030 68.895 1.616
46.409 49.739 0.613
36.153 57.316 1.860
1.027 34.284 1.328
66.018 70.908 2.313
16.716 31.656 0.269
31.708 35.185 1.578
26.260 71.917 0.303
50.315 50.516 0.106
46.258 65.177 2.487
51.060 65.381 0.367
41.667 71.314 1.724
4.835 63.013 2.359
42.738 60.550 2.311
10.349 46.726 2.336
17.880 51.892 0.456
56.733 70.088 1.743
30.500 58.763 2.556
48.196 67.647 0.151
50.790 68.925 2.533
