0.065 11.821 1.409
42.055 49.027 1.463
18.215 48.880 2.240
38.823 52.780 0.435
36.946 43.328 1.284
0.779 20.685 0.229
7.660 54.462 0.415
23.176 23.621 0.298
0.463 29.901 0.945
29.702 45.653 1.504
8.644 30.451 1.658
18.310 40.662 0.143
40.733 49.113 2.007
15.701 44.857 2.190
49.707 53.628 2.314
7.402 19.486 1.155
44.836 52.876 0.524
43.870 54.997 2.492
31.798 38.695 0.981
15.459 18.448 2.100
19.545 43.630 0.232
2.923 50.773 0.022
14.346 38.528 0.682
35.942 50.360 2.094
25.217 47.499 0.513
24.360 53.500 1.145
38.711 48.577 0.271
20.032 42.045 1.838
29.765 34.356 0.903
11.705 46.675 1.063
26.889 48.631 2.475
17.969 42.455 0.422
25.579 46.214 0.159
26.250 53.569 0.369
7.362 41.065 2.263
15.759 19.512 1.066
50.264 52.436 1.708
45.617 51.937 2.054
9.950 46.846 0.445
24.714 40.169 0.389
38.065 43.530 1.014
29.575 49.209 1.706
37.540 40.730 1.188
19.126 22.399 2.087
26.885 39.819 1.657
5.443 51.291 2.373
28.576 41.498 0.865
19.499 32.195 2.117
23.717 54.479 0.680
15.486 38.701 1.848
10.191 48.111 1.903
20.678 51.368 1.252
1.428 33.166 2.487
2.626 13.861 1.328
43.838 51.715 1.567
10.288 17.648 2.105
5.716 22.469 1.858
48.936 51.450 0.715
7.294 47.413 1.833
36.816 50.783 1.501
13.142 13.570 0.361
3.172 47.659 2.016
10.950 35.448 0.289
0.741 25.558 0.284
39.115 48.531 1.715
3.842 15.044 1.092
36.203 44.821 0.726
12.086 35.616 1.445
32.691 44.137 0.400
50.078 54.761 1.739
9.877 18.615 0.840
51.749 54.996 1.144
5.070 11.199 1.563
22.762 26.539 2.329
46.520 49.008 0.725
39.991 43.842 1.027
32.660 43.577 1.510
24.250 44.314 1.495
44.449 51.819 2.072
37.487 44.941 1.414
9.582 35.616 1.845
47.065 49.056 0.607
31.446 45.941 1.746
18.268 22.357 1.236
38.519 49.324 1.530
35.938 40.492 2.011
29.954 52.977 2.169
31.965 34.701 1.819
34.724 42.784 2.441
29.598 34.648 0.765
5.645 47.980 2.173
38.704 44.292 0.387
4.126 36.804 0.192
42.640 48.932 1.363
21.267 37.371 0.747
26.063 35.669 0.382
38.376 52.255 0.785
49.872 54.190 2.183
15.603 22.675 2.360
3.418 31.410 1.962
31.701 35.602 2.390
45.533 49.691 1.635
5.450 17.678 1.263
15.095 38.122 2.300
34.466 44.725 0.286
19.715 47.965 1.242
26.482 46.405 0.956
27.672 39.388 1.516
0.306 7.401 1.770
32.399 44.605 2.158
38.862 45.766 1.242
40.839 46.784 1.382
49.697 51.932 1.577
19.461 45.961 0.329
49.489 51.130 1.530
17.152 41.395 0.140
6.845 48.753 2.118
31.038 51.764 1.804
0.763 39.250 0.316
32.092 34.110 0.544
8.784 25.571 1.560
16.609 42.297 0.919
41.724 49.670 2.017
31.777 52.890 1.995
7.530 27.574 1.575
13.192 48.995 0.341
3.441 33.459 1.070
15.719 25.640 1.370
16.190 47.603 0.277
7.005 44.981 0.711
46.552 53.341 1.974
31.992 51.831 0.903
11.882 23.438 2.159
12.977 54.383 1.356
2.798 30.284 0.204
22.194 30.859 0.237
46.360 48.123 0.582
6.505 12.532 2.329
2.449 20.225 0.147
47.564 51.348 0.997
49.201 53.274 2.093
43.789 49.292 1.734
13.476 35.306 0.011
49.650 51.696 0.997
30.449 47.444 0.638
49.155 54.478 1.089
0.373 34.171 2.352
40.880 44.128 1.442
11.561 12.700 0.958
21.732 43.757 0.206
44.465 53.040 0.162
34.428 51.282 1.729
27.567 32.953 1.714
35.854 51.149 1.820
1.616 36.795 2.172
36.741 46.916 0.214
49.291 50.967 0.147
7.549 37.901 2.454
15.197 31.284 2.306
36.116 39.522 0.547
12.508 50.975 1.304
5.534 28.644 2.257
4.166 14.518 1.955
50.669 54.690 1.940
10.953 12.256 1.142
39.033 45.665 0.285
16.179 20.062 2.482
13.108 23.840 0.473
7.982 49.788 1.551
48.832 53.749 0.489
33.569 53.202 1.642
23.684 45.257 2.303
7.840 35.384 1.591
21.946 40.897 2.358
30.086 37.445 1.341
20.642 22.743 0.876
41.353 42.769 0.491
20.250 24.086 1.477
10.279 39.233 0.390
23.625 45.962 1.511
22.947 36.690 1.711
43.457 46.946 1.481
49.372 52.909 2.190
51.348 54.667 0.463
29.871 46.047 1.105
36.843 42.117 0.124
13.530 50.766 1.019
36.930 53.311 1.821
20.465 51.776 0.994
16.047 38.689 0.970
18.385 46.143 1.834
38.292 42.211 1.849
10.409 40.968 0.681
47.379 51.767 0.920
5.688 17.509 2.269
26.934 40.161 1.637
35.757 37.496 0.226
3.940 22.116 0.070
15.976 23.038 1.743
20.532 43.878 0.170
37.697 49.858 0.497
32.017 45.266 1.637
5.112 8.883 1.363
50.678 54.905 1.160
37.849 49.935 1.327
36.026 43.968 0.930
2.598 13.164 2.024
3.163 43.995 0.776
11.048 32.765 0.805
0.476 28.708 1.100
31.509 42.066 1.896
18.190 52.998 2.107
32.412 35.980 2.493
29.268 40.544 2.159
15.933 17.668 0.711
31.854 33.244 0.978
1.614 47.578 1.139
48.712 53.559 1.005
31.803 52.362 2.021
30.295 33.617 1.488
41.245 49.842 1.156
30.651 50.783 1.423
34.983 36.038 0.859
13.900 24.095 0.854
40.093 53.181 0.929
6.076 37.519 1.814
46.485 51.258 0.458
46.904 54.786 1.950
10.263 46.394 2.254
49.577 54.638 2.122
32.693 46.633 0.464
13.780 44.129 0.627
40.982 51.111 0.427
25.009 49.237 0.204
44.478 47.929 0.312
29.813 49.288 1.182
9.977 54.785 1.819
0.798 38.786 1.619
9.055 21.819 0.180
35.185 47.145 2.097
19.304 29.100 1.949
33.188 38.111 0.579
50.494 51.285 0.704
39.999 41.066 0.380
0.481 35.895 0.871
17.849 33.927 1.036
4.715 40.288 1.363
17.576 50.572 1.644
27.845 30.659 1.425
24.220 37.730 0.650
44.894 46.887 1.216
29.422 49.727 1.774
44.940 49.391 2.126
44.948 52.863 1.612
43.089 53.720 1.914
47.233 52.378 2.281
22.889 34.430 0.269
42.799 45.759 1.069
0.044 42.928 1.644
3.314 23.385 0.225
35.562 40.265 2.019
7.429 23.974 0.121
0.965 36.822 2.446
2.790 36.901 2.285
22.449 30.386 0.053
20.381 47.806 1.635
1.187 10.416 2.065
32.982 54.659 1.376
24.098 33.766 0.537
40.672 48.003 0.856
31.617 54.640 0.256
39.303 46.672 0.377
37.005 51.521 2.497
33.366 53.918 1.553
35.784 46.996 0.725
15.100 43.918 1.371
12.815 34.290 1.367
49.507 54.103 1.675
32.415 50.679 1.114
38.768 44.056 2.472
32.733 46.829 2.275
47.756 51.947 1.264
23.385 53.248 2.223
9.512 19.249 0.630
37.986 49.503 2.353
2.150 5.523 1.603
28.930 41.320 1.361
3.191 11.982 2.490
31.247 35.456 0.126
34.332 41.431 0.831
33.986 43.557 1.026
11.525 20.175 1.696
25.872 49.504 1.269
22.624 33.623 0.011
19.547 48.934 0.321
38.132 49.778 2.228
33.831 49.711 1.286
38.333 47.375 2.393
18.890 51.584 0.280
42.704 45.053 1.137
45.211 47.423 1.903
21.667 26.107 2.340
8.573 14.467 0.528
30.738 45.851 0.296
30.165 48.797 1.726
47.614 50.993 1.674
42.061 54.970 0.945
40.171 43.124 0.511
20.189 40.604 0.453
10.172 20.645 2.400
19.850 24.765 0.760
10.304 44.799 0.116
39.574 41.800 2.203
23.328 48.926 1.066
23.990 47.538 1.237
12.402 17.622 1.399
47.945 54.311 2.235
3.101 36.355 1.227
38.855 44.391 1.890
47.315 50.434 1.980
28.748 42.517 0.128
41.099 43.151 1.760
38.051 53.665 1.383
45.528 49.805 1.992
20.537 23.490 1.205
33.902 50.118 0.002
39.322 42.212 0.549
2.991 6.313 1.677
17.985 47.881 1.745
22.686 44.117 2.454
15.355 50.169 1.192
4.123 11.626 0.252
7.437 23.707 2.295
19.439 23.037 2.035
42.339 53.768 0.600
13.338 22.538 0.673
11.928 49.874 2.115
46.160 52.371 2.112
2.127 12.196 0.434
18.507 26.176 1.123
46.512 51.856 1.558
47.407 53.307 1.306
51.965 54.919 2.423
43.691 48.154 0.367
14.787 53.956 0.427
38.574 40.818 1.792
33.542 49.870 2.032
42.545 51.586 0.312
19.504 52.136 1.625
46.263 53.039 0.080
23.341 30.593 0.019
21.760 52.340 0.391
26.088 48.051 0.607
47.139 47.908 0.534
40.101 48.647 0.571
41.932 47.689 2.130
28.024 51.800 2.479
33.637 51.107 0.569
19.294 21.428 0.917
29.187 33.155 0.995
16.896 26.368 2.248
48.890 54.126 0.313
46.485 49.243 1.114
33.007 47.258 1.400
22.030 50.526 0.041
7.260 21.672 0.669
35.446 54.253 1.404
31.576 42.615 1.971
42.556 45.843 1.849
26.859 27.106 0.050
38.912 53.507 0.835
24.038 27.424 1.920
32.810 47.972 0.060
50.392 54.014 1.251
13.829 41.178 2.056
31.055 51.373 0.659
23.923 36.063 1.870
0.754 35.183 1.191
21.002 22.873 0.959
15.019 50.531 1.492
22.473 36.367 2.329
27.723 54.298 0.025
44.990 52.322 1.094
17.314 36.857 1.506
29.100 38.957 0.098
12.118 49.305 2.343
50.134 53.609 1.522
3.975 20.260 1.018
25.926 51.385 0.200
15.822 52.502 1.954
30.598 37.803 0.541
29.157 37.259 2.186
15.673 49.996 1.818
12.016 31.485 0.477
46.298 47.943 1.436
51.752 53.820 0.148
13.361 18.571 0.425
12.037 53.323 1.237
2.563 20.401 0.199
14.546 35.048 1.289
21.438 42.533 2.312
15.192 31.893 1.189
49.469 54.313 1.371
41.310 50.242 2.004
45.244 54.455 0.795
13.932 44.114 2.358
6.637 30.528 1.937
9.147 11.120 0.067
23.649 29.779 2.156
0.752 45.253 0.532
41.455 51.040 1.949
15.535 52.056 1.954
43.791 49.685 0.607
1.197 3.042 0.189
18.523 34.527 1.788
9.382 18.298 0.745
38.735 39.999 0.337
27.332 49.826 0.897
8.259 16.373 2.250
1.520 45.353 0.454
12.959 28.475 1.427
28.077 51.735 1.662
48.491 51.291 2.363
7.968 45.884 1.395
46.547 53.944 0.181
42.765 49.918 0.971
34.942 41.396 1.127
49.372 54.137 2.455
30.930 34.697 0.681
10.293 32.851 1.501
18.477 36.251 0.575
35.973 49.522 2.370
51.094 53.389 0.594
12.262 34.120 2.245
16.976 39.256 1.344
17.499 24.569 0.870
15.089 51.962 0.548
38.463 49.925 2.018
35.708 50.660 0.675
3.350 47.975 1.804
17.761 35.853 0.111
1.081 35.230 2.095
28.110 44.053 1.510
40.423 51.065 1.600
39.517 43.790 2.170
22.022 24.653 1.966
22.795 39.153 0.105
14.002 24.169 0.171
51.067 53.975 1.266
3.693 52.759 0.919
44.724 47.849 0.844
15.056 54.710 0.127
8.968 19.235 0.172
15.647 41.901 1.967
4.351 11.831 0.657
11.312 20.255 1.406
32.879 43.062 0.267
39.460 41.139 0.835
14.691 50.111 1.736
29.514 33.579 2.171
41.361 50.934 2.499
32.180 46.320 1.487
10.101 22.376 2.447
2.200 16.116 0.598
21.154 31.822 1.987
46.803 53.025 0.949
10.737 37.550 0.132
18.407 43.155 0.903
50.754 54.616 0.559
18.042 43.422 2.384
10.487 26.764 0.706
27.664 34.245 0.727
5.180 40.597 0.267
43.878 53.292 1.680
0.300 33.859 1.228
48.637 52.778 0.727
38.839 53.773 2.185
43.165 47.826 1.515
40.780 48.668 0.375
35.830 54.876 0.987
5.300 7.665 1.029
35.746 39.538 0.647
11.890 49.125 0.473
39.692 47.151 0.119
2.920 9.545 2.403
29.405 45.119 2.406
45.690 50.053 1.022
21.502 49.374 1.646
49.150 49.869 0.708
32.046 47.147 0.124
21.941 42.853 2.386
10.445 26.302 1.036
32.403 34.523 2.021
5.473 19.899 0.986
16.473 49.658 2.061
16.200 38.325 0.494
24.392 39.062 2.488
19.161 33.598 1.047
30.182 40.010 2.194
20.456 39.211 2.378
21.767 47.920 1.521
4.350 15.181 0.378
4.542 28.768 0.793
32.715 35.249 0.832
31.955 38.681 0.357
42.899 54.939 1.098
11.490 34.200 0.268
13.759 37.532 0.018
40.069 54.549 0.269
19.210 38.963 2.260
11.578 32.749 0.757
16.152 46.104 1.036
43.764 49.124 0.973
37.657 40.912 1.837
4.250 47.522 1.883
33.166 44.010 0.899
4.908 15.186 1.038
17.842 28.123 2.283
16.136 29.663 0.386
9.479 19.394 0.681
