0.113 20.603 1.465
72.787 86.637 1.521
31.526 88.282 2.330
67.194 95.436 0.453
63.945 75.835 1.335
1.349 37.453 0.238
13.258 99.010 0.431
40.112 40.700 0.310
0.802 54.002 0.982
51.407 81.525 1.565
14.961 54.242 1.724
31.691 73.260 0.148
70.499 86.838 2.087
27.176 80.718 2.278
86.031 94.674 2.407
12.810 34.247 1.201
77.602 95.185 0.545
75.929 99.993 2.592
55.035 67.754 1.020
26.755 30.627 2.184
33.828 78.718 0.241
5.059 92.292 0.023
24.830 69.315 0.710
62.206 90.259 2.178
43.645 85.695 0.534
42.161 97.120 1.191
66.999 86.881 0.282
34.671 75.201 1.911
51.516 59.661 0.939
20.259 84.500 1.105
46.540 87.357 2.574
31.100 76.539 0.439
44.271 83.317 0.165
45.433 97.268 0.383
12.742 73.925 2.353
27.274 33.424 1.109
86.995 90.492 1.776
78.953 92.096 2.136
17.222 84.952 0.463
42.774 71.812 0.404
65.882 76.180 1.055
51.187 88.515 1.774
64.972 70.365 1.236
33.103 37.545 2.170
46.531 70.310 1.724
9.421 93.073 2.468
49.459 73.776 0.900
33.748 56.246 2.202
41.049 99.008 0.707
26.802 69.157 1.922
17.639 87.094 1.979
35.789 93.090 1.302
2.472 59.421 2.586
4.546 24.184 1.381
75.874 92.297 1.630
17.807 29.863 2.190
9.893 39.518 1.932
84.696 90.337 0.744
12.624 85.865 1.906
63.720 91.223 1.561
22.745 23.245 0.376
5.491 86.381 2.096
18.952 63.923 0.301
1.283 46.312 0.296
67.700 86.068 1.784
6.650 26.407 1.135
62.660 79.391 0.755
20.919 63.738 1.502
56.581 78.677 0.416
86.674 99.134 1.809
17.095 32.599 0.873
89.566 99.982 1.189
8.776 18.859 1.625
39.395 44.635 2.422
80.516 85.527 0.754
69.216 76.286 1.068
56.526 77.021 1.571
41.972 79.371 1.554
76.931 92.153 2.155
64.882 78.975 1.471
16.584 63.745 1.919
81.458 85.473 0.631
54.425 81.823 1.816
31.617 38.296 1.286
66.667 87.950 1.591
62.201 69.617 2.092
51.843 95.940 2.256
55.323 59.064 1.892
60.100 74.408 2.539
51.228 60.368 0.795
9.770 86.912 2.260
66.988 78.051 0.403
7.141 66.733 0.199
73.800 86.326 1.417
36.808 66.643 0.777
45.108 63.109 0.397
66.420 94.322 0.816
86.317 96.862 2.271
27.005 38.435 2.454
5.916 56.241 2.041
54.867 60.435 2.486
78.807 86.786 1.700
9.432 31.014 1.313
26.126 67.916 2.392
59.652 79.676 0.298
34.122 86.654 1.292
45.834 83.419 0.994
47.894 69.439 1.576
0.530 12.194 1.840
56.076 78.806 2.244
67.260 80.506 1.292
70.683 82.076 1.437
86.015 89.835 1.640
33.682 83.063 0.342
85.655 87.601 1.591
29.686 74.684 0.145
11.846 88.338 2.202
53.719 93.516 1.876
1.321 71.273 0.329
55.543 59.003 0.566
15.203 45.187 1.623
28.747 76.169 0.956
72.215 87.838 2.098
54.999 95.733 2.075
13.033 49.009 1.638
22.833 88.877 0.355
5.955 60.350 1.112
27.206 44.729 1.425
28.021 86.238 0.288
12.124 81.537 0.739
80.571 95.548 2.053
55.370 93.737 0.939
20.564 40.520 2.245
22.459 98.845 1.410
4.842 54.870 0.212
38.412 54.533 0.246
80.238 83.651 0.605
11.259 20.596 2.422
4.238 36.554 0.153
82.323 90.561 1.036
85.155 94.099 2.177
75.789 86.503 1.803
23.325 63.630 0.011
85.932 90.111 1.037
52.700 85.263 0.663
85.075 98.486 1.132
0.645 61.387 2.447
70.754 76.205 1.499
20.009 21.343 0.996
37.613 78.857 0.214
76.959 95.678 0.169
59.586 92.381 1.798
47.712 56.705 1.783
62.055 91.987 1.893
2.796 66.249 2.259
63.591 83.788 0.222
85.311 89.461 0.153
13.066 67.934 2.553
26.302 54.906 2.398
62.509 68.834 0.568
21.649 92.476 1.356
9.578 50.830 2.347
7.210 24.834 2.033
87.696 98.667 2.017
18.957 20.444 1.187
67.557 80.863 0.297
28.002 33.261 2.581
22.687 42.207 0.492
13.816 90.306 1.613
84.518 96.701 0.509
58.100 96.348 1.708
40.991 80.988 2.395
13.569 63.507 1.654
37.984 72.635 2.452
52.071 65.346 1.395
35.726 38.957 0.911
71.573 74.046 0.511
35.047 41.081 1.536
17.790 70.905 0.405
40.890 82.586 1.571
39.717 64.695 1.780
75.215 81.394 1.540
85.452 92.536 2.278
88.871 98.890 0.482
51.700 82.429 1.149
63.767 74.206 0.129
23.418 92.094 1.060
63.918 96.446 1.894
35.421 93.891 1.033
27.774 69.418 1.009
31.820 83.124 1.908
66.274 72.628 1.923
18.015 74.028 0.709
82.002 91.780 0.956
9.844 30.032 2.359
46.616 70.982 1.703
61.888 65.137 0.235
6.820 39.953 0.072
27.651 39.527 1.813
35.536 79.154 0.176
65.244 89.524 0.517
55.414 80.445 1.703
8.847 14.718 1.418
87.712 99.667 1.206
65.508 89.402 1.380
62.352 77.574 0.967
4.496 22.438 2.105
5.474 79.802 0.807
19.122 58.752 0.837
0.824 51.754 1.144
54.535 73.951 1.972
31.482 96.174 2.191
56.098 60.900 2.593
50.657 71.118 2.245
27.577 30.230 0.739
55.131 56.965 1.017
2.793 86.359 1.185
84.309 96.006 1.045
55.043 94.661 2.102
52.434 57.617 1.547
71.386 88.778 1.202
53.049 91.636 1.480
60.548 61.835 0.893
24.058 42.366 0.888
69.392 96.143 0.967
10.517 67.495 1.887
80.455 91.144 0.476
81.180 99.416 2.028
17.763 83.815 2.344
85.806 98.686 2.207
56.584 83.553 0.482
23.849 79.781 0.652
70.930 91.810 0.444
43.285 89.069 0.212
76.981 84.283 0.324
51.599 88.775 1.230
17.268 99.598 1.892
1.382 70.109 1.684
15.672 38.996 0.187
60.896 83.631 2.181
33.410 50.449 2.027
57.441 66.628 0.602
87.393 88.398 0.733
69.230 71.051 0.395
0.832 65.007 0.906
30.892 60.305 1.078
8.160 72.807 1.417
30.419 91.601 1.710
48.193 52.392 1.482
41.920 67.096 0.676
77.700 80.805 1.265
50.923 89.536 1.844
77.780 85.854 2.211
77.794 94.803 1.677
74.577 96.999 1.991
81.749 92.409 2.373
39.615 61.173 0.280
74.075 79.401 1.112
0.077 77.760 1.709
5.735 42.233 0.234
61.550 69.251 2.100
12.857 43.103 0.126
1.670 66.248 2.544
4.829 66.359 2.377
38.854 53.729 0.055
35.275 86.253 1.700
2.055 17.464 2.148
57.084 99.315 1.431
41.708 59.627 0.558
70.394 85.086 0.891
54.722 99.299 0.267
68.024 82.831 0.392
64.047 92.512 2.597
57.749 97.810 1.615
61.935 83.850 0.753
26.135 79.164 1.425
22.179 61.237 1.421
85.685 97.047 1.742
56.103 91.400 1.159
67.098 75.876 2.571
56.653 83.251 2.366
82.655 91.815 1.314
40.475 96.590 2.312
16.464 33.944 0.655
65.744 88.074 2.447
3.722 8.655 1.668
50.072 73.140 1.416
5.524 19.852 2.590
54.082 62.125 0.131
59.421 72.834 0.864
58.823 77.037 1.067
19.946 34.742 1.764
44.779 89.367 1.320
39.156 59.820 0.012
33.831 88.632 0.334
65.997 88.699 2.317
58.553 89.330 1.338
66.346 83.352 2.488
32.694 93.611 0.292
73.910 77.799 1.182
78.250 81.003 1.980
37.500 44.004 2.434
14.837 25.279 0.549
53.200 82.253 0.308
52.209 87.653 1.795
82.408 88.881 1.741
72.798 99.934 0.983
69.526 75.165 0.531
34.943 72.937 0.471
17.606 35.303 2.496
34.355 42.982 0.790
17.834 81.226 0.120
68.494 70.836 2.291
40.376 88.387 1.109
41.521 85.667 1.287
21.465 30.069 1.454
82.982 97.899 2.324
5.367 65.648 1.276
67.249 77.088 1.966
81.892 87.155 2.059
49.756 76.056 0.133
71.133 73.614 1.831
65.857 97.194 1.439
78.799 86.714 2.072
35.545 40.121 1.253
58.677 90.437 0.002
68.057 73.483 0.571
5.177 9.963 1.744
31.128 86.464 1.814
39.264 78.795 2.552
26.577 90.931 1.240
7.136 20.661 0.263
12.871 41.420 2.387
33.644 38.756 2.116
73.278 97.335 0.624
23.086 39.640 0.700
20.644 90.343 2.200
79.892 93.002 2.196
3.681 21.748 0.451
32.032 45.562 1.168
80.502 91.889 1.620
82.051 95.531 1.359
89.940 99.000 2.520
75.618 84.986 0.381
25.593 98.059 0.445
66.763 69.595 1.863
58.054 89.481 2.113
73.635 92.680 0.324
33.757 94.541 1.690
80.071 95.505 0.084
40.398 54.039 0.020
37.662 94.986 0.407
45.152 86.689 0.631
81.587 82.715 0.555
69.405 86.697 0.593
72.575 83.150 2.215
48.503 93.609 2.579
58.218 92.289 0.592
33.394 36.644 0.954
50.517 57.355 1.034
29.244 45.366 2.337
84.617 97.731 0.325
80.455 85.698 1.158
57.128 84.429 1.456
38.129 91.600 0.043
12.566 38.586 0.695
61.350 98.469 1.460
54.650 75.003 2.049
73.655 78.893 1.923
46.487 46.913 0.052
67.348 96.889 0.868
41.604 46.449 1.997
56.787 86.297 0.063
87.218 96.629 1.301
23.934 73.876 2.138
53.750 92.902 0.685
41.406 63.269 1.945
1.305 63.599 1.239
36.349 39.077 0.997
25.994 91.586 1.552
38.896 63.792 2.422
47.982 98.661 0.026
77.868 93.694 1.137
29.966 65.667 1.566
50.366 69.201 0.101
20.974 89.241 2.437
86.770 95.154 1.583
6.880 36.046 1.058
44.872 93.123 0.208
27.384 95.263 2.032
52.958 66.503 0.562
50.464 64.557 2.273
27.126 90.531 1.891
20.798 56.459 0.496
80.131 82.153 1.493
89.572 96.087 0.154
23.124 32.442 0.442
20.833 96.870 1.287
4.436 36.841 0.207
25.176 62.564 1.340
37.105 75.868 2.404
26.294 56.638 1.237
85.619 97.861 1.426
71.498 89.244 2.084
78.307 98.731 0.827
24.113 79.348 2.453
11.487 54.405 2.015
15.832 19.402 0.069
40.931 50.908 2.242
1.302 82.190 0.553
71.748 91.044 2.027
26.887 94.421 2.032
75.791 88.182 0.631
2.071 5.286 0.197
32.059 60.999 1.860
16.238 32.125 0.775
67.041 69.290 0.350
47.306 89.996 0.933
14.294 27.622 2.340
2.631 82.372 0.472
22.429 50.308 1.484
48.594 93.579 1.729
83.927 87.817 2.458
13.791 83.070 1.451
80.562 97.542 0.189
74.017 88.732 1.010
60.476 72.440 1.172
85.452 96.738 2.554
53.533 60.279 0.708
17.815 58.668 1.561
31.979 64.835 0.598
62.261 88.400 2.465
88.432 94.673 0.618
21.223 60.584 2.335
29.381 70.289 1.397
30.287 42.837 0.905
26.115 94.341 0.570
66.571 89.048 2.098
61.803 91.259 0.702
5.798 86.988 1.877
30.741 64.342 0.115
1.870 63.397 2.179
48.652 78.530 1.571
69.963 91.396 1.664
68.395 75.288 2.257
38.115 41.442 2.045
39.453 70.162 0.110
24.234 42.919 0.178
88.385 96.041 1.317
6.391 95.880 0.956
77.407 83.537 0.877
26.058 99.462 0.133
15.521 34.257 0.179
27.082 75.168 2.046
7.531 20.741 0.683
19.578 35.116 1.463
56.905 76.610 0.278
68.296 70.934 0.868
25.426 90.777 1.805
51.082 57.130 2.258
71.586 90.578 2.599
55.697 82.603 1.546
17.483 38.542 2.545
3.807 28.812 0.622
36.613 55.388 2.067
81.005 95.094 0.987
18.584 67.860 0.138
31.859 77.696 0.939
87.844 98.794 0.581
31.227 77.799 2.479
18.150 47.717 0.734
47.880 59.935 0.757
8.965 73.621 0.277
75.943 95.965 1.747
0.519 61.174 1.278
84.180 94.062 0.756
67.222 97.322 2.272
74.709 83.515 1.575
70.581 86.723 0.390
62.014 99.748 1.026
9.174 12.707 1.070
61.869 68.873 0.673
20.578 89.124 0.491
68.697 83.887 0.124
5.054 15.411 2.499
50.893 80.142 2.503
79.079 88.148 1.063
37.215 89.212 1.712
85.067 85.835 0.736
55.463 84.726 0.129
37.975 76.419 2.482
18.079 46.688 1.077
56.081 58.386 2.102
9.473 35.278 1.025
28.510 89.842 2.143
28.038 68.897 0.514
42.216 68.717 2.587
33.163 59.556 1.089
52.239 69.866 2.282
35.405 69.506 2.473
37.673 86.439 1.582
7.529 27.067 0.393
7.861 51.769 0.825
56.623 60.860 0.865
55.307 68.120 0.371
74.248 99.863 1.142
19.886 61.599 0.279
23.814 67.724 0.019
69.351 99.065 0.280
33.248 69.198 2.350
20.040 58.709 0.787
27.956 83.304 1.077
75.745 86.692 1.012
65.176 70.095 1.911
7.356 86.123 1.958
57.403 78.128 0.935
8.495 26.608 1.080
30.881 48.561 2.375
27.928 52.807 0.401
16.406 34.183 0.708
15.521 21.864 0.872
45.172 90.020 2.506
40.181 52.853 2.374
43.373 83.338 1.227
22.374 45.671 2.435
26.959 87.212 2.138
56.691 59.055 2.067
23.487 96.437 0.753
77.352 93.769 1.345
23.056 62.073 2.395
8.419 17.425 2.148
25.437 73.757 0.998
46.358 54.871 1.122
87.748 88.004 0.194
82.331 95.939 1.070
16.889 52.209 0.264
61.014 93.388 1.371
75.347 88.014 0.706
78.340 99.379 0.387
48.454 52.430 0.574
18.416 34.569 0.514
17.958 67.661 2.488
66.491 89.517 0.765
70.751 98.078 2.395
75.989 79.123 0.673
5.570 21.577 2.350
80.348 99.189 0.934
34.342 79.561 0.862
79.879 89.157 0.988
60.718 80.044 0.694
47.506 89.622 2.085
67.170 94.564 1.265
50.313 68.037 0.725
4.873 78.007 2.369
33.163 47.862 0.734
29.211 91.635 0.130
22.394 34.534 1.050
78.774 95.750 1.581
17.716 80.677 1.174
39.000 88.402 1.655
15.700 96.928 0.839
63.846 95.113 0.514
4.257 9.571 1.932
11.775 60.632 0.214
51.206 62.969 1.386
6.946 13.685 0.792
37.014 53.127 0.348
73.858 81.850 1.323
88.915 92.357 2.383
25.599 61.609 1.838
26.527 65.533 0.896
73.001 76.073 1.345
74.630 78.551 1.441
45.861 85.691 2.461
42.653 95.443 1.173
49.396 94.258 0.950
59.375 80.145 0.319
10.119 59.566 0.727
71.216 96.052 0.960
66.991 79.635 1.206
39.788 63.557 1.523
56.883 78.441 1.450
75.300 76.018 0.483
9.833 29.912 0.106
23.036 77.808 1.067
39.846 72.731 0.346
77.110 83.746 2.097
83.144 86.257 0.815
54.617 97.985 0.027
48.352 49.986 1.006
21.336 68.879 2.303
13.733 59.924 0.043
82.504 87.748 1.697
36.500 44.932 2.511
35.962 58.309 1.316
29.557 48.440 1.626
26.096 92.652 1.387
43.027 81.737 0.853
41.431 66.496 1.515
83.007 94.408 0.315
13.382 23.618 0.643
9.182 84.549 1.793
44.166 81.059 1.180
37.665 45.348 1.664
74.753 97.036 0.958
46.803 69.314 2.502
65.313 79.316 1.640
73.207 76.995 2.217
66.923 75.436 0.942
73.707 82.389 2.038
50.690 57.214 0.454
68.139 77.817 1.076
15.387 36.873 1.415
28.675 75.810 0.585
62.857 87.374 1.743
5.043 95.506 0.857
28.862 41.125 0.800
33.169 97.430 0.719
21.259 70.714 0.678
68.043 77.808 1.515
64.093 89.987 0.879
1.942 64.459 1.821
11.374 46.290 1.872
47.155 79.353 2.247
44.565 81.831 0.080
49.814 78.938 0.909
68.785 68.864 0.059
49.226 64.952 1.945
71.463 92.718 2.172
26.681 57.251 1.400
9.160 18.860 1.012
60.138 87.810 0.421
60.369 95.785 1.920
68.093 77.634 1.481
10.031 76.204 0.695
87.973 91.554 1.269
72.108 82.867 1.594
43.436 66.198 2.596
85.320 94.784 0.574
51.813 96.649 0.378
41.214 45.662 1.670
59.018 64.852 1.930
58.567 68.674 0.519
65.893 92.249 2.586
80.398 98.033 1.424
78.198 94.342 1.601
65.796 91.758 0.395
13.750 67.155 1.052
64.511 96.202 2.158
5.735 63.043 1.026
43.927 86.923 1.174
52.091 80.388 0.873
32.430 39.724 1.949
8.608 15.149 2.592
35.701 62.547 0.281
39.052 67.046 0.701
20.248 71.672 0.679
80.378 90.453 2.285
37.053 97.782 0.603
66.543 90.980 0.888
54.304 95.337 1.616
61.424 66.167 0.613
47.850 78.272 1.860
1.360 47.301 1.328
87.377 96.932 2.313
22.124 43.089 0.269
41.966 46.314 1.578
34.756 99.881 0.303
66.593 66.845 0.106
61.223 89.353 2.487
67.579 89.687 0.367
55.148 98.965 1.724
6.400 87.347 2.359
56.565 82.529 2.311
13.698 64.222 2.336
23.665 71.568 0.456
75.088 96.725 1.743
40.368 80.601 2.556
63.789 93.364 0.151
67.222 95.020 2.533
28.271 43.256 0.306
26.261 88.774 2.464
22.479 89.701 0.561
38.780 95.676 0.535
67.799 80.500 1.014
50.217 97.163 1.640
66.263 80.547 1.914
49.517 82.167 2.549
29.491 74.141 1.118
62.610 88.024 1.274
24.151 29.350 0.272
12.580 29.307 1.180
58.185 70.947 2.228
73.583 97.937 1.625
9.204 54.675 0.661
63.102 68.776 1.831
33.479 97.456 1.253
8.896 18.456 1.182
46.866 89.047 0.848
74.174 89.575 1.918
4.656 99.134 0.487
38.448 83.319 1.673
81.068 98.583 2.192
43.469 84.935 1.248
68.194 92.132 0.998
24.660 27.926 0.944
74.003 86.417 1.971
20.185 41.551 0.214
56.312 71.905 1.995
22.924 81.189 1.261
50.574 85.265 0.905
87.042 91.335 1.044
79.999 92.738 1.540
31.263 88.653 2.084
73.350 76.527 1.101
56.916 87.383 2.555
44.935 76.380 0.479
21.454 45.741 2.241
89.061 94.738 2.132
28.955 76.028 1.037
83.779 89.981 2.350
68.730 98.573 1.367
82.532 84.959 1.670
23.720 84.326 0.750
23.226 50.727 0.746
82.296 88.215 2.128
28.994 97.267 0.598
22.094 86.262 2.427
9.306 31.086 1.501
33.836 86.020 0.498
80.705 82.511 0.804
67.683 86.558 1.870
49.314 55.713 0.958
6.199 10.711 2.010
28.813 39.818 0.802
47.333 86.565 0.851
53.865 96.692 1.507
59.441 83.790 1.845
6.460 8.583 0.766
69.496 88.265 2.593
27.472 38.329 1.235
46.405 76.079 0.487
33.952 79.117 1.328
65.093 87.296 1.840
11.102 76.725 2.488
5.073 52.722 0.593
12.030 53.580 2.532
70.617 93.739 1.592
55.134 69.642 2.182
89.824 94.738 2.230
14.156 96.827 0.280
88.097 90.798 1.519
6.164 44.050 0.860
38.777 88.408 1.910
53.703 80.796 2.283
81.661 86.277 0.535
16.120 43.770 1.142
19.510 83.058 2.170
77.052 87.799 1.035
85.388 96.935 0.124
27.055 44.224 1.351
60.182 67.672 0.753
78.500 96.813 1.228
82.059 86.197 1.522
40.143 89.419 1.773
88.385 95.579 2.510
7.919 61.093 0.132
77.626 91.737 1.541
52.247 90.062 0.736
34.844 44.651 2.292
87.116 92.589 0.150
30.947 32.014 0.932
28.535 84.530 0.550
44.169 93.821 0.159
35.784 65.195 1.478
63.591 85.507 1.478
54.560 71.928 0.508
69.842 87.886 2.355
73.089 98.715 2.077
69.315 88.836 0.513
46.254 90.985 2.193
65.626 87.579 1.796
35.687 98.932 2.284
47.960 79.450 0.658
61.270 98.172 1.666
50.602 76.149 0.705
18.238 34.017 2.278
13.412 73.868 1.877
50.113 99.829 1.618
89.995 95.893 1.555
47.267 91.194 0.119
80.340 86.457 1.433
0.481 82.280 2.427
8.984 86.806 0.340
34.344 40.481 1.982
29.389 34.732 0.042
33.284 48.649 0.016
51.714 70.093 1.941
39.546 89.593 0.298
35.528 95.818 0.832
53.744 94.299 1.467
52.629 68.281 0.615
21.067 73.362 1.630
59.204 80.576 1.977
46.034 68.958 0.456
42.389 93.780 2.559
1.994 11.242 0.191
35.045 95.657 0.825
74.910 88.063 1.491
35.523 70.320 2.391
10.135 48.995 2.238
67.755 77.130 2.589
2.716 15.300 1.210
31.990 96.239 0.885
1.838 79.059 2.450
69.900 93.000 2.018
55.271 57.743 0.114
49.863 58.216 1.814
25.777 51.551 1.902
31.293 94.034 1.325
85.018 98.256 2.405
51.319 85.748 2.443
27.598 59.859 2.576
84.628 92.976 1.572
14.906 20.863 1.884
29.112 45.698 1.307
1.390 54.512 0.409
27.077 67.891 2.207
31.441 39.432 0.003
25.720 27.204 1.426
68.911 97.454 0.199
72.545 83.412 0.543
40.310 92.738 2.015
82.362 94.223 1.401
22.487 72.933 1.594
64.245 85.700 2.480
13.060 87.819 0.903
70.045 98.371 1.926
72.578 76.068 0.283
2.285 46.683 2.451
18.254 35.745 1.658
29.892 76.085 1.978
85.861 94.973 0.400
15.988 23.464 1.099
35.506 85.434 1.966
74.849 86.153 1.799
44.864 50.997 1.666
25.571 43.176 0.474
55.911 99.077 0.085
30.035 68.141 2.551
5.013 45.229 1.485
12.942 27.098 1.034
27.206 31.559 0.568
23.874 89.258 1.550
30.065 94.705 1.516
66.236 92.895 0.067
57.210 61.831 0.210
47.240 71.100 1.559
1.854 97.955 1.735
37.830 59.281 0.197
73.877 97.509 0.281
52.744 63.079 1.847
55.301 67.765 0.111
50.489 82.409 1.600
75.473 91.801 1.423
51.420 68.911 2.494
4.606 25.542 1.712
71.361 79.983 2.198
79.274 91.498 1.270
68.928 91.716 0.054
41.576 66.958 0.754
58.460 96.838 0.234
2.255 75.905 0.560
48.528 49.559 0.847
82.007 88.222 1.828
69.392 75.953 0.129
22.171 25.555 1.423
12.951 47.117 1.398
41.082 44.496 2.203
36.948 83.699 0.404
32.490 44.090 0.988
32.405 54.584 1.287
33.713 80.443 1.439
41.304 54.360 0.966
89.621 93.650 0.403
40.865 89.841 0.549
80.752 90.125 1.827
63.462 81.429 0.747
15.840 44.087 1.223
37.860 65.939 0.056
27.011 29.242 0.864
49.673 88.871 2.201
56.422 86.260 1.428
87.943 99.226 1.239
62.066 90.585 1.696
81.491 89.663 1.437
34.314 48.742 2.068
25.000 53.959 0.193
29.716 35.685 1.136
41.156 46.942 1.296
70.886 90.096 0.368
73.649 80.323 1.094
77.110 86.003 1.985
7.015 28.253 0.158
46.138 77.828 1.082
44.828 69.682 2.389
19.380 92.913 1.469
48.638 60.134 1.568
56.818 91.818 1.175
27.857 66.566 1.495
60.869 68.232 2.509
26.308 26.656 0.094
35.880 47.790 0.364
56.073 95.975 0.052
68.700 81.555 2.254
44.636 68.107 1.487
71.754 78.986 0.437
48.297 85.004 0.869
39.796 69.214 1.980
4.917 93.263 1.350
40.802 54.926 1.671
23.270 99.793 2.016
37.198 49.681 0.585
75.948 92.166 1.212
1.461 18.619 0.854
89.275 96.115 2.597
76.610 89.513 0.194
77.983 88.119 1.791
53.483 85.998 1.857
26.107 72.926 2.257
39.173 92.493 1.699
49.544 58.257 0.346
30.683 94.175 1.639
31.625 76.329 1.152
1.343 55.442 0.537
81.730 87.526 2.113
70.696 79.531 1.640
20.004 63.158 0.647
67.856 71.158 2.150
69.727 76.163 2.514
0.115 68.051 2.247
33.938 85.489 1.062
8.663 43.192 2.417
76.247 95.292 2.136
18.507 82.973 1.687
57.949 79.861 1.929
35.852 69.041 1.905
66.513 87.095 0.771
79.673 96.207 1.227
85.001 98.244 1.094
51.409 98.015 1.828
69.529 86.077 1.319
3.664 46.256 1.636
73.589 89.323 0.711
51.819 96.983 1.166
65.302 78.881 1.032
57.955 90.778 0.599
17.521 62.914 0.868
10.407 41.555 0.029
22.720 58.925 0.907
81.194 90.649 2.028
35.558 76.218 1.895
33.391 43.901 0.113
17.754 28.943 0.323
38.006 85.942 0.157
73.092 88.136 1.293
10.525 29.896 2.152
46.669 91.565 2.496
78.274 90.390 1.378
23.072 79.989 1.125
6.364 12.425 1.580
3.958 68.208 0.471
19.304 88.406 2.496
38.379 60.937 1.427
72.976 75.039 0.541
69.675 96.017 0.427
14.365 89.491 1.361
42.757 46.639 0.659
10.127 20.598 1.045
85.820 90.624 2.600
76.003 95.161 0.162
12.613 99.714 2.167
3.859 24.903 0.004
56.526 86.982 1.804
37.561 87.116 1.930
36.742 69.193 0.873
59.339 83.842 0.356
81.697 96.686 0.666
51.412 79.433 2.136
16.279 88.289 1.159
58.996 68.335 1.802
58.768 74.055 1.337
57.213 97.556 1.951
81.985 95.635 1.179
71.853 82.824 0.976
72.328 75.909 0.012
28.760 52.278 0.827
61.089 88.749 2.335
44.952 89.960 0.955
6.235 98.583 2.010
