0.055 10.175 1.296
35.585 41.762 1.346
15.413 41.769 2.061
32.851 45.061 0.400
31.262 36.868 1.181
0.659 17.682 0.210
6.482 46.539 0.382
19.610 20.011 0.274
0.392 25.579 0.869
25.132 38.953 1.384
7.314 26.042 1.525
15.493 34.691 0.131
34.466 41.869 1.846
13.286 38.336 2.015
42.060 45.705 2.129
6.263 16.662 1.063
37.939 45.110 0.482
37.121 46.998 2.293
26.906 32.918 0.903
13.080 15.772 1.932
16.538 37.236 0.213
2.473 43.386 0.020
12.139 32.893 0.628
30.412 42.990 1.927
21.337 40.545 0.472
20.612 45.712 1.053
32.755 41.388 0.249
16.950 35.911 1.691
25.186 29.197 0.831
9.905 39.881 0.978
22.753 41.541 2.277
15.205 36.237 0.389
21.643 39.431 0.146
22.211 45.767 0.339
6.229 35.118 2.082
13.334 16.615 0.981
42.531 44.546 1.571
38.599 44.279 1.890
8.419 40.022 0.409
20.912 34.236 0.358
32.209 37.016 0.933
25.025 42.018 1.569
31.764 34.597 1.093
16.184 19.118 1.920
22.749 33.960 1.525
4.606 43.839 2.183
24.180 35.365 0.796
16.499 27.495 1.948
20.068 46.552 0.625
13.103 33.068 1.700
8.624 41.119 1.751
17.497 43.886 1.152
1.209 28.406 2.288
2.222 11.897 1.222
37.094 44.102 1.442
8.705 15.126 1.937
4.837 19.251 1.709
41.407 43.725 0.658
6.172 40.527 1.686
31.152 43.343 1.381
11.120 11.510 0.332
2.684 40.742 1.854
9.265 30.259 0.266
0.627 21.847 0.262
33.098 41.373 1.578
3.251 12.887 1.004
30.634 38.157 0.668
10.227 30.433 1.329
27.662 37.594 0.368
42.374 46.772 1.600
8.358 15.884 0.773
43.788 46.996 1.052
4.290 9.624 1.438
19.260 22.642 2.142
39.363 41.615 0.667
33.839 37.251 0.945
27.635 37.143 1.390
20.520 37.830 1.375
37.611 44.192 1.906
31.720 38.265 1.301
8.108 30.453 1.697
39.824 41.633 0.559
26.608 39.197 1.607
15.457 19.039 1.137
32.593 42.065 1.408
30.409 34.458 1.850
25.346 45.261 1.996
27.047 29.511 1.674
29.382 36.470 2.246
25.045 29.444 0.703
4.776 41.015 1.999
32.750 37.648 0.356
3.491 31.443 0.176
36.080 41.667 1.254
17.995 31.866 0.687
22.053 30.350 0.351
32.472 44.607 0.722
42.199 46.232 2.009
13.203 19.398 2.171
2.892 26.889 1.805
26.824 30.322 2.199
38.528 42.276 1.504
4.611 15.135 1.162
12.773 32.587 2.116
29.163 38.082 0.263
16.682 40.971 1.143
22.408 39.605 0.879
23.415 33.579 1.394
0.259 6.427 1.628
27.415 38.051 1.985
32.883 38.957 1.143
34.556 39.817 1.271
42.052 44.120 1.451
16.467 39.239 0.303
41.876 43.387 1.408
14.513 35.325 0.129
5.792 41.673 1.948
26.263 44.214 1.660
0.646 33.545 0.291
27.154 28.931 0.500
7.432 21.870 1.435
14.054 36.118 0.845
35.305 42.342 1.856
26.889 45.183 1.836
6.372 23.587 1.449
11.163 41.856 0.314
2.911 28.609 0.984
13.301 21.878 1.261
13.699 40.656 0.254
5.927 38.436 0.654
39.390 45.516 1.816
27.070 44.262 0.831
10.054 20.061 1.986
10.980 46.473 1.248
2.367 25.874 0.187
18.779 26.244 0.218
39.228 40.824 0.535
5.504 10.800 2.143
2.072 17.276 0.135
40.247 43.690 0.917
41.631 45.396 1.926
37.052 41.969 1.595
11.403 30.117 0.010
42.011 43.910 0.917
25.765 40.475 0.587
41.592 46.516 1.002
0.316 29.261 2.164
34.591 37.496 1.326
9.782 10.819 0.881
18.389 37.334 0.189
37.624 45.257 0.149
29.131 43.788 1.590
23.326 28.058 1.577
30.338 43.669 1.674
1.367 31.489 1.998
31.089 39.960 0.197
41.708 43.261 0.135
6.388 32.425 2.258
12.859 26.749 2.122
30.560 33.548 0.503
10.584 43.559 1.199
4.682 24.534 2.076
3.525 12.483 1.799
42.873 46.696 1.785
9.268 10.456 1.050
33.028 38.839 0.262
13.690 17.170 2.283
11.092 20.313 0.435
6.754 42.550 1.427
41.320 45.848 0.450
28.405 45.448 1.511
20.040 38.658 2.119
6.634 30.254 1.464
18.570 34.935 2.169
25.457 31.876 1.234
17.466 19.324 0.806
34.991 36.255 0.452
17.134 20.515 1.359
8.697 33.505 0.359
19.990 39.246 1.390
19.417 31.304 1.574
36.772 39.903 1.362
41.776 45.048 2.015
43.448 46.674 0.426
25.276 39.283 1.017
31.175 35.775 0.114
11.449 43.377 0.938
31.249 45.537 1.675
17.317 44.234 0.914
13.579 33.031 0.893
15.557 39.423 1.687
32.401 35.898 1.701
8.808 34.996 0.627
40.090 44.075 0.846
4.813 15.043 2.087
22.790 34.252 1.506
30.256 31.780 0.208
3.334 18.880 0.064
13.518 19.670 1.604
17.373 37.444 0.156
31.897 42.519 0.457
27.091 38.608 1.506
4.325 7.635 1.254
42.881 46.908 1.067
32.026 42.598 1.221
30.483 37.425 0.856
2.198 11.342 1.862
2.676 37.601 0.714
9.349 27.978 0.740
0.403 24.565 1.012
26.662 35.864 1.745
15.391 45.289 1.938
27.426 30.643 2.294
24.766 34.583 1.986
13.482 15.013 0.654
26.953 28.209 0.900
1.366 40.666 1.048
41.218 45.675 0.924
26.910 44.729 1.859
25.634 28.583 1.369
34.900 42.482 1.063
25.935 43.366 1.309
29.601 30.561 0.790
11.762 20.544 0.786
33.925 45.410 0.855
5.142 32.087 1.669
39.334 43.635 0.421
39.688 46.808 1.794
8.684 39.658 2.074
41.950 46.660 1.952
27.663 39.756 0.427
11.660 37.690 0.576
34.677 43.587 0.393
21.161 42.038 0.187
37.635 40.713 0.287
25.226 42.078 1.088
8.442 46.817 1.674
0.675 33.175 1.490
7.662 18.599 0.166
29.772 40.217 1.930
16.334 24.840 1.793
28.082 32.377 0.533
42.726 43.457 0.648
33.846 34.796 0.349
0.407 30.693 0.802
15.103 28.945 0.953
3.990 34.443 1.254
14.872 43.211 1.512
23.561 26.067 1.311
20.494 32.150 0.598
37.987 39.796 1.119
24.896 42.465 1.632
38.026 42.038 1.956
38.033 45.105 1.483
36.460 45.876 1.761
39.966 44.641 2.099
19.367 29.310 0.248
36.214 38.863 0.984
0.038 36.708 1.512
2.804 19.976 0.207
30.091 34.268 1.858
6.286 20.451 0.111
0.816 31.519 2.250
2.361 31.579 2.103
18.995 25.826 0.048
17.246 40.838 1.504
1.004 9.009 1.900
27.908 46.706 1.266
20.391 28.738 0.494
34.415 40.873 0.788
26.753 46.689 0.236
33.256 39.718 0.347
31.312 43.994 2.297
28.233 46.066 1.429
30.279 40.051 0.667
12.777 37.519 1.261
10.843 29.293 1.257
41.890 46.162 1.541
27.428 43.268 1.025
32.804 37.518 2.275
27.697 39.966 2.093
40.409 44.228 1.163
19.788 45.500 2.045
8.049 16.418 0.580
32.142 42.241 2.165
1.820 4.803 1.475
24.480 35.225 1.252
2.700 10.358 2.291
26.440 30.088 0.116
29.050 35.245 0.765
28.758 37.097 0.944
9.752 17.252 1.561
21.892 42.277 1.168
19.143 28.607 0.010
16.539 41.791 0.296
32.265 42.476 2.050
28.626 42.427 1.183
32.436 40.396 2.201
15.984 44.067 0.258
36.134 38.247 1.046
38.255 40.280 1.751
18.333 22.283 2.153
7.254 12.330 0.486
26.009 39.091 0.272
25.524 41.661 1.588
40.288 43.372 1.540
35.590 46.974 0.870
33.991 36.600 0.470
17.083 34.639 0.417
8.607 17.700 2.208
16.796 21.060 0.699
8.719 38.265 0.106
33.486 35.532 2.026
19.739 41.784 0.981
20.299 40.594 1.138
10.494 15.047 1.287
40.569 46.374 2.056
2.624 31.087 1.129
32.877 37.783 1.739
40.036 42.884 1.822
24.325 36.222 0.118
34.776 36.651 1.620
32.197 45.839 1.273
38.524 42.386 1.833
17.377 19.985 1.108
28.687 42.762 0.002
33.272 35.824 0.505
2.531 5.477 1.542
15.218 40.909 1.605
19.196 37.690 2.258
12.993 42.865 1.097
3.489 9.919 0.232
6.292 20.319 2.111
16.448 19.657 1.872
35.825 45.915 0.552
11.286 19.206 0.620
10.093 42.624 1.946
39.058 44.656 1.943
1.799 10.431 0.399
15.660 22.302 1.033
39.357 44.183 1.433
40.114 45.469 1.202
43.970 46.894 2.229
36.969 40.936 0.337
12.512 46.105 0.393
32.640 34.681 1.648
28.382 42.577 1.869
36.000 43.988 0.287
16.503 44.547 1.495
39.146 45.238 0.074
19.750 25.993 0.017
18.413 44.715 0.360
22.075 41.017 0.559
39.887 40.591 0.491
33.932 41.438 0.525
35.481 40.611 1.960
23.713 44.256 2.281
28.462 43.628 0.524
16.326 18.213 0.844
24.697 28.174 0.915
14.297 22.537 2.068
41.368 46.195 0.288
39.334 41.834 1.025
27.929 40.314 1.288
18.641 43.152 0.038
6.143 18.508 0.615
29.993 46.353 1.291
26.718 36.338 1.813
36.009 38.971 1.701
22.727 22.943 0.046
32.926 45.698 0.768
20.340 23.363 1.766
27.763 40.908 0.056
42.640 46.058 1.151
11.701 35.195 1.891
26.278 43.867 0.606
20.243 30.767 1.721
0.638 30.092 1.096
17.771 19.436 0.882
12.708 43.177 1.373
19.016 31.055 2.143
23.458 46.394 0.023
38.069 44.620 1.006
14.650 31.473 1.385
24.623 33.142 0.090
10.254 42.141 2.156
42.421 45.677 1.400
3.364 17.337 0.936
21.938 43.885 0.184
13.388 44.865 1.797
25.891 32.145 0.497
24.672 31.763 2.011
13.262 42.723 1.672
10.168 26.867 0.439
39.175 40.683 1.321
43.791 45.830 0.136
11.305 15.795 0.391
10.185 45.566 1.138
2.169 17.428 0.183
12.308 29.931 1.186
18.140 36.335 2.127
12.855 27.224 1.094
41.858 46.359 1.261
34.955 42.847 1.844
38.284 46.514 0.732
11.789 37.708 2.170
5.616 26.125 1.782
7.740 9.433 0.061
20.011 25.398 1.983
0.636 38.676 0.489
35.077 43.541 1.793
13.145 44.484 1.797
37.054 42.294 0.558
1.012 2.602 0.174
15.673 29.482 1.645
7.939 15.612 0.685
32.775 33.896 0.310
23.127 42.546 0.825
6.988 14.059 2.070
1.286 38.760 0.417
10.965 24.323 1.313
23.757 44.194 1.529
41.031 43.604 2.174
6.742 39.215 1.283
39.386 46.049 0.167
36.186 42.524 0.893
29.566 35.217 1.037
41.776 46.194 2.259
26.171 29.464 0.626
8.709 28.078 1.381
15.634 30.917 0.529
30.439 42.271 2.181
43.233 45.433 0.546
10.376 29.180 2.065
14.364 33.523 1.236
14.807 20.920 0.801
12.767 44.397 0.504
32.546 42.596 1.856
30.215 43.232 0.621
2.835 41.010 1.660
