0.045 8.814 1.296
29.115 35.038 1.346
12.610 35.513 2.061
26.878 38.206 0.400
25.578 30.784 1.181
0.539 15.055 0.210
5.303 39.606 0.382
16.045 16.429 0.274
0.321 21.824 0.869
20.563 32.908 1.384
5.984 22.156 1.525
12.676 29.332 0.131
28.199 35.221 1.846
10.870 32.589 2.015
34.412 38.407 2.129
5.124 14.144 1.063
31.041 38.132 0.482
30.372 39.998 2.293
22.014 27.464 0.903
10.702 13.284 1.932
13.531 31.525 0.213
2.024 36.918 0.020
9.932 27.868 0.628
24.883 36.392 1.927
17.458 34.344 0.472
16.865 38.877 1.053
26.800 34.807 0.249
13.868 30.443 1.691
20.607 24.251 0.831
8.104 33.905 0.978
18.616 35.253 2.277
12.440 30.689 0.389
17.708 33.351 0.146
18.173 38.917 0.339
5.097 29.920 2.082
10.910 13.869 0.981
34.798 36.926 1.571
31.581 37.271 1.890
6.889 34.022 0.409
17.110 28.822 0.358
26.353 30.840 0.933
20.475 35.616 1.569
25.989 28.671 1.093
13.241 16.033 1.920
18.613 28.603 1.525
3.768 37.323 2.183
19.784 29.741 0.796
13.499 23.227 1.948
16.420 39.609 0.625
10.721 28.066 1.700
7.056 34.992 1.751
14.316 37.305 1.152
0.989 24.304 2.288
1.818 10.213 1.222
30.350 37.189 1.442
7.123 12.875 1.937
3.957 16.450 1.709
33.878 36.374 0.658
5.049 34.499 1.686
25.488 36.681 1.381
9.098 9.480 0.332
2.196 34.702 1.854
7.581 25.634 0.266
0.513 18.603 0.262
27.080 34.822 1.578
2.660 11.002 1.004
25.064 31.963 0.668
8.367 25.836 1.329
22.633 31.571 0.368
34.670 39.719 1.600
6.838 13.387 0.773
35.826 39.994 1.052
3.510 8.257 1.438
15.758 18.971 2.142
32.206 34.493 0.667
27.686 30.927 0.945
22.611 31.226 1.390
16.789 32.024 1.375
30.773 37.253 1.906
25.953 32.035 1.301
6.634 25.911 1.697
32.583 34.438 0.559
21.770 33.095 1.607
12.647 15.891 1.137
26.667 35.473 1.408
24.880 28.709 1.850
20.737 38.473 1.996
22.129 24.503 1.674
24.040 30.606 2.246
20.491 24.465 0.703
3.908 34.928 1.999
26.795 31.352 0.356
2.857 26.728 0.176
29.520 34.909 1.254
14.723 26.858 0.687
18.043 25.374 0.351
26.568 37.797 0.722
34.527 39.047 2.009
10.802 16.412 2.171
2.367 22.967 1.805
21.947 25.292 2.199
31.523 35.273 1.504
3.773 12.897 1.162
10.451 27.687 2.116
23.861 31.944 0.263
13.649 34.791 1.143
18.333 33.518 0.879
19.157 28.237 1.394
0.212 5.680 1.628
22.430 32.075 1.985
26.904 32.590 1.143
28.273 33.278 1.271
34.406 36.588 1.451
13.473 33.268 0.303
34.262 35.790 1.408
11.874 29.899 0.129
4.739 35.480 1.948
21.488 37.539 1.660
0.528 28.556 0.291
22.217 23.857 0.500
6.081 18.593 1.435
11.499 30.625 0.845
28.886 35.617 1.856
22.000 38.393 1.836
5.213 20.078 1.449
9.133 35.576 0.314
2.382 24.370 0.984
10.882 18.426 1.261
11.209 34.522 0.254
4.850 32.690 0.654
32.228 38.474 1.816
22.148 37.560 0.831
8.226 17.046 1.986
8.984 39.548 1.248
1.937 21.997 0.187
15.365 21.902 0.218
32.095 33.711 0.535
4.503 9.318 2.143
1.695 14.671 0.135
32.929 36.509 0.917
34.062 38.131 1.926
30.316 35.128 1.595
9.330 25.455 0.010
34.373 36.425 0.917
21.080 34.207 0.587
34.030 39.455 1.002
0.258 25.027 2.164
28.302 31.105 1.326
8.004 9.018 0.881
15.045 31.578 0.189
30.784 38.287 0.149
23.834 37.124 1.590
19.085 23.423 1.577
24.822 36.999 1.674
1.118 26.889 1.998
25.436 33.563 0.197
34.125 35.838 0.135
5.226 27.644 2.258
10.521 22.697 2.122
25.003 27.766 0.503
8.660 37.055 1.199
3.831 20.967 2.076
2.884 10.750 1.799
35.078 39.593 1.785
7.583 8.751 1.050
27.023 32.431 0.262
11.201 14.507 2.283
9.075 17.062 0.435
5.526 36.212 1.427
33.807 38.735 0.450
23.240 38.615 1.511
16.396 32.785 2.119
5.427 25.748 1.464
15.193 29.600 2.169
20.829 26.642 1.234
14.290 16.008 0.806
28.629 29.848 0.452
14.019 17.124 1.359
7.116 28.432 0.359
16.356 33.265 1.390
15.887 26.398 1.574
30.086 33.155 1.362
34.181 37.686 2.015
35.548 39.580 0.426
20.680 33.179 1.017
25.507 29.727 0.114
9.367 36.892 0.938
25.567 38.674 1.675
14.168 37.605 0.914
11.110 27.977 0.893
12.728 33.485 1.687
26.510 29.853 1.701
7.206 29.721 0.627
32.801 36.936 0.846
3.938 12.924 2.087
18.647 28.856 1.506
24.755 26.159 0.208
2.728 16.004 0.064
11.060 16.564 1.604
14.215 31.689 0.156
26.098 35.886 0.457
22.166 32.554 1.506
3.539 6.540 1.254
35.085 39.884 1.067
26.203 35.975 1.221
24.941 31.316 0.856
1.799 9.823 1.862
2.190 32.005 0.714
7.649 23.710 0.740
0.330 20.974 1.012
21.814 30.153 1.745
12.593 38.531 1.938
22.439 25.549 2.294
20.263 29.114 1.986
11.031 12.440 0.654
22.052 23.270 0.900
1.117 34.625 1.048
33.724 38.540 0.924
22.017 37.991 1.859
20.974 23.737 1.369
28.554 35.750 1.063
21.220 36.786 1.309
24.219 25.162 0.790
9.623 17.277 0.786
27.757 38.518 0.855
4.207 27.337 1.669
32.182 36.565 0.421
32.472 39.801 1.794
7.105 33.756 2.074
34.322 39.591 1.952
22.634 33.511 0.427
9.540 31.997 0.576
28.372 36.786 0.393
17.314 35.647 0.187
30.792 33.822 0.287
20.640 35.652 1.088
6.907 39.844 1.674
0.553 28.295 1.490
6.269 15.664 0.166
24.359 33.921 1.930
13.364 20.934 1.793
22.976 26.883 0.533
34.957 35.706 0.648
27.692 28.603 0.349
0.333 26.159 0.802
12.357 24.427 0.953
3.264 29.330 1.254
12.168 36.743 1.512
19.277 21.636 1.311
16.768 27.026 0.598
31.080 32.881 1.119
20.369 36.013 1.632
31.112 35.099 1.956
31.118 38.127 1.483
29.831 38.923 1.761
32.700 37.513 2.099
15.846 24.557 0.248
29.630 32.208 0.984
0.031 31.291 1.512
2.294 16.963 0.207
24.620 28.561 1.858
5.143 17.281 0.111
0.668 26.934 2.250
1.931 26.961 2.103
15.542 21.512 0.048
14.110 34.681 1.504
0.822 7.882 1.900
22.834 39.737 1.266
16.683 24.040 0.494
28.158 34.258 0.788
21.889 39.722 0.236
27.210 33.236 0.347
25.619 37.287 2.297
23.099 39.166 1.429
24.774 33.698 0.667
10.454 31.864 1.261
8.872 24.844 1.257
34.274 39.017 1.541
22.441 36.673 1.025
26.839 31.341 2.275
22.661 33.769 2.093
33.062 37.051 1.163
16.190 38.703 2.045
6.585 13.831 0.580
26.298 35.674 2.165
1.489 4.242 1.475
20.029 29.636 1.252
2.209 9.035 2.291
21.633 24.902 0.116
23.769 29.420 0.765
23.529 31.111 0.944
7.979 14.609 1.561
17.912 35.873 1.168
15.663 23.932 0.010
13.532 35.481 0.296
26.399 35.880 2.050
23.421 35.904 1.183
26.538 33.985 2.201
13.077 37.458 0.258
29.564 31.630 1.046
31.300 33.323 1.751
15.000 18.701 2.153
5.935 10.347 0.486
21.280 32.958 0.272
20.883 35.295 1.588
32.963 36.144 1.540
29.119 39.975 0.870
27.811 30.280 0.470
13.977 29.271 0.417
7.042 15.101 2.208
13.742 17.529 0.699
7.134 32.504 0.106
27.397 29.443 2.026
16.150 35.461 0.981
16.609 34.423 1.138
8.586 12.667 1.287
33.193 39.321 2.056
2.147 26.487 1.129
26.900 31.544 1.739
32.757 35.661 1.822
19.902 30.453 0.118
28.453 30.312 1.620
26.343 38.938 1.273
31.520 35.383 1.833
14.218 16.624 1.108
23.471 36.175 0.002
27.223 29.627 0.505
2.071 4.803 1.542
12.451 34.763 1.605
15.705 31.969 2.258
10.631 36.448 1.097
2.854 8.373 0.232
5.148 17.367 2.111
13.458 16.480 1.872
29.311 38.965 0.552
9.234 16.125 0.620
8.258 36.271 1.946
31.957 37.617 1.943
1.472 8.878 0.399
12.813 18.686 1.033
32.201 37.112 1.433
32.820 38.390 1.202
35.976 39.762 2.229
30.247 34.110 0.337
10.237 39.229 0.393
26.705 28.713 1.648
23.221 36.063 1.869
29.454 37.116 0.287
13.503 37.886 1.495
32.028 38.211 0.074
16.159 21.623 0.017
15.065 38.010 0.360
18.061 34.751 0.559
32.635 33.346 0.491
27.762 34.806 0.525
29.030 33.978 1.960
19.401 37.607 2.281
23.287 36.969 0.524
13.358 15.104 0.844
20.207 23.383 0.915
