1.474 7.419 1.476
7.241 8.345 0.486
4.838 9.021 1.397
2.810 4.378 0.989
5.926 9.538 1.224
5.529 7.714 1.609
4.608 10.588 1.735
4.918 6.573 1.455
5.342 8.462 1.953
4.554 6.180 0.612
0.868 9.751 1.738
5.955 7.812 0.310
0.635 7.334 0.153
6.560 9.152 1.090
3.272 7.189 0.597
4.010 6.474 0.305
5.904 10.226 0.628
7.673 10.565 1.747
2.400 5.142 1.888
0.526 6.767 1.570
4.877 7.094 1.912
7.005 9.178 1.308
0.838 3.927 1.010
2.322 7.931 1.840
5.302 8.225 0.229
3.033 9.559 0.994
4.074 9.079 0.765
4.257 7.655 1.213
0.047 2.422 1.416
4.985 8.819 1.726
5.979 8.503 0.994
6.283 8.678 1.106
7.646 9.277 1.262
2.994 9.012 0.263
7.614 8.898 1.224
2.639 8.024 0.112
1.053 9.880 1.694
4.775 10.302 1.443
0.117 7.895 0.253
4.937 5.743 0.435
1.351 5.464 1.248
2.555 8.386 0.735
6.419 9.595 1.614
4.889 10.551 1.596
1.158 5.872 1.260
2.030 9.741 0.273
0.529 6.898 0.856
2.418 5.203 1.096
2.491 9.409 0.221
1.078 9.018 0.568
7.162 10.421 1.579
4.922 10.232 0.722
1.828 5.263 1.727
1.996 10.880 1.085
0.430 6.053 0.163
3.414 5.518 0.189
7.132 8.096 0.466
1.001 3.516 1.863
0.377 4.028 0.117
7.318 9.363 0.797
7.569 10.182 1.674
6.737 9.268 1.387
2.073 6.769 0.009
7.638 9.054 0.797
4.684 9.166 0.510
7.562 10.718 0.871
0.057 7.390 1.882
6.289 7.949 1.153
1.779 2.581 0.766
3.343 8.452 0.164
6.841 10.239 0.130
5.297 10.148 1.383
4.241 6.382 1.371
5.516 10.105 1.456
0.249 7.796 1.737
5.653 8.681 0.171
7.583 8.608 0.118
1.161 8.007 1.964
2.338 6.688 1.845
5.556 6.774 0.437
