0.090 15.753 1.465
58.229 67.068 1.521
25.221 66.594 2.330
53.756 72.067 0.453
51.156 59.334 1.335
1.079 28.171 0.238
10.607 74.266 0.431
32.090 32.598 0.310
0.642 40.635 0.982
41.125 62.307 1.565
11.969 41.329 1.724
25.353 55.581 0.148
56.399 67.071 2.087
21.740 61.065 2.278
68.825 73.264 2.407
10.248 26.405 1.201
62.081 72.274 0.545
60.743 74.996 2.592
44.028 53.022 1.020
21.404 24.809 2.184
27.062 59.604 0.241
4.047 69.240 0.023
19.864 52.571 0.710
49.765 68.694 2.178
34.916 64.865 0.534
33.729 72.962 1.191
53.600 66.532 0.282
27.737 57.266 1.911
41.213 47.131 0.939
16.208 63.629 1.105
37.232 66.256 2.574
24.880 57.975 0.439
35.417 63.165 0.165
36.346 73.071 0.383
10.193 55.820 2.353
21.820 26.593 1.109
69.596 71.928 1.776
63.162 70.945 2.136
13.777 63.893 0.463
34.219 54.970 0.404
52.705 59.698 1.055
40.949 67.120 1.774
51.978 55.894 1.236
26.482 30.279 2.170
37.225 54.315 1.724
7.537 69.890 2.468
39.567 56.757 0.900
26.999 43.713 2.202
32.839 74.294 0.707
21.442 52.656 1.922
14.111 65.542 1.979
28.631 70.050 1.302
1.978 44.895 2.586
3.637 18.599 1.381
60.699 70.662 1.630
14.245 23.657 2.190
7.915 30.309 1.932
67.757 70.687 0.744
10.099 64.582 1.906
50.976 69.322 1.561
18.196 18.663 0.376
4.392 64.903 2.096
15.162 48.399 0.301
1.026 34.810 0.296
54.160 66.300 1.784
5.320 20.297 1.135
50.128 61.414 0.755
16.735 48.468 1.502
45.265 60.462 0.416
69.339 74.710 1.809
13.676 25.331 0.873
71.653 74.996 1.189
7.020 14.909 1.625
31.516 35.927 2.422
64.413 67.402 0.754
55.373 60.189 1.068
45.221 59.531 1.571
33.577 60.437 1.554
61.545 70.760 2.155
51.905 61.488 1.471
13.267 48.391 1.919
65.166 67.536 0.631
43.540 62.686 1.816
25.293 30.471 1.286
53.334 67.379 1.591
49.761 55.304 2.092
41.475 72.234 2.256
44.259 47.397 1.892
48.080 58.299 2.539
40.982 47.556 0.795
7.816 65.341 2.260
53.591 60.861 0.403
5.713 50.196 0.199
59.040 66.976 1.417
29.446 51.069 0.777
36.087 48.926 0.397
53.136 71.352 0.816
69.053 73.989 2.271
21.604 30.540 2.454
4.733 42.564 2.041
43.894 48.448 2.486
63.046 68.049 1.700
7.546 23.879 1.313
20.901 51.792 2.392
47.722 61.308 0.298
27.297 65.410 1.292
36.667 63.356 0.994
38.315 53.766 1.576
0.424 9.583 1.840
44.861 60.816 2.244
53.808 62.664 1.292
56.546 64.060 1.437
68.812 71.255 1.640
26.946 62.751 0.342
68.524 70.251 1.591
23.749 56.562 0.145
9.477 66.408 2.202
42.975 70.597 1.876
1.057 53.498 0.329
44.434 46.979 0.566
12.162 34.658 1.623
22.997 57.695 0.956
57.772 67.837 2.098
43.999 72.125 2.075
10.426 37.391 1.638
18.266 66.836 0.355
4.764 45.508 1.112
21.765 34.876 1.425
22.417 64.961 0.288
9.699 61.320 0.739
64.457 72.825 2.053
44.296 70.733 0.939
16.451 31.615 2.245
17.968 74.156 1.410
3.874 41.293 0.212
30.730 42.369 0.246
64.191 66.291 0.605
9.007 16.522 2.422
3.390 27.582 0.153
65.858 70.403 1.036
68.124 72.811 2.177
60.631 67.431 1.803
18.660 48.277 0.011
68.746 71.040 1.037
42.160 64.833 0.663
68.060 74.362 1.132
0.516 46.297 2.447
56.603 60.509 1.499
16.008 17.251 0.996
30.090 59.800 0.214
61.567 72.494 0.169
47.669 69.962 1.798
38.170 44.956 1.783
49.644 69.785 1.893
2.237 49.937 2.259
50.873 64.290 0.222
68.249 70.216 0.153
10.453 51.441 2.553
21.042 42.390 2.398
50.007 54.384 0.568
17.319 69.496 1.356
7.662 38.717 2.347
5.768 19.345 2.033
70.156 74.634 2.017
15.166 16.573 1.187
54.046 62.702 0.297
22.402 26.912 2.581
18.150 32.601 0.492
11.053 67.855 1.613
67.614 73.485 0.509
46.480 72.564 1.708
32.793 61.630 2.395
10.855 48.100 1.654
30.387 55.630 2.452
41.657 51.208 1.395
28.581 31.158 0.911
57.258 58.980 0.511
28.038 32.796 1.536
14.232 53.531 0.405
32.712 62.677 1.571
31.773 49.988 1.780
60.172 64.364 1.540
68.361 72.347 2.278
71.097 74.643 0.482
41.360 62.892 1.149
51.013 57.955 0.129
18.734 69.221 1.060
51.134 72.716 1.894
28.337 70.613 1.033
22.219 52.768 1.009
25.456 62.870 1.908
53.019 57.736 1.923
14.412 55.865 0.709
65.601 70.928 0.956
7.875 23.387 2.359
37.293 54.784 1.703
49.510 51.755 0.235
5.456 30.196 0.072
22.121 31.219 1.813
28.429 59.956 0.176
52.195 68.180 0.517
44.331 61.791 1.703
7.078 11.796 1.418
70.170 74.891 1.206
52.406 68.210 1.380
49.882 60.235 0.967
3.597 17.453 2.105
4.379 59.954 0.807
15.298 44.665 0.837
0.659 38.977 1.144
43.628 57.392 1.972
25.186 72.253 2.191
44.878 48.943 2.593
40.525 55.236 2.245
22.061 24.194 0.739
44.105 45.678 1.017
2.235 64.831 1.185
67.447 73.225 1.045
44.035 71.404 2.102
41.947 45.983 1.547
57.109 68.168 1.202
42.439 69.283 1.480
48.438 49.594 0.893
19.246 32.868 0.888
55.513 72.590 0.967
8.414 50.992 1.887
64.364 70.281 0.476
64.944 74.721 2.028
14.210 63.160 2.344
68.645 74.545 2.207
45.267 63.795 0.482
19.079 60.199 0.652
56.744 69.904 0.444
34.628 67.231 0.212
61.585 65.934 0.324
41.279 67.269 1.230
13.815 74.705 1.892
1.105 52.733 1.684
12.538 29.849 0.187
48.717 64.315 2.181
26.728 39.508 2.027
45.953 52.375 0.602
69.915 70.747 0.733
55.384 56.681 0.395
0.666 48.851 0.906
24.713 46.288 1.078
6.528 54.835 1.417
24.335 68.942 1.710
38.554 41.924 1.482
33.536 51.620 0.676
62.160 64.437 1.265
40.739 67.819 1.844
62.224 67.531 2.211
62.235 72.193 1.677
59.662 73.290 1.991
65.399 71.545 2.373
31.692 47.205 0.280
59.260 62.856 1.112
0.062 58.417 1.709
4.588 31.887 0.234
49.240 54.986 2.100
10.286 32.768 0.126
1.336 49.940 2.544
3.863 50.072 2.377
31.083 41.779 0.055
28.220 65.168 1.700
1.644 13.649 2.148
45.667 74.539 1.431
33.366 46.276 0.558
56.315 65.758 0.891
43.777 74.518 0.267
54.419 64.026 0.392
51.237 70.248 2.597
46.199 73.535 1.615
49.548 64.309 0.753
20.908 59.851 1.425
17.743 46.671 1.421
68.548 73.894 1.742
44.883 69.172 1.159
53.679 60.087 2.571
45.322 63.837 2.366
66.124 71.139 1.314
32.380 72.598 2.312
13.171 26.245 0.655
52.595 67.517 2.447
2.977 7.073 1.668
40.057 56.437 1.416
4.419 15.694 2.590
43.265 48.857 0.131
47.537 56.805 0.864
47.058 59.614 1.067
15.957 27.255 1.764
35.823 67.532 1.320
31.325 46.160 0.012
27.065 66.781 0.334
52.798 67.907 2.317
46.843 67.865 1.338
53.077 64.618 2.488
26.155 70.371 0.292
59.128 61.907 1.182
62.600 64.987 1.980
30.000 35.318 2.434
11.870 19.736 0.549
42.560 62.734 0.308
41.767 66.561 1.795
65.927 69.857 1.741
58.238 74.961 0.983
55.621 59.367 0.531
27.954 55.484 0.471
14.085 27.696 2.496
27.484 33.920 0.790
14.267 61.130 0.120
54.795 57.117 2.291
32.301 66.746 1.109
33.217 64.851 1.287
17.172 23.855 1.454
66.386 74.101 2.324
4.294 49.452 1.276
53.799 60.684 1.966
65.513 69.055 2.059
39.805 58.246 0.133
56.907 59.128 1.831
52.685 73.209 1.439
63.039 68.132 2.072
28.436 32.071 1.253
46.942 68.507 0.002
54.446 58.109 0.571
4.142 8.145 1.744
24.902 65.254 1.814
31.411 60.044 2.552
21.261 68.404 1.240
5.709 15.858 0.263
10.297 31.922 2.387
26.915 31.175 2.116
58.623 73.391 0.624
18.469 30.783 0.700
16.515 67.956 2.200
63.914 71.527 2.196
2.944 16.553 0.451
25.625 35.715 1.168
64.402 70.927 1.620
65.641 72.845 1.359
71.952 74.930 2.520
60.495 66.164 0.381
20.475 73.581 0.445
53.411 55.883 1.863
46.443 68.017 2.113
58.908 70.568 0.324
27.005 71.084 1.690
64.057 72.540 0.084
32.318 42.091 0.020
30.130 71.400 0.407
36.122 65.610 0.631
65.270 66.119 0.555
55.524 66.628 0.593
58.060 65.158 2.215
38.803 70.608 2.579
46.575 69.790 0.592
26.715 29.324 0.954
40.413 45.467 1.034
23.395 35.659 2.337
67.693 73.948 0.325
64.364 67.628 1.158
45.702 64.533 1.456
30.503 68.960 0.043
10.053 29.508 0.695
49.080 73.993 1.460
43.720 58.126 2.049
58.924 62.768 1.923
37.190 37.506 0.052
53.879 73.018 0.868
33.283 37.286 1.997
45.430 65.629 0.063
69.774 73.848 1.301
19.148 56.019 2.138
43.000 70.122 0.685
33.125 49.110 1.945
1.044 47.839 1.239
29.080 31.318 0.997
20.796 68.886 1.552
31.116 49.417 2.422
38.385 74.058 0.026
62.294 71.525 1.137
23.973 50.198 1.566
40.292 53.482 0.101
16.779 67.164 2.437
69.416 73.335 1.583
5.504 27.457 1.058
35.898 70.130 0.208
21.907 71.573 2.032
42.367 51.887 0.562
40.372 50.736 2.273
21.701 68.142 1.891
16.638 42.988 0.496
64.105 65.869 1.493
71.657 73.786 0.154
18.499 25.451 0.442
16.667 72.707 1.287
3.549 27.812 0.207
20.141 47.735 1.340
29.684 57.881 2.404
21.035 43.450 1.237
68.495 74.162 1.426
57.199 68.601 2.084
62.646 74.299 0.827
19.290 60.023 2.453
9.189 41.372 2.015
12.665 15.327 0.069
32.745 40.433 2.242
1.042 61.680 0.553
57.399 69.681 2.027
21.510 70.961 2.032
60.633 68.115 0.631
1.657 4.113 0.197
25.647 46.970 1.860
12.991 24.916 0.775
53.632 55.207 0.350
37.845 67.999 0.933
11.435 21.845 2.340
2.105 61.825 0.472
17.943 38.706 1.484
38.875 70.554 1.729
67.142 70.168 2.458
11.033 62.513 1.451
64.450 73.677 0.189
59.214 68.332 1.010
48.381 56.714 1.172
68.361 73.889 2.554
42.826 47.686 0.708
14.252 44.658 1.561
25.584 49.538 0.598
49.809 67.526 2.465
70.745 73.231 0.618
16.979 46.286 2.335
23.505 53.497 1.397
24.230 33.574 0.905
20.892 70.868 0.570
53.257 68.133 2.098
49.442 69.205 0.702
4.639 65.348 1.877
24.593 49.064 0.115
1.496 47.791 2.179
38.921 60.116 1.571
55.970 69.734 1.664
54.716 59.821 2.257
30.492 33.447 2.045
31.562 53.609 0.110
19.387 33.138 0.178
70.708 73.856 1.317
5.113 71.935 0.956
61.925 65.753 0.877
20.846 74.606 0.133
12.417 26.333 0.179
21.666 57.029 2.046
6.025 16.029 0.683
15.663 27.442 1.463
45.524 59.050 0.278
54.637 56.624 0.868
20.341 68.301 1.805
40.866 45.713 2.258
57.269 69.477 2.599
44.558 63.243 1.546
13.986 30.067 2.545
3.046 21.867 0.622
29.290 43.249 2.067
64.804 72.491 0.987
14.867 51.276 0.138
25.487 58.879 0.939
70.275 74.568 0.581
24.981 59.080 2.479
14.520 36.491 0.734
38.304 46.966 0.757
7.172 55.366 0.277
60.754 72.740 1.747
0.415 46.017 1.278
67.344 72.280 0.756
53.778 73.337 2.272
59.767 65.507 1.575
56.465 66.701 0.390
49.611 74.834 1.026
7.339 10.236 1.070
49.495 54.365 0.673
16.462 67.002 0.491
54.957 64.707 0.124
4.043 12.361 2.499
40.714 61.457 2.503
63.263 68.629 1.063
29.772 67.313 1.712
68.054 68.804 0.736
44.371 64.509 0.129
30.380 58.312 2.482
14.463 35.790 1.077
44.865 47.103 2.102
7.579 26.987 1.025
22.808 67.668 2.143
22.430 52.339 0.514
33.773 53.101 2.587
26.531 45.855 1.089
41.791 54.508 2.282
28.324 53.302 2.473
30.139 65.338 1.582
6.023 20.676 0.393
6.289 39.144 0.825
45.298 48.450 0.865
44.245 53.146 0.371
59.398 74.919 1.142
15.909 46.711 0.279
19.051 51.300 0.019
55.480 74.408 0.280
26.599 52.974 2.350
16.032 44.657 0.787
22.364 62.870 1.077
60.596 67.332 1.012
52.141 55.966 1.911
5.884 64.724 1.958
45.922 60.226 0.935
6.796 20.520 1.080
24.705 38.068 2.375
22.342 40.591 0.401
13.125 26.429 0.708
12.417 17.327 0.872
36.137 68.065 2.506
32.145 41.775 2.374
34.698 63.248 1.227
17.899 35.501 2.435
21.567 65.748 2.138
45.353 47.619 2.067
18.789 72.392 0.753
61.881 71.556 1.345
18.444 47.446 2.395
6.735 13.953 2.148
20.349 55.861 0.998
37.087 43.386 1.122
70.198 70.416 0.194
65.865 73.027 1.070
13.511 39.682 0.264
48.812 70.637 1.371
60.277 67.984 0.706
62.672 74.651 0.387
38.763 41.717 0.574
14.733 26.774 0.514
14.366 51.363 2.488
53.193 68.263 0.765
56.601 73.855 2.395
60.791 62.892 0.673
4.456 16.921 2.350
64.279 74.576 0.934
27.473 60.280 0.862
63.903 69.271 0.988
48.574 61.693 0.694
38.005 67.813 2.085
53.736 71.556 1.265
40.251 52.788 0.725
3.898 58.704 2.369
26.531 37.349 0.734
23.369 68.903 0.130
17.915 27.083 1.050
63.020 72.750 1.581
14.173 60.789 1.174
31.200 66.763 1.655
12.560 72.733 0.839
51.077 71.790 0.514
3.406 7.849 1.932
9.420 45.761 0.214
40.965 49.497 1.386
5.557 10.774 0.792
29.611 41.295 0.348
59.086 64.330 1.323
71.132 73.696 2.383
20.479 47.127 1.838
21.222 49.886 0.896
58.401 60.772 1.345
59.704 62.581 1.441
36.689 65.073 2.461
34.122 71.779 1.173
39.517 71.007 0.950
47.500 61.610 0.319
8.095 44.986 0.727
56.972 72.578 0.960
53.593 62.064 1.206
31.831 49.139 1.523
45.507 60.490 1.450
60.240 60.861 0.483
7.866 22.837 0.106
18.429 58.771 1.067
31.877 55.496 0.346
61.688 66.233 2.097
66.515 68.429 0.815
43.694 73.610 0.027
38.682 40.125 1.006
17.069 52.329 2.303
10.987 45.267 0.043
66.003 69.339 1.697
29.200 35.914 2.511
28.770 45.146 1.316
23.645 37.742 1.626
20.877 69.657 1.387
34.421 62.073 0.853
33.145 51.311 1.515
66.406 72.224 0.315
10.705 18.451 0.643
7.346 63.569 1.793
35.333 61.662 1.180
30.132 36.082 1.664
59.803 73.262 0.958
37.443 53.781 2.502
52.250 61.788 1.640
58.566 61.691 2.217
53.538 59.315 0.942
58.965 64.837 2.038
40.552 45.229 0.454
54.511 61.012 1.076
12.309 28.507 1.415
22.940 57.398 0.585
50.286 66.807 1.743
4.034 71.651 0.857
23.090 32.219 0.800
26.535 73.144 0.719
17.007 53.498 0.678
54.435 61.113 1.515
51.275 68.469 0.879
1.554 48.549 1.821
9.099 35.360 1.872
37.724 60.706 2.247
35.652 62.111 0.080
39.851 60.365 0.909
55.028 55.099 0.059
39.381 50.830 1.945
57.170 70.675 2.172
21.345 43.939 1.400
7.328 14.787 1.012
48.111 66.820 0.421
48.295 72.230 1.920
54.474 61.000 1.481
8.025 57.333 0.695
70.378 72.368 1.269
57.687 64.759 1.594
34.749 51.415 2.596
68.256 72.719 0.574
41.450 72.675 0.378
32.971 36.604 1.670
47.214 51.729 1.930
46.854 53.847 0.519
52.714 70.156 2.586
64.318 73.998 1.424
62.558 71.964 1.601
52.637 69.645 0.395
11.000 50.733 1.052
51.609 72.580 2.158
4.588 47.497 1.026
35.142 65.785 1.174
41.672 61.468 0.873
25.944 31.730 1.949
6.886 12.392 2.592
28.561 47.996 0.281
31.242 51.449 0.701
16.199 54.177 0.679
64.303 70.368 2.285
29.642 73.407 0.603
53.235 69.218 0.888
43.443 71.833 1.616
49.139 52.499 0.613
38.280 59.939 1.860
1.088 35.692 1.328
69.902 74.171 2.313
17.700 33.177 0.269
33.573 37.106 1.578
27.805 74.914 0.303
53.274 53.476 0.106
48.979 68.096 2.487
54.063 68.382 0.367
44.118 74.301 1.724
5.120 65.636 2.359
45.252 63.344 2.311
10.958 48.707 2.336
18.932 54.162 0.456
60.071 73.136 1.743
32.294 61.354 2.556
51.031 70.617 0.151
53.778 71.923 2.533
22.617 33.625 0.306
21.009 66.884 2.464
17.983 67.445 0.561
31.024 71.904 0.535
54.239 62.653 1.014
40.174 73.044 1.640
53.011 62.728 1.914
39.614 62.784 2.549
23.593 56.259 1.118
50.088 67.161 1.274
19.321 23.205 0.272
10.064 22.738 1.180
46.548 55.754 2.228
58.867 73.793 1.625
7.363 41.321 0.661
50.482 54.799 1.831
26.783 73.170 1.253
7.117 14.514 1.182
37.493 67.321 0.848
59.339 69.008 1.918
3.724 74.354 0.487
30.758 63.141 1.673
64.854 74.327 2.192
34.775 64.379 1.248
54.555 70.034 0.998
19.728 22.367 0.944
59.203 67.183 1.971
16.148 31.944 0.214
45.050 56.162 1.995
18.339 61.254 1.261
40.459 64.785 0.905
69.633 71.856 1.044
64.000 71.278 1.540
25.010 66.845 2.084
58.680 61.018 1.101
45.533 66.622 2.555
35.948 58.309 0.479
17.163 35.467 2.241
71.249 74.032 2.132
23.164 57.605 1.037
